 #*EXTRAS*# Step:           0  Bead:     43  
{"friction": [[0.00010715217792801399, -3.923464312552263e-05, -3.921096682771662e-05], [-3.923464312552263e-05, 0.00010714750227249788, -3.92473297219389e-05], [-3.921096682771662e-05, -3.92473297219389e-05, 0.00010711974146902487]]}
 #*EXTRAS*# Step:           1  Bead:     43  
{"friction": [[0.00010948025470431537, -4.118054066676035e-05, -4.124058528015529e-05], [-4.118054066676035e-05, 0.00010950251734778074, -4.1212593281823386e-05], [-4.124058528015529e-05, -4.1212593281823386e-05, 0.0001095532834096008]]}
 #*EXTRAS*# Step:           2  Bead:     43  
{"friction": [[0.0001113125816801122, -4.2431425110308745e-05, -4.2501269026520284e-05], [-4.2431425110308745e-05, 0.00011131396573999718, -4.248104440444911e-05], [-4.2501269026520284e-05, -4.248104440444911e-05, 0.00011138309191497685]]}
 #*EXTRAS*# Step:           3  Bead:     43  
{"friction": [[0.00011189285520231655, -4.278467499741953e-05, -4.283199771331931e-05], [-4.278467499741953e-05, 0.00011186318356606287, -4.2813377530400325e-05], [-4.283199771331931e-05, -4.2813377530400325e-05, 0.00011195638782515919]]}
 #*EXTRAS*# Step:           4  Bead:     43  
{"friction": [[0.0001123053936830362, -4.302485797551433e-05, -4.304650438206026e-05], [-4.302485797551433e-05, 0.00011224409017596692, -4.3026976375147295e-05], [-4.304650438206026e-05, -4.3026976375147295e-05, 0.00011236368529888479]]}
 #*EXTRAS*# Step:           5  Bead:     43  
{"friction": [[0.00011253895631141721, -4.315674035219836e-05, -4.316034338139598e-05], [-4.315674035219836e-05, 0.00011245625821964694, -4.313937931735147e-05], [-4.316034338139598e-05, -4.313937931735147e-05, 0.00011259434606480611]]}
 #*EXTRAS*# Step:           6  Bead:     43  
{"friction": [[0.00011268485047286811, -4.323740385147962e-05, -4.322868345207957e-05], [-4.323740385147962e-05, 0.00011258774696480869, -4.320650263156654e-05], [-4.322868345207957e-05, -4.320650263156654e-05, 0.00011273845617563499]]}
 #*EXTRAS*# Step:           7  Bead:     43  
{"friction": [[0.00011277652819105508, -4.3287361337701094e-05, -4.327054388163123e-05], [-4.3287361337701094e-05, 0.0001126700249517739, -4.324747893799289e-05], [-4.327054388163123e-05, -4.324747893799289e-05, 0.00011282902390733458]]}
 #*EXTRAS*# Step:           8  Bead:     43  
{"friction": [[0.00011283556801626963, -4.3319221464131874e-05, -4.329706064134774e-05], [-4.3319221464131874e-05, 0.00011272288508207029, -4.3273379077922844e-05], [-4.329706064134774e-05, -4.3273379077922844e-05, 0.00011288735339555057]]}
 #*EXTRAS*# Step:           9  Bead:     43  
{"friction": [[0.00011287398371179234, -4.333981704873077e-05, -4.3314129271872164e-05], [-4.333981704873077e-05, 0.00011275723081100484, -4.3290027030892404e-05], [-4.3314129271872164e-05, -4.3290027030892404e-05, 0.00011292530876957146]]}
 #*EXTRAS*# Step:          10  Bead:     43  
{"friction": [[0.0001128992287549963, -4.3353292579015936e-05, -4.332526664179543e-05], [-4.3353292579015936e-05, 0.00011277978137202653, -4.3300879714012006e-05], [-4.332526664179543e-05, -4.3300879714012006e-05, 0.00011295025211289417]]}
 #*EXTRAS*# Step:          11  Bead:     43  
{"friction": [[0.00011291591151958682, -4.336217171669909e-05, -4.333259208289634e-05], [-4.336217171669909e-05, 0.0001127946752036013, -4.330801347276635e-05], [-4.333259208289634e-05, -4.330801347276635e-05, 0.00011296673585251566]]}
