 #*EXTRAS*# Step:           0  Bead:     52  
{"friction": [[0.00010366394327696455, -3.5285887569447394e-05, -3.522391444163986e-05], [-3.5285887569447394e-05, 0.00010365423205589712, -3.546717661556058e-05], [-3.522391444163986e-05, -3.546717661556058e-05, 0.00010329150520581095]]}
 #*EXTRAS*# Step:           1  Bead:     52  
{"friction": [[0.00010633529483262444, -3.84409999687275e-05, -3.839494416313572e-05], [-3.84409999687275e-05, 0.00010633111189352298, -3.848406180840241e-05], [-3.839494416313572e-05, -3.848406180840241e-05, 0.00010622915768290394]]}
 #*EXTRAS*# Step:           2  Bead:     52  
{"friction": [[0.00010863014551742617, -4.0520316283984664e-05, -4.0550629116795764e-05], [-4.0520316283984664e-05, 0.0001086404678881989, -4.0530574346712984e-05], [-4.0550629116795764e-05, -4.0530574346712984e-05, 0.00010868353854298102]]}
 #*EXTRAS*# Step:           3  Bead:     52  
{"friction": [[0.00010952867169385479, -4.12165188087269e-05, -4.127796428052876e-05], [-4.12165188087269e-05, 0.00010955140750574472, -4.1249882888814735e-05], [-4.127796428052876e-05, -4.1249882888814735e-05, 0.00010960230512537791]]}
 #*EXTRAS*# Step:           4  Bead:     52  
{"friction": [[0.0001101194767097989, -4.164214761038742e-05, -4.17167334593018e-05], [-4.164214761038742e-05, 0.00011014464567331005, -4.1689653022112195e-05], [-4.17167334593018e-05, -4.1689653022112195e-05, 0.00011019689026788544]]}
 #*EXTRAS*# Step:           5  Bead:     52  
{"friction": [[0.00011046007600826995, -4.1876682935204065e-05, -4.195478368167024e-05], [-4.1876682935204065e-05, 0.00011048303130395, -4.192947198122667e-05], [-4.195478368167024e-05, -4.192947198122667e-05, 0.00011053711054109131]]}
 #*EXTRAS*# Step:           6  Bead:     52  
{"friction": [[0.00011067139685442698, -4.2018391919222346e-05, -4.2096876598199625e-05], [-4.2018391919222346e-05, 0.00011069131540531362, -4.2072864328219056e-05], [-4.2096876598199625e-05, -4.2072864328219056e-05, 0.00011074745115197221]]}
 #*EXTRAS*# Step:           7  Bead:     52  
{"friction": [[0.00011080428672376668, -4.2106056537063517e-05, -4.218400998219951e-05], [-4.2106056537063517e-05, 0.00011082156847871106, -4.216084038632012e-05], [-4.218400998219951e-05, -4.216084038632012e-05, 0.00011087947719794702]]}
 #*EXTRAS*# Step:           8  Bead:     52  
{"friction": [[0.00011088979205998749, -4.2161881902089115e-05, -4.223916124884156e-05], [-4.2161881902089115e-05, 0.0001109050618055459, -4.2216530813007675e-05], [-4.223916124884156e-05, -4.2216530813007675e-05, 0.00011096433700701134]]}
 #*EXTRAS*# Step:           9  Bead:     52  
{"friction": [[0.00011094544569655772, -4.2197976164666226e-05, -4.2274672541037186e-05], [-4.2197976164666226e-05, 0.00011095926829410107, -4.225238819477053e-05], [-4.2274672541037186e-05, -4.225238819477053e-05, 0.00011101953573134598]]}
 #*EXTRAS*# Step:          10  Bead:     52  
{"friction": [[0.0001109820182623048, -4.222159259809246e-05, -4.229784274604936e-05], [-4.222159259809246e-05, 0.00011099482946544186, -4.227578277250922e-05], [-4.229784274604936e-05, -4.227578277250922e-05, 0.00011105579525902599]]}
 #*EXTRAS*# Step:          11  Bead:     52  
{"friction": [[0.00011100619007828505, -4.223715685099646e-05, -4.2313084249124014e-05], [-4.223715685099646e-05, 0.0001110183061482042, -4.2291170960268984e-05], [-4.2313084249124014e-05, -4.2291170960268984e-05, 0.00011107975427839271]]}
