 #*EXTRAS*# Step:           0  Bead:     61  
{"friction": [[0.00010237295826707656, -3.326562672264948e-05, -3.3246327268270765e-05], [-3.326562672264948e-05, 0.00010231289990664679, -3.3445442976744176e-05], [-3.3246327268270765e-05, -3.3445442976744176e-05, 0.0001019498435873969]]}
 #*EXTRAS*# Step:           1  Bead:     61  
{"friction": [[0.00010497622350492327, -3.696253465527045e-05, -3.6895184002999406e-05], [-3.696253465527045e-05, 0.0001049761700279079, -3.7079431383619136e-05], [-3.6895184002999406e-05, -3.7079431383619136e-05, 0.00010472874078958076]]}
 #*EXTRAS*# Step:           2  Bead:     61  
{"friction": [[0.00010741881640390687, -3.948029896129552e-05, -3.946524193977612e-05], [-3.948029896129552e-05, 0.00010741509919581306, -3.948698521976394e-05], [-3.946524193977612e-05, -3.948698521976394e-05, 0.00010740702430699702]]}
 #*EXTRAS*# Step:           3  Bead:     61  
{"friction": [[0.00010845597074566795, -4.0378157902783e-05, -4.040168143887436e-05], [-4.0378157902783e-05, 0.00010846354482416401, -4.038510722770884e-05], [-4.040168143887436e-05, -4.038510722770884e-05, 0.00010850293869586134]]}
 #*EXTRAS*# Step:           4  Bead:     61  
{"friction": [[0.00010912709309522245, -4.091290125601393e-05, -4.096159230280928e-05], [-4.091290125601393e-05, 0.00010914503152720644, -4.093530035955948e-05], [-4.096159230280928e-05, -4.093530035955948e-05, 0.00010919414511008921]]}
 #*EXTRAS*# Step:           5  Bead:     61  
{"friction": [[0.00010951591361911851, -4.120705490803478e-05, -4.1268135336905526e-05], [-4.120705490803478e-05, 0.0001095385280367727, -4.12400744720793e-05], [-4.1268135336905526e-05, -4.12400744720793e-05, 0.00010958939245441774]]}
 #*EXTRAS*# Step:           6  Bead:     61  
{"friction": [[0.00010975644142369795, -4.138351165211073e-05, -4.145094429416002e-05], [-4.138351165211073e-05, 0.00010978090756342167, -4.1422832932032534e-05], [-4.145094429416002e-05, -4.1422832932032534e-05, 0.0001098322856887074]]}
 #*EXTRAS*# Step:           7  Bead:     61  
{"friction": [[0.00010990763121726532, -4.149233164767918e-05, -4.156312930641954e-05], [-4.149233164767918e-05, 0.00010993272886860607, -4.15353084149259e-05], [-4.156312930641954e-05, -4.15353084149259e-05, 0.00010998440265835843]]}
 #*EXTRAS*# Step:           8  Bead:     61  
{"friction": [[0.00011000485892522482, -4.156147252525685e-05, -4.1634149641135395e-05], [-4.156147252525685e-05, 0.00011003011436462694, -4.1606625285818845e-05], [-4.1634149641135395e-05, -4.1606625285818845e-05, 0.00011008201614364663]]}
 #*EXTRAS*# Step:           9  Bead:     61  
{"friction": [[0.00011006813797439846, -4.16061228917534e-05, -4.167989607373449e-05], [-4.16061228917534e-05, 0.00011009338346565017, -4.165260511638784e-05], [-4.167989607373449e-05, -4.165260511638784e-05, 0.00011014546248999789]]}
 #*EXTRAS*# Step:          10  Bead:     61  
{"friction": [[0.00011010971796554216, -4.1635313601837346e-05, -4.170975035414365e-05], [-4.1635313601837346e-05, 0.00011013490630485031, -4.1682628517081335e-05], [-4.170975035414365e-05, -4.1682628517081335e-05, 0.00011018711775438423]]}
 #*EXTRAS*# Step:          11  Bead:     61  
{"friction": [[0.00011013719906930738, -4.165454202988721e-05, -4.172939211098937e-05], [-4.165454202988721e-05, 0.00011016232696405186, -4.1702388457941515e-05], [-4.172939211098937e-05, -4.1702388457941515e-05, 0.00011021463389413222]]}
