 #*EXTRAS*# Step:           0  Bead:     26  
     0.00011962          -0.00004429          -0.00004422
    -0.00004429           0.00011945          -0.00004408
    -0.00004422          -0.00004408           0.00011960
 #*EXTRAS*# Step:           1  Bead:     26  
     0.00011956          -0.00004430          -0.00004423
    -0.00004430           0.00011938          -0.00004409
    -0.00004423          -0.00004409           0.00011954
 #*EXTRAS*# Step:           2  Bead:     26  
     0.00011943          -0.00004434          -0.00004426
    -0.00004434           0.00011923          -0.00004411
    -0.00004426          -0.00004411           0.00011941
 #*EXTRAS*# Step:           3  Bead:     26  
     0.00011897          -0.00004444          -0.00004432
    -0.00004444           0.00011872          -0.00004417
    -0.00004432          -0.00004417           0.00011896
 #*EXTRAS*# Step:           4  Bead:     26  
     0.00011880          -0.00004447          -0.00004434
    -0.00004447           0.00011853          -0.00004418
    -0.00004434          -0.00004418           0.00011880
 #*EXTRAS*# Step:           5  Bead:     26  
     0.00011869          -0.00004450          -0.00004435
    -0.00004450           0.00011840          -0.00004419
    -0.00004435          -0.00004419           0.00011868
 #*EXTRAS*# Step:           6  Bead:     26  
     0.00011862          -0.00004451          -0.00004435
    -0.00004451           0.00011833          -0.00004420
    -0.00004435          -0.00004420           0.00011861
 #*EXTRAS*# Step:           7  Bead:     26  
     0.00011857          -0.00004452          -0.00004435
    -0.00004452           0.00011828          -0.00004420
    -0.00004435          -0.00004420           0.00011857
 #*EXTRAS*# Step:           8  Bead:     26  
     0.00011855          -0.00004452          -0.00004436
    -0.00004452           0.00011825          -0.00004420
    -0.00004436          -0.00004420           0.00011854
 #*EXTRAS*# Step:           9  Bead:     26  
     0.00011853          -0.00004452          -0.00004436
    -0.00004452           0.00011823          -0.00004420
    -0.00004436          -0.00004420           0.00011852
 #*EXTRAS*# Step:          10  Bead:     26  
     0.00011852          -0.00004452          -0.00004436
    -0.00004452           0.00011821          -0.00004421
    -0.00004436          -0.00004421           0.00011851
 #*EXTRAS*# Step:          11  Bead:     26  
     0.00011851          -0.00004453          -0.00004436
    -0.00004453           0.00011820          -0.00004421
    -0.00004436          -0.00004421           0.00011850
