 #*EXTRAS*# Step:           0  Bead:     56  
{"friction": [[0.00010287248283727404, -3.41000175745236e-05, -3.4059743381936934e-05], [-3.41000175745236e-05, 0.00010283753372188608, -3.4291999923335146e-05], [-3.4059743381936934e-05, -3.4291999923335146e-05, 0.00010245497440254835]]}
 #*EXTRAS*# Step:           1  Bead:     56  
{"friction": [[0.00010551338152019661, -3.757317297080601e-05, -3.751154664211382e-05], [-3.757317297080601e-05, 0.00010551208747260516, -3.76591904443821e-05], [-3.751154664211382e-05, -3.76591904443821e-05, 0.00010532282944900653]]}
 #*EXTRAS*# Step:           2  Bead:     56  
{"friction": [[0.00010790234770645254, -3.991003876806969e-05, -3.9912126560933974e-05], [-3.991003876806969e-05, 0.0001079023730119228, -3.991203723344638e-05], [-3.9912126560933974e-05, -3.991203723344638e-05, 0.0001079224837223884]]}
 #*EXTRAS*# Step:           3  Bead:     56  
{"friction": [[0.00010888456606022351, -4.0723684343475974e-05, -4.0763660698731716e-05], [-4.0723684343475974e-05, 0.00010889890629591815, -4.073978057987642e-05], [-4.0763660698731716e-05, -4.073978057987642e-05, 0.00010894577553168974]]}
 #*EXTRAS*# Step:           4  Bead:     56  
{"friction": [[0.00010952364135854918, -4.1212788728038696e-05, -4.127409062198184e-05], [-4.1212788728038696e-05, 0.00010954632959185874, -4.1246017068110866e-05], [-4.127409062198184e-05, -4.1246017068110866e-05, 0.0001095972142383212]]}
 #*EXTRAS*# Step:           5  Bead:     56  
{"friction": [[0.00010989317837141276, -4.1481998082769866e-05, -4.1552496820752654e-05], [-4.1481998082769866e-05, 0.00010991823539637821, -4.152463878101612e-05], [-4.1552496820752654e-05, -4.152463878101612e-05, 0.0001099698787317994]]}
 #*EXTRAS*# Step:           6  Bead:     56  
{"friction": [[0.00011012205026325673, -4.164394878498173e-05, -4.171857352858452e-05], [-4.164394878498173e-05, 0.00011014721373497907, -4.169150411439326e-05], [-4.171857352858452e-05, -4.169150411439326e-05, 0.0001101994672081787]]}
 #*EXTRAS*# Step:           7  Bead:     56  
{"friction": [[0.00011026594637922502, -4.174394956478799e-05, -4.1820459432655924e-05], [-4.174394956478799e-05, 0.00011029054077892647, -4.179407030030076e-05], [-4.1820459432655924e-05, -4.179407030030076e-05, 0.00011034339526781115]]}
 #*EXTRAS*# Step:           8  Bead:     56  
{"friction": [[0.0001103585049350248, -4.1807544069176005e-05, -4.188495387656098e-05], [-4.1807544069176005e-05, 0.00011038244815289338, -4.185905947427962e-05], [-4.188495387656098e-05, -4.185905947427962e-05, 0.00011043581856480895]]}
 #*EXTRAS*# Step:           9  Bead:     56  
{"friction": [[0.00011041874770492986, -4.184863227802106e-05, -4.192649018667254e-05], [-4.184863227802106e-05, 0.00011044214041805985, -4.1900937027270956e-05], [-4.192649018667254e-05, -4.1900937027270956e-05, 0.00011049591174802914]]}
 #*EXTRAS*# Step:          10  Bead:     56  
{"friction": [[0.0001104583342076689, -4.1875502969051744e-05, -4.1953594556826755e-05], [-4.1875502969051744e-05, 0.00011048130893671071, -4.192827257107027e-05], [-4.1953594556826755e-05, -4.192827257107027e-05, 0.00011053537463051823]]}
 #*EXTRAS*# Step:          11  Bead:     56  
{"friction": [[0.00011048449800378008, -4.1893206664688265e-05, -4.197142576463895e-05], [-4.1893206664688265e-05, 0.00011050717147044749, -4.1946259212570714e-05], [-4.197142576463895e-05, -4.1946259212570714e-05, 0.00011056144601116417]]}
