 #*EXTRAS*# Step:           0  Bead:     36  
     0.00011145          -0.00004252          -0.00004258
    -0.00004252           0.00011145          -0.00004256
    -0.00004258          -0.00004256           0.00011152
 #*EXTRAS*# Step:           1  Bead:     36  
     0.00011307          -0.00004344          -0.00004340
    -0.00004344           0.00011293          -0.00004337
    -0.00004340          -0.00004337           0.00011311
 #*EXTRAS*# Step:           2  Bead:     36  
     0.00011429          -0.00004401          -0.00004384
    -0.00004401           0.00011402          -0.00004380
    -0.00004384          -0.00004380           0.00011433
 #*EXTRAS*# Step:           3  Bead:     36  
     0.00011450          -0.00004409          -0.00004391
    -0.00004409           0.00011420          -0.00004385
    -0.00004391          -0.00004385           0.00011454
 #*EXTRAS*# Step:           4  Bead:     36  
     0.00011471          -0.00004417          -0.00004396
    -0.00004417           0.00011439          -0.00004391
    -0.00004396          -0.00004391           0.00011474
 #*EXTRAS*# Step:           5  Bead:     36  
     0.00011482          -0.00004421          -0.00004399
    -0.00004421           0.00011449          -0.00004393
    -0.00004399          -0.00004393           0.00011485
 #*EXTRAS*# Step:           6  Bead:     36  
     0.00011489          -0.00004423          -0.00004401
    -0.00004423           0.00011455          -0.00004395
    -0.00004401          -0.00004395           0.00011492
 #*EXTRAS*# Step:           7  Bead:     36  
     0.00011494          -0.00004425          -0.00004402
    -0.00004425           0.00011459          -0.00004396
    -0.00004402          -0.00004396           0.00011496
 #*EXTRAS*# Step:           8  Bead:     36  
     0.00011496          -0.00004425          -0.00004403
    -0.00004425           0.00011462          -0.00004396
    -0.00004403          -0.00004396           0.00011499
 #*EXTRAS*# Step:           9  Bead:     36  
     0.00011498          -0.00004426          -0.00004403
    -0.00004426           0.00011464          -0.00004397
    -0.00004403          -0.00004397           0.00011501
 #*EXTRAS*# Step:          10  Bead:     36  
     0.00011499          -0.00004426          -0.00004404
    -0.00004426           0.00011465          -0.00004397
    -0.00004404          -0.00004397           0.00011502
 #*EXTRAS*# Step:          11  Bead:     36  
     0.00011500          -0.00004427          -0.00004404
    -0.00004427           0.00011465          -0.00004397
    -0.00004404          -0.00004397           0.00011503
