 #*EXTRAS*# Step:           0  Bead:     12  
{"friction": [[0.0001289917032280999, -3.670377679754094e-05, -3.638593541360157e-05], [-3.670377679754094e-05, 0.00012915277647290737, -3.674556669422962e-05], [-3.638593541360157e-05, -3.674556669422962e-05, 0.0001286455046890979]]}
 #*EXTRAS*# Step:           1  Bead:     12  
{"friction": [[0.00012665195793878069, -3.9669747200622883e-05, -3.913990676753965e-05], [-3.9669747200622883e-05, 0.00012673893038559495, -3.975316537486622e-05], [-3.913990676753965e-05, -3.975316537486622e-05, 0.00012631161770769217]]}
 #*EXTRAS*# Step:           2  Bead:     12  
{"friction": [[0.00012479123031580464, -4.1534812321540836e-05, -4.101347659243908e-05], [-4.1534812321540836e-05, 0.00012485087063073363, -4.163572419670373e-05], [-4.101347659243908e-05, -4.163572419670373e-05, 0.000124510261111306]]}
 #*EXTRAS*# Step:           3  Bead:     12  
{"friction": [[0.0001236946820485437, -4.241864213236119e-05, -4.2042319593186064e-05], [-4.241864213236119e-05, 0.0001237610287533441, -4.2515822164381005e-05], [-4.2042319593186064e-05, -4.2515822164381005e-05, 0.0001234747695788012]]}
 #*EXTRAS*# Step:           4  Bead:     12  
{"friction": [[0.00012316042903819476, -4.278103751895841e-05, -4.250071928665974e-05], [-4.278103751895841e-05, 0.0001232296568580921, -4.2867737676748985e-05], [-4.250071928665974e-05, -4.2867737676748985e-05, 0.00012297489148755517]]}
 #*EXTRAS*# Step:           5  Bead:     12  
{"friction": [[0.00012283713278045074, -4.2978320154446276e-05, -4.27576217716483e-05], [-4.2978320154446276e-05, 0.00012290560320630433, -4.305478953345787e-05], [-4.27576217716483e-05, -4.305478953345787e-05, 0.00012267279426988266]]}
 #*EXTRAS*# Step:           6  Bead:     12  
{"friction": [[0.00012264239584141093, -4.3089445900652e-05, -4.29036954360305e-05], [-4.3089445900652e-05, 0.0001227090001158148, -4.315814539096394e-05], [-4.29036954360305e-05, -4.315814539096394e-05, 0.00012249071919843307]]}
 #*EXTRAS*# Step:           7  Bead:     12  
{"friction": [[0.00012251956673121504, -4.315667829969557e-05, -4.299223419891966e-05], [-4.315667829969557e-05, 0.00012258433550796455, -4.321981832695115e-05], [-4.299223419891966e-05, -4.321981832695115e-05, 0.00012237577424942128]]}
 #*EXTRAS*# Step:           8  Bead:     12  
{"friction": [[0.0001224408410652038, -4.319864406557981e-05, -4.304746620210496e-05], [-4.319864406557981e-05, 0.00012250413857150283, -4.325794510944247e-05], [-4.304746620210496e-05, -4.325794510944247e-05, 0.00012230204517123247]]}
 #*EXTRAS*# Step:           9  Bead:     12  
{"friction": [[0.00012238957266676336, -4.3225511502859485e-05, -4.308278565561852e-05], [-4.3225511502859485e-05, 0.0001224517813035304, -4.3282194881450844e-05], [-4.308278565561852e-05, -4.3282194881450844e-05, 0.0001222540029344652]]}
 #*EXTRAS*# Step:          10  Bead:     12  
{"friction": [[0.00012235590248029337, -4.324296156254507e-05, -4.310569969033522e-05], [-4.324296156254507e-05, 0.00012241733805664845, -4.329787488904623e-05], [-4.310569969033522e-05, -4.329787488904623e-05, 0.00012222243851486058]]}
 #*EXTRAS*# Step:          11  Bead:     12  
{"friction": [[0.00012233364623565895, -4.3254412286209014e-05, -4.3120722539237446e-05], [-4.3254412286209014e-05, 0.00012239454507612698, -4.330813331607712e-05], [-4.3120722539237446e-05, -4.330813331607712e-05, 0.00012220156823806015]]}
