 #*EXTRAS*# Step:           0  Bead:     55  
     0.00010303          -0.00003435          -0.00003431
    -0.00003435           0.00010301          -0.00003455
    -0.00003431          -0.00003455           0.00010262
 #*EXTRAS*# Step:           1  Bead:     55  
     0.00010569          -0.00003776          -0.00003770
    -0.00003776           0.00010568          -0.00003784
    -0.00003770          -0.00003784           0.00010551
 #*EXTRAS*# Step:           2  Bead:     55  
     0.00010806          -0.00004004          -0.00004005
    -0.00004004           0.00010806          -0.00004005
    -0.00004005          -0.00004005           0.00010808
 #*EXTRAS*# Step:           3  Bead:     55  
     0.00010902          -0.00004083          -0.00004088
    -0.00004083           0.00010904          -0.00004085
    -0.00004088          -0.00004085           0.00010909
 #*EXTRAS*# Step:           4  Bead:     55  
     0.00010965          -0.00004131          -0.00004137
    -0.00004131           0.00010967          -0.00004134
    -0.00004137          -0.00004134           0.00010972
 #*EXTRAS*# Step:           5  Bead:     55  
     0.00011001          -0.00004157          -0.00004164
    -0.00004157           0.00011004          -0.00004161
    -0.00004164          -0.00004161           0.00011009
 #*EXTRAS*# Step:           6  Bead:     55  
     0.00011024          -0.00004172          -0.00004180
    -0.00004172           0.00011026          -0.00004177
    -0.00004180          -0.00004177           0.00011032
 #*EXTRAS*# Step:           7  Bead:     55  
     0.00011038          -0.00004182          -0.00004190
    -0.00004182           0.00011040          -0.00004187
    -0.00004190          -0.00004187           0.00011046
 #*EXTRAS*# Step:           8  Bead:     55  
     0.00011047          -0.00004188          -0.00004196
    -0.00004188           0.00011049          -0.00004194
    -0.00004196          -0.00004194           0.00011055
 #*EXTRAS*# Step:           9  Bead:     55  
     0.00011053          -0.00004192          -0.00004200
    -0.00004192           0.00011055          -0.00004198
    -0.00004200          -0.00004198           0.00011061
 #*EXTRAS*# Step:          10  Bead:     55  
     0.00011057          -0.00004195          -0.00004203
    -0.00004195           0.00011059          -0.00004200
    -0.00004203          -0.00004200           0.00011065
 #*EXTRAS*# Step:          11  Bead:     55  
     0.00011059          -0.00004197          -0.00004205
    -0.00004197           0.00011062          -0.00004202
    -0.00004205          -0.00004202           0.00011067
