 #*EXTRAS*# Step:           0  Bead:     61  
     0.00010237          -0.00003327          -0.00003325
    -0.00003327           0.00010231          -0.00003345
    -0.00003325          -0.00003345           0.00010195
 #*EXTRAS*# Step:           1  Bead:     61  
     0.00010498          -0.00003696          -0.00003690
    -0.00003696           0.00010498          -0.00003708
    -0.00003690          -0.00003708           0.00010473
 #*EXTRAS*# Step:           2  Bead:     61  
     0.00010742          -0.00003948          -0.00003947
    -0.00003948           0.00010742          -0.00003949
    -0.00003947          -0.00003949           0.00010741
 #*EXTRAS*# Step:           3  Bead:     61  
     0.00010846          -0.00004038          -0.00004040
    -0.00004038           0.00010846          -0.00004039
    -0.00004040          -0.00004039           0.00010850
 #*EXTRAS*# Step:           4  Bead:     61  
     0.00010913          -0.00004091          -0.00004096
    -0.00004091           0.00010915          -0.00004094
    -0.00004096          -0.00004094           0.00010919
 #*EXTRAS*# Step:           5  Bead:     61  
     0.00010952          -0.00004121          -0.00004127
    -0.00004121           0.00010954          -0.00004124
    -0.00004127          -0.00004124           0.00010959
 #*EXTRAS*# Step:           6  Bead:     61  
     0.00010976          -0.00004138          -0.00004145
    -0.00004138           0.00010978          -0.00004142
    -0.00004145          -0.00004142           0.00010983
 #*EXTRAS*# Step:           7  Bead:     61  
     0.00010991          -0.00004149          -0.00004156
    -0.00004149           0.00010993          -0.00004154
    -0.00004156          -0.00004154           0.00010998
 #*EXTRAS*# Step:           8  Bead:     61  
     0.00011000          -0.00004156          -0.00004163
    -0.00004156           0.00011003          -0.00004161
    -0.00004163          -0.00004161           0.00011008
 #*EXTRAS*# Step:           9  Bead:     61  
     0.00011007          -0.00004161          -0.00004168
    -0.00004161           0.00011009          -0.00004165
    -0.00004168          -0.00004165           0.00011015
 #*EXTRAS*# Step:          10  Bead:     61  
     0.00011011          -0.00004164          -0.00004171
    -0.00004164           0.00011013          -0.00004168
    -0.00004171          -0.00004168           0.00011019
 #*EXTRAS*# Step:          11  Bead:     61  
     0.00011014          -0.00004165          -0.00004173
    -0.00004165           0.00011016          -0.00004170
    -0.00004173          -0.00004170           0.00011021
