 #*EXTRAS*# Step:           0  Bead:      0  
{"friction": [[0.00013193989684352265, -3.134869831308944e-05, -3.130135232364516e-05], [-3.134869831308944e-05, 0.00013218469188182357, -3.131381385930119e-05], [-3.130135232364516e-05, -3.131381385930119e-05, 0.00013172694812111298]]}
 #*EXTRAS*# Step:           1  Bead:      0  
{"friction": [[0.00012934543425376094, -3.618271039482692e-05, -3.5904795117197906e-05], [-3.618271039482692e-05, 0.00012951879292860837, -3.6216758470280675e-05], [-3.5904795117197906e-05, -3.6216758470280675e-05, 0.0001290051849108313]]}
 #*EXTRAS*# Step:           2  Bead:      0  
{"friction": [[0.00012680530963699927, -3.9497470282282685e-05, -3.8976481610773324e-05], [-3.9497470282282685e-05, 0.00012689629007119941, -3.957872420317071e-05], [-3.8976481610773324e-05, -3.957872420317071e-05, 0.000126462327563967]]}
 #*EXTRAS*# Step:           3  Bead:      0  
{"friction": [[0.00012527459299002867, -4.1091076486058416e-05, -4.054114005433311e-05], [-4.1091076486058416e-05, 0.00012533642179523015, -4.118929011080804e-05], [-4.054114005433311e-05, -4.118929011080804e-05, 0.00012497289991242086]]}
 #*EXTRAS*# Step:           4  Bead:      0  
{"friction": [[0.00012453159453860614, -4.1760239475510894e-05, -4.126407323614469e-05], [-4.1760239475510894e-05, 0.000124591785976315, -4.18618000181609e-05], [-4.126407323614469e-05, -4.18618000181609e-05, 0.0001242634657316739]]}
 #*EXTRAS*# Step:           5  Bead:      0  
{"friction": [[0.00012410690082153493, -4.210783838978701e-05, -4.1666054988542505e-05], [-4.210783838978701e-05, 0.00012416978581991436, -4.220865587788328e-05], [-4.1666054988542505e-05, -4.220865587788328e-05, 0.00012386209095335458]]}
 #*EXTRAS*# Step:           6  Bead:      0  
{"friction": [[0.00012385705139214003, -4.229942800986635e-05, -4.189609244197549e-05], [-4.229942800986635e-05, 0.00012392203984417058, -4.2398442284290914e-05], [-4.189609244197549e-05, -4.2398442284290914e-05, 0.0001236271084636086]]}
 #*EXTRAS*# Step:           7  Bead:      0  
{"friction": [[0.00012370176129122324, -4.241353228622466e-05, -4.203600358446615e-05], [-4.241353228622466e-05, 0.00012376805078787145, -4.251080414086017e-05], [-4.203600358446615e-05, -4.251080414086017e-05, 0.00012348140623677362]]}
 #*EXTRAS*# Step:           8  Bead:      0  
{"friction": [[0.00012360304445542989, -4.248406094530929e-05, -4.2123558321892614e-05], [-4.248406094530929e-05, 0.00012367010507923949, -4.257994985882027e-05], [-4.2123558321892614e-05, -4.257994985882027e-05, 0.00012338889989924629]]}
 #*EXTRAS*# Step:           9  Bead:      0  
{"friction": [[0.00012353910394013773, -4.252890770192973e-05, -4.2179650971995733e-05], [-4.252890770192973e-05, 0.00012360662618533794, -4.262377949672673e-05], [-4.2179650971995733e-05, -4.262377949672673e-05, 0.00012332902344596605]]}
 #*EXTRAS*# Step:          10  Bead:      0  
{"friction": [[0.00012349725170453886, -4.255790584165255e-05, -4.221609150611516e-05], [-4.255790584165255e-05, 0.00012356505588193283, -4.2652058266072764e-05], [-4.221609150611516e-05, -4.2652058266072764e-05, 0.00012328984711168573]]}
 #*EXTRAS*# Step:          11  Bead:      0  
{"friction": [[0.00012346964840900584, -4.2576877015557237e-05, -4.2240003216563973e-05], [-4.2576877015557237e-05, 0.00012353762860077785, -4.26705312238049e-05], [-4.2240003216563973e-05, -4.26705312238049e-05, 0.00012326401497421126]]}
