 #*EXTRAS*# Step:           0  Bead:     12  
     0.00012899          -0.00003670          -0.00003639
    -0.00003670           0.00012915          -0.00003675
    -0.00003639          -0.00003675           0.00012865
 #*EXTRAS*# Step:           1  Bead:     12  
     0.00012665          -0.00003967          -0.00003914
    -0.00003967           0.00012674          -0.00003975
    -0.00003914          -0.00003975           0.00012631
 #*EXTRAS*# Step:           2  Bead:     12  
     0.00012479          -0.00004153          -0.00004101
    -0.00004153           0.00012485          -0.00004164
    -0.00004101          -0.00004164           0.00012451
 #*EXTRAS*# Step:           3  Bead:     12  
     0.00012369          -0.00004242          -0.00004204
    -0.00004242           0.00012376          -0.00004252
    -0.00004204          -0.00004252           0.00012347
 #*EXTRAS*# Step:           4  Bead:     12  
     0.00012316          -0.00004278          -0.00004250
    -0.00004278           0.00012323          -0.00004287
    -0.00004250          -0.00004287           0.00012297
 #*EXTRAS*# Step:           5  Bead:     12  
     0.00012284          -0.00004298          -0.00004276
    -0.00004298           0.00012291          -0.00004305
    -0.00004276          -0.00004305           0.00012267
 #*EXTRAS*# Step:           6  Bead:     12  
     0.00012264          -0.00004309          -0.00004290
    -0.00004309           0.00012271          -0.00004316
    -0.00004290          -0.00004316           0.00012249
 #*EXTRAS*# Step:           7  Bead:     12  
     0.00012252          -0.00004316          -0.00004299
    -0.00004316           0.00012258          -0.00004322
    -0.00004299          -0.00004322           0.00012238
 #*EXTRAS*# Step:           8  Bead:     12  
     0.00012244          -0.00004320          -0.00004305
    -0.00004320           0.00012250          -0.00004326
    -0.00004305          -0.00004326           0.00012230
 #*EXTRAS*# Step:           9  Bead:     12  
     0.00012239          -0.00004323          -0.00004308
    -0.00004323           0.00012245          -0.00004328
    -0.00004308          -0.00004328           0.00012225
 #*EXTRAS*# Step:          10  Bead:     12  
     0.00012236          -0.00004324          -0.00004311
    -0.00004324           0.00012242          -0.00004330
    -0.00004311          -0.00004330           0.00012222
 #*EXTRAS*# Step:          11  Bead:     12  
     0.00012233          -0.00004325          -0.00004312
    -0.00004325           0.00012239          -0.00004331
    -0.00004312          -0.00004331           0.00012220
