 #*EXTRAS*# Step:           0  Bead:     49  
{"friction": [[0.00010454547171753977, -3.6444056165635773e-05, -3.637510960233212e-05], [-3.6444056165635773e-05, 0.00010454494879362924, -3.658517988655125e-05], [-3.637510960233212e-05, -3.658517988655125e-05, 0.00010425342130998133]]}
 #*EXTRAS*# Step:           1  Bead:     49  
{"friction": [[0.00010718972227491339, -3.9269616442606175e-05, -3.924711656540057e-05], [-3.9269616442606175e-05, 0.00010718514048158849, -3.928132516899051e-05], [-3.924711656540057e-05, -3.928132516899051e-05, 0.00010716031004237312]]}
 #*EXTRAS*# Step:           2  Bead:     49  
{"friction": [[0.00010936813232911244, -4.1096568060181137e-05, -4.115321350227058e-05], [-4.1096568060181137e-05, 0.00010938917643809587, -4.112555334101409e-05], [-4.115321350227058e-05, -4.112555334101409e-05, 0.00010943956856354979]]}
 #*EXTRAS*# Step:           3  Bead:     49  
{"friction": [[0.00011018074088021696, -4.168490371317932e-05, -4.1760366755337695e-05], [-4.168490371317932e-05, 0.00011020573518179522, -4.1733560177609555e-05], [-4.1760366755337695e-05, -4.1733560177609555e-05, 0.00011025820775565387]]}
 #*EXTRAS*# Step:           4  Bead:     49  
{"friction": [[0.00011072257036036972, -4.2052280995570795e-05, -4.2130634064617134e-05], [-4.2052280995570795e-05, 0.00011074154256000285, -4.210694581061294e-05], [-4.2130634064617134e-05, -4.210694581061294e-05, 0.00011079831308265448]]}
 #*EXTRAS*# Step:           5  Bead:     49  
{"friction": [[0.00011103385172111439, -4.225492493035832e-05, -4.233045555750098e-05], [-4.225492493035832e-05, 0.00011104514597036944, -4.230870835427604e-05], [-4.233045555750098e-05, -4.230870835427604e-05, 0.00011110716681259907]]}
 #*EXTRAS*# Step:           6  Bead:     49  
{"friction": [[0.00011122732268778896, -4.237792171574066e-05, -4.244983832822908e-05], [-4.237792171574066e-05, 0.00011123206059573108, -4.2429182915318095e-05], [-4.244983832822908e-05, -4.2429182915318095e-05, 0.00011129874291264384]]}
 #*EXTRAS*# Step:           7  Bead:     49  
{"friction": [[0.00011134899409147604, -4.245414698653464e-05, -4.252301354335068e-05], [-4.245414698653464e-05, 0.00011134885623864095, -4.2502961331310564e-05], [-4.252301354335068e-05, -4.2502961331310564e-05, 0.00011141910357010713]]}
 #*EXTRAS*# Step:           8  Bead:     49  
{"friction": [[0.00011142730268450619, -4.2502754935544865e-05, -4.256932937428298e-05], [-4.2502754935544865e-05, 0.0001114237065088634, -4.2549621707374074e-05], [-4.256932937428298e-05, -4.2549621707374074e-05, 0.00011149652808577145]]}
 #*EXTRAS*# Step:           9  Bead:     49  
{"friction": [[0.00011147827129729228, -4.253420480424595e-05, -4.2599145860553944e-05], [-4.253420480424595e-05, 0.00011147228607805608, -4.257964153068416e-05], [-4.2599145860553944e-05, -4.257964153068416e-05, 0.0001115469064139975]]}
 #*EXTRAS*# Step:          10  Bead:     49  
{"friction": [[0.00011151176606799609, -4.255479267540448e-05, -4.2618598732686786e-05], [-4.255479267540448e-05, 0.00011150415061784592, -4.259921834855598e-05], [-4.2618598732686786e-05, -4.259921834855598e-05, 0.00011158000748449947]]}
 #*EXTRAS*# Step:          11  Bead:     49  
{"friction": [[0.00011153390336263999, -4.256836498331526e-05, -4.263139384856813e-05], [-4.256836498331526e-05, 0.0001115251839797575, -4.2612090970459306e-05], [-4.263139384856813e-05, -4.2612090970459306e-05, 0.00011160188222604244]]}
