 #*EXTRAS*# Step:           0  Bead:     26  
{"friction": [[0.00011962164781834676, -4.428729526742142e-05, -4.422423780727485e-05], [-4.428729526742142e-05, 0.00011944812410604063, -4.4082117571065435e-05], [-4.422423780727485e-05, -4.4082117571065435e-05, 0.00011959886778569174]]}
 #*EXTRAS*# Step:           1  Bead:     26  
{"friction": [[0.00011956420958774032, -4.430250410507531e-05, -4.423465711124019e-05], [-4.430250410507531e-05, 0.00011938355852155563, -4.409084357716244e-05], [-4.423465711124019e-05, -4.409084357716244e-05, 0.00011954257755208874]]}
 #*EXTRAS*# Step:           2  Bead:     26  
{"friction": [[0.00011942704637695186, -4.433762051480021e-05, -4.425790374945869e-05], [-4.433762051480021e-05, 0.00011922940619548024, -4.411063292095287e-05], [-4.425790374945869e-05, -4.411063292095287e-05, 0.00011940803066550242]]}
 #*EXTRAS*# Step:           3  Bead:     26  
{"friction": [[0.00011897369986408245, -4.444119880700896e-05, -4.431914699935431e-05], [-4.444119880700896e-05, 0.00011872100714445573, -4.4165741203132435e-05], [-4.431914699935431e-05, -4.4165741203132435e-05, 0.00011896221080665896]]}
 #*EXTRAS*# Step:           4  Bead:     26  
{"friction": [[0.00011880459115871713, -4.4474712593060996e-05, -4.4336195345046715e-05], [-4.4474712593060996e-05, 0.00011853214963040642, -4.4182327422280245e-05], [-4.4336195345046715e-05, -4.4182327422280245e-05, 0.00011879552714498319]]}
 #*EXTRAS*# Step:           5  Bead:     26  
{"friction": [[0.00011868773575170423, -4.449617260932374e-05, -4.434622746209159e-05], [-4.449617260932374e-05, 0.00011840200551266024, -4.419254608982146e-05], [-4.434622746209159e-05, -4.419254608982146e-05, 0.00011868024293753555]]}
 #*EXTRAS*# Step:           6  Bead:     26  
{"friction": [[0.00011861873395827795, -4.450817842427834e-05, -4.4351495513239337e-05], [-4.450817842427834e-05, 0.0001183253140265147, -4.419810549076173e-05], [-4.4351495513239337e-05, -4.419810549076173e-05, 0.00011861213178104821]]}
 #*EXTRAS*# Step:           7  Bead:     26  
{"friction": [[0.00011857493725671562, -4.451553843459481e-05, -4.435459021320624e-05], [-4.451553843459481e-05, 0.00011827670200952476, -4.420145175475154e-05], [-4.435459021320624e-05, -4.420145175475154e-05, 0.00011856888680365574]]}
 #*EXTRAS*# Step:           8  Bead:     26  
{"friction": [[0.00011854701317825116, -4.452012458834187e-05, -4.4356463253255004e-05], [-4.452012458834187e-05, 0.00011824573553493671, -4.420351142815802e-05], [-4.4356463253255004e-05, -4.420351142815802e-05, 0.00011854130916918456]]}
 #*EXTRAS*# Step:           9  Bead:     26  
{"friction": [[0.00011852883107900232, -4.452306592903546e-05, -4.435764116865877e-05], [-4.452306592903546e-05, 0.00011822558440611744, -4.420482164333959e-05], [-4.435764116865877e-05, -4.420482164333959e-05, 0.0001185233504665207]]}
 #*EXTRAS*# Step:          10  Bead:     26  
{"friction": [[0.00011851690933273039, -4.4524975263019346e-05, -4.4358395733372976e-05], [-4.4524975263019346e-05, 0.00011821237680381056, -4.420566751273579e-05], [-4.4358395733372976e-05, -4.420566751273579e-05, 0.00011851157427706811]]}
 #*EXTRAS*# Step:          11  Bead:     26  
{"friction": [[0.0001185090329255519, -4.452622832366421e-05, -4.435888654879616e-05], [-4.452622832366421e-05, 0.00011820365315210676, -4.420622061516671e-05], [-4.435888654879616e-05, -4.420622061516671e-05, 0.00011850379363918162]]}
