 #*EXTRAS*# Step:           0  Bead:     33  
     0.00011368          -0.00004374          -0.00004364
    -0.00004374           0.00011347          -0.00004360
    -0.00004364          -0.00004360           0.00011372
 #*EXTRAS*# Step:           1  Bead:     33  
     0.00011489          -0.00004423          -0.00004401
    -0.00004423           0.00011455          -0.00004395
    -0.00004401          -0.00004395           0.00011491
 #*EXTRAS*# Step:           2  Bead:     33  
     0.00011576          -0.00004447          -0.00004420
    -0.00004447           0.00011536          -0.00004411
    -0.00004420          -0.00004411           0.00011578
 #*EXTRAS*# Step:           3  Bead:     33  
     0.00011578          -0.00004448          -0.00004420
    -0.00004448           0.00011538          -0.00004411
    -0.00004420          -0.00004411           0.00011581
 #*EXTRAS*# Step:           4  Bead:     33  
     0.00011589          -0.00004450          -0.00004422
    -0.00004450           0.00011548          -0.00004413
    -0.00004422          -0.00004413           0.00011591
 #*EXTRAS*# Step:           5  Bead:     33  
     0.00011594          -0.00004451          -0.00004423
    -0.00004451           0.00011553          -0.00004413
    -0.00004423          -0.00004413           0.00011595
 #*EXTRAS*# Step:           6  Bead:     33  
     0.00011597          -0.00004451          -0.00004423
    -0.00004451           0.00011556          -0.00004414
    -0.00004423          -0.00004414           0.00011599
 #*EXTRAS*# Step:           7  Bead:     33  
     0.00011599          -0.00004452          -0.00004423
    -0.00004452           0.00011557          -0.00004414
    -0.00004423          -0.00004414           0.00011600
 #*EXTRAS*# Step:           8  Bead:     33  
     0.00011600          -0.00004452          -0.00004424
    -0.00004452           0.00011559          -0.00004414
    -0.00004424          -0.00004414           0.00011602
 #*EXTRAS*# Step:           9  Bead:     33  
     0.00011601          -0.00004452          -0.00004424
    -0.00004452           0.00011559          -0.00004414
    -0.00004424          -0.00004414           0.00011602
 #*EXTRAS*# Step:          10  Bead:     33  
     0.00011601          -0.00004452          -0.00004424
    -0.00004452           0.00011560          -0.00004414
    -0.00004424          -0.00004414           0.00011603
 #*EXTRAS*# Step:          11  Bead:     33  
     0.00011602          -0.00004452          -0.00004424
    -0.00004452           0.00011560          -0.00004414
    -0.00004424          -0.00004414           0.00011603
