 #*EXTRAS*# Step:           0  Bead:     36  
{"friction": [[0.00011145322627121049, -4.2518769308164815e-05, -4.2584527045753256e-05], [-4.2518769308164815e-05, 0.00011144842873098494, -4.2564924963892915e-05], [-4.2584527045753256e-05, -4.2564924963892915e-05, 0.00011152215281971272]]}
 #*EXTRAS*# Step:           1  Bead:     36  
{"friction": [[0.00011306563078114409, -4.344090953553081e-05, -4.339710820279744e-05], [-4.344090953553081e-05, 0.00011292807044108663, -4.3370685622427525e-05], [-4.339710820279744e-05, -4.3370685622427525e-05, 0.00011311468129920366]]}
 #*EXTRAS*# Step:           2  Bead:     36  
{"friction": [[0.0001142923764596724, -4.401080067793624e-05, -4.384418637177919e-05], [-4.401080067793624e-05, 0.00011401560861421836, -4.3795584152071336e-05], [-4.384418637177919e-05, -4.3795584152071336e-05, 0.00011432769215063264]]}
 #*EXTRAS*# Step:           3  Bead:     36  
{"friction": [[0.00011450239290209676, -4.409284940694744e-05, -4.390648502956183e-05], [-4.409284940694744e-05, 0.00011420326118287328, -4.385307600388265e-05], [-4.390648502956183e-05, -4.385307600388265e-05, 0.00011453549268036254]]}
 #*EXTRAS*# Step:           4  Bead:     36  
{"friction": [[0.00011471114047469993, -4.416934312795027e-05, -4.3964386101475195e-05], [-4.416934312795027e-05, 0.00011439088621581625, -4.390597850728574e-05], [-4.3964386101475195e-05, -4.390597850728574e-05, 0.00011474207480922138]]}
 #*EXTRAS*# Step:           5  Bead:     36  
{"friction": [[0.00011482125269717975, -4.420759477649007e-05, -4.399332717107384e-05], [-4.420759477649007e-05, 0.00011449038217252451, -4.3932202884685816e-05], [-4.399332717107384e-05, -4.3932202884685816e-05, 0.00011485105940274622]]}
 #*EXTRAS*# Step:           6  Bead:     36  
{"friction": [[0.00011489129203615494, -4.423115479057045e-05, -4.401116409284453e-05], [-4.423115479057045e-05, 0.00011455387862953963, -4.3948285289705684e-05], [-4.401116409284453e-05, -4.3948285289705684e-05, 0.00011492038667090782]]}
 #*EXTRAS*# Step:           7  Bead:     36  
{"friction": [[0.00011493507413673813, -4.4245574168250956e-05, -4.4022089144747485e-05], [-4.4245574168250956e-05, 0.0001145936582646026, -4.395810361504382e-05], [-4.4022089144747485e-05, -4.395810361504382e-05, 0.0001149637256816248]]}
 #*EXTRAS*# Step:           8  Bead:     36  
{"friction": [[0.00011496333591687868, -4.4254755159515635e-05, -4.402904969073398e-05], [-4.4254755159515635e-05, 0.00011461937337498437, -4.39643458154026e-05], [-4.402904969073398e-05, -4.39643458154026e-05, 0.00011499170226842742]]}
 #*EXTRAS*# Step:           9  Bead:     36  
{"friction": [[0.0001149817033813361, -4.426066831404615e-05, -4.40335348761301e-05], [-4.426066831404615e-05, 0.00011463610161180177, -4.396836252045649e-05], [-4.40335348761301e-05, -4.396836252045649e-05, 0.00011500988473053973]]}
 #*EXTRAS*# Step:          10  Bead:     36  
{"friction": [[0.00011499377547445366, -4.426453168590876e-05, -4.4036466278280225e-05], [-4.426453168590876e-05, 0.00011464710321071942, -4.3970985324617776e-05], [-4.4036466278280225e-05, -4.3970985324617776e-05, 0.0001150218353782984]]}
 #*EXTRAS*# Step:          11  Bead:     36  
{"friction": [[0.0001150017502061887, -4.426707374149145e-05, -4.403839556425337e-05], [-4.426707374149145e-05, 0.0001146543738069237, -4.397271045682178e-05], [-4.403839556425337e-05, -4.397271045682178e-05, 0.00011502972994855528]]}
