 #*EXTRAS*# Step:           0  Bead:     43  
     0.00010715          -0.00003923          -0.00003921
    -0.00003923           0.00010715          -0.00003925
    -0.00003921          -0.00003925           0.00010712
 #*EXTRAS*# Step:           1  Bead:     43  
     0.00010948          -0.00004118          -0.00004124
    -0.00004118           0.00010950          -0.00004121
    -0.00004124          -0.00004121           0.00010955
 #*EXTRAS*# Step:           2  Bead:     43  
     0.00011131          -0.00004243          -0.00004250
    -0.00004243           0.00011131          -0.00004248
    -0.00004250          -0.00004248           0.00011138
 #*EXTRAS*# Step:           3  Bead:     43  
     0.00011189          -0.00004278          -0.00004283
    -0.00004278           0.00011186          -0.00004281
    -0.00004283          -0.00004281           0.00011196
 #*EXTRAS*# Step:           4  Bead:     43  
     0.00011231          -0.00004302          -0.00004305
    -0.00004302           0.00011224          -0.00004303
    -0.00004305          -0.00004303           0.00011236
 #*EXTRAS*# Step:           5  Bead:     43  
     0.00011254          -0.00004316          -0.00004316
    -0.00004316           0.00011246          -0.00004314
    -0.00004316          -0.00004314           0.00011259
 #*EXTRAS*# Step:           6  Bead:     43  
     0.00011268          -0.00004324          -0.00004323
    -0.00004324           0.00011259          -0.00004321
    -0.00004323          -0.00004321           0.00011274
 #*EXTRAS*# Step:           7  Bead:     43  
     0.00011278          -0.00004329          -0.00004327
    -0.00004329           0.00011267          -0.00004325
    -0.00004327          -0.00004325           0.00011283
 #*EXTRAS*# Step:           8  Bead:     43  
     0.00011284          -0.00004332          -0.00004330
    -0.00004332           0.00011272          -0.00004327
    -0.00004330          -0.00004327           0.00011289
 #*EXTRAS*# Step:           9  Bead:     43  
     0.00011287          -0.00004334          -0.00004331
    -0.00004334           0.00011276          -0.00004329
    -0.00004331          -0.00004329           0.00011293
 #*EXTRAS*# Step:          10  Bead:     43  
     0.00011290          -0.00004335          -0.00004333
    -0.00004335           0.00011278          -0.00004330
    -0.00004333          -0.00004330           0.00011295
 #*EXTRAS*# Step:          11  Bead:     43  
     0.00011292          -0.00004336          -0.00004333
    -0.00004336           0.00011279          -0.00004331
    -0.00004333          -0.00004331           0.00011297
