 #*EXTRAS*# Step:           0  Bead:     60  
     0.00010243          -0.00003337          -0.00003335
    -0.00003337           0.00010238          -0.00003355
    -0.00003335          -0.00003355           0.00010201
 #*EXTRAS*# Step:           1  Bead:     60  
     0.00010504          -0.00003704          -0.00003697
    -0.00003704           0.00010504          -0.00003715
    -0.00003697          -0.00003715           0.00010480
 #*EXTRAS*# Step:           2  Bead:     60  
     0.00010748          -0.00003953          -0.00003952
    -0.00003953           0.00010747          -0.00003954
    -0.00003952          -0.00003954           0.00010747
 #*EXTRAS*# Step:           3  Bead:     60  
     0.00010851          -0.00004042          -0.00004045
    -0.00004042           0.00010852          -0.00004043
    -0.00004045          -0.00004043           0.00010856
 #*EXTRAS*# Step:           4  Bead:     60  
     0.00010917          -0.00004095          -0.00004100
    -0.00004095           0.00010919          -0.00004097
    -0.00004100          -0.00004097           0.00010924
 #*EXTRAS*# Step:           5  Bead:     60  
     0.00010956          -0.00004124          -0.00004130
    -0.00004124           0.00010958          -0.00004127
    -0.00004130          -0.00004127           0.00010964
 #*EXTRAS*# Step:           6  Bead:     60  
     0.00010980          -0.00004142          -0.00004148
    -0.00004142           0.00010983          -0.00004146
    -0.00004148          -0.00004146           0.00010988
 #*EXTRAS*# Step:           7  Bead:     60  
     0.00010995          -0.00004152          -0.00004159
    -0.00004152           0.00010998          -0.00004157
    -0.00004159          -0.00004157           0.00011003
 #*EXTRAS*# Step:           8  Bead:     60  
     0.00011005          -0.00004159          -0.00004166
    -0.00004159           0.00011007          -0.00004164
    -0.00004166          -0.00004164           0.00011012
 #*EXTRAS*# Step:           9  Bead:     60  
     0.00011011          -0.00004164          -0.00004171
    -0.00004164           0.00011014          -0.00004168
    -0.00004171          -0.00004168           0.00011019
 #*EXTRAS*# Step:          10  Bead:     60  
     0.00011015          -0.00004166          -0.00004174
    -0.00004166           0.00011018          -0.00004171
    -0.00004174          -0.00004171           0.00011023
 #*EXTRAS*# Step:          11  Bead:     60  
     0.00011018          -0.00004168          -0.00004176
    -0.00004168           0.00011020          -0.00004173
    -0.00004176          -0.00004173           0.00011026
