 #*EXTRAS*# Step:           0  Bead:     48  
     0.00010490          -0.00003687          -0.00003681
    -0.00003687           0.00010490          -0.00003699
    -0.00003681          -0.00003699           0.00010465
 #*EXTRAS*# Step:           1  Bead:     48  
     0.00010752          -0.00003957          -0.00003956
    -0.00003957           0.00010752          -0.00003958
    -0.00003956          -0.00003958           0.00010751
 #*EXTRAS*# Step:           2  Bead:     48  
     0.00010965          -0.00004131          -0.00004137
    -0.00004131           0.00010967          -0.00004134
    -0.00004137          -0.00004134           0.00010972
 #*EXTRAS*# Step:           3  Bead:     48  
     0.00011043          -0.00004186          -0.00004193
    -0.00004186           0.00011045          -0.00004191
    -0.00004193          -0.00004191           0.00011051
 #*EXTRAS*# Step:           4  Bead:     48  
     0.00011095          -0.00004220          -0.00004228
    -0.00004220           0.00011097          -0.00004226
    -0.00004228          -0.00004226           0.00011103
 #*EXTRAS*# Step:           5  Bead:     48  
     0.00011125          -0.00004239          -0.00004247
    -0.00004239           0.00011126          -0.00004244
    -0.00004247          -0.00004244           0.00011132
 #*EXTRAS*# Step:           6  Bead:     48  
     0.00011144          -0.00004251          -0.00004258
    -0.00004251           0.00011143          -0.00004256
    -0.00004258          -0.00004256           0.00011151
 #*EXTRAS*# Step:           7  Bead:     48  
     0.00011156          -0.00004258          -0.00004264
    -0.00004258           0.00011155          -0.00004263
    -0.00004264          -0.00004263           0.00011162
 #*EXTRAS*# Step:           8  Bead:     48  
     0.00011163          -0.00004263          -0.00004269
    -0.00004263           0.00011162          -0.00004267
    -0.00004269          -0.00004267           0.00011170
 #*EXTRAS*# Step:           9  Bead:     48  
     0.00011168          -0.00004266          -0.00004272
    -0.00004266           0.00011166          -0.00004270
    -0.00004272          -0.00004270           0.00011175
 #*EXTRAS*# Step:          10  Bead:     48  
     0.00011171          -0.00004268          -0.00004273
    -0.00004268           0.00011169          -0.00004271
    -0.00004273          -0.00004271           0.00011178
 #*EXTRAS*# Step:          11  Bead:     48  
     0.00011173          -0.00004269          -0.00004275
    -0.00004269           0.00011172          -0.00004273
    -0.00004275          -0.00004273           0.00011180
