 #*EXTRAS*# Step:           0  Bead:     44  
{"friction": [[0.00010664017028987908, -3.874471502576407e-05, -3.8706267883039e-05], [-3.874471502576407e-05, 0.00010663532824109419, -3.87745976441682e-05], [-3.8706267883039e-05, -3.87745976441682e-05, 0.00010656312142689027]]}
 #*EXTRAS*# Step:           1  Bead:     44  
{"friction": [[0.00010904737738839252, -4.085120170975111e-05, -4.0897096206283396e-05], [-4.085120170975111e-05, 0.00010906417370562769, -4.087147447821876e-05], [-4.0897096206283396e-05, -4.087147447821876e-05, 0.00010911267385246929]]}
 #*EXTRAS*# Step:           2  Bead:     44  
{"friction": [[0.00011094693640705304, -4.219894036793211e-05, -4.227561954073473e-05], [-4.219894036793211e-05, 0.00011096071872304386, -4.225334439227173e-05], [-4.227561954073473e-05, -4.225334439227173e-05, 0.00011102101389672582]]}
 #*EXTRAS*# Step:           3  Bead:     44  
{"friction": [[0.00011157150557892233, -4.259135599678139e-05, -4.265301501561713e-05], [-4.259135599678139e-05, 0.00011156086234360825, -4.263383542704127e-05], [-4.265301501561713e-05, -4.263383542704127e-05, 0.00011163903445492691]]}
 #*EXTRAS*# Step:           4  Bead:     44  
{"friction": [[0.00011200843399025782, -4.2852854156760386e-05, -4.2893828720818075e-05], [-4.2852854156760386e-05, 0.00011197074061968918, -4.2875158705624006e-05], [-4.2893828720818075e-05, -4.2875158705624006e-05, 0.00011207049315576282]]}
 #*EXTRAS*# Step:           5  Bead:     44  
{"friction": [[0.00011225671624411899, -4.299697829896951e-05, -4.3022088347372464e-05], [-4.299697829896951e-05, 0.00011219957694884776, -4.300277664689704e-05], [-4.3022088347372464e-05, -4.300277664689704e-05, 0.00011231561983366092]]}
 #*EXTRAS*# Step:           6  Bead:     44  
{"friction": [[0.00011241164966193397, -4.308525524765625e-05, -4.3098972534271776e-05], [-4.308525524765625e-05, 0.00011234089010457118, -4.307887161468411e-05], [-4.3098972534271776e-05, -4.307887161468411e-05, 0.0001124686140726275]]}
 #*EXTRAS*# Step:           7  Bead:     44  
{"friction": [[0.00011250903500309559, -4.3140028233207395e-05, -4.314606505603423e-05], [-4.3140028233207395e-05, 0.000112429198897059, -4.312532081162802e-05], [-4.314606505603423e-05, -4.312532081162802e-05, 0.00011256479334548633]]}
 #*EXTRAS*# Step:           8  Bead:     44  
{"friction": [[0.00011257174398923852, -4.317498866916781e-05, -4.317588678733464e-05], [-4.317498866916781e-05, 0.00011248587221726391, -4.315467008641508e-05], [-4.317588678733464e-05, -4.315467008641508e-05, 0.00011262673090274341]]}
 #*EXTRAS*# Step:           9  Bead:     44  
{"friction": [[0.00011261255069344947, -4.3197603779472884e-05, -4.319508183025607e-05], [-4.3197603779472884e-05, 0.00011252267611733422, -4.317353371825003e-05], [-4.319508183025607e-05, -4.317353371825003e-05, 0.00011266703778432683]]}
 #*EXTRAS*# Step:          10  Bead:     44  
{"friction": [[0.00011263936729658601, -4.3212406454093194e-05, -4.320760567839105e-05], [-4.3212406454093194e-05, 0.00011254683137361447, -4.3185829629857584e-05], [-4.320760567839105e-05, -4.3185829629857584e-05, 0.00011269352685115272]]}
 #*EXTRAS*# Step:          11  Bead:     44  
{"friction": [[0.00011265708920044922, -4.3222162799328774e-05, -4.32158428270747e-05], [-4.3222162799328774e-05, 0.00011256278148570468, -4.3193911770208594e-05], [-4.32158428270747e-05, -4.3193911770208594e-05, 0.00011271103270363154]]}
