 #*EXTRAS*# Step:           0  Bead:      3  
     0.00013172          -0.00003187          -0.00003181
    -0.00003187           0.00013196          -0.00003184
    -0.00003181          -0.00003184           0.00013149
 #*EXTRAS*# Step:           1  Bead:      3  
     0.00012912          -0.00003651          -0.00003621
    -0.00003651           0.00012929          -0.00003655
    -0.00003621          -0.00003655           0.00012878
 #*EXTRAS*# Step:           2  Bead:      3  
     0.00012664          -0.00003969          -0.00003915
    -0.00003969           0.00012672          -0.00003977
    -0.00003915          -0.00003977           0.00012630
 #*EXTRAS*# Step:           3  Bead:      3  
     0.00012514          -0.00004122          -0.00004067
    -0.00004122           0.00012520          -0.00004132
    -0.00004067          -0.00004132           0.00012484
 #*EXTRAS*# Step:           4  Bead:      3  
     0.00012442          -0.00004186          -0.00004137
    -0.00004186           0.00012448          -0.00004196
    -0.00004137          -0.00004196           0.00012416
 #*EXTRAS*# Step:           5  Bead:      3  
     0.00012400          -0.00004219          -0.00004176
    -0.00004219           0.00012407          -0.00004229
    -0.00004176          -0.00004229           0.00012376
 #*EXTRAS*# Step:           6  Bead:      3  
     0.00012376          -0.00004237          -0.00004198
    -0.00004237           0.00012382          -0.00004247
    -0.00004198          -0.00004247           0.00012354
 #*EXTRAS*# Step:           7  Bead:      3  
     0.00012361          -0.00004248          -0.00004212
    -0.00004248           0.00012367          -0.00004258
    -0.00004212          -0.00004258           0.00012339
 #*EXTRAS*# Step:           8  Bead:      3  
     0.00012351          -0.00004255          -0.00004221
    -0.00004255           0.00012358          -0.00004264
    -0.00004221          -0.00004264           0.00012330
 #*EXTRAS*# Step:           9  Bead:      3  
     0.00012345          -0.00004259          -0.00004226
    -0.00004259           0.00012352          -0.00004269
    -0.00004226          -0.00004269           0.00012324
 #*EXTRAS*# Step:          10  Bead:      3  
     0.00012341          -0.00004262          -0.00004229
    -0.00004262           0.00012347          -0.00004271
    -0.00004229          -0.00004271           0.00012320
 #*EXTRAS*# Step:          11  Bead:      3  
     0.00012338          -0.00004264          -0.00004232
    -0.00004264           0.00012345          -0.00004273
    -0.00004232          -0.00004273           0.00012318
