 #*EXTRAS*# Step:           0  Bead:     17  
     0.00012594          -0.00004043          -0.00003988
    -0.00004043           0.00012601          -0.00004052
    -0.00003988          -0.00004052           0.00012562
 #*EXTRAS*# Step:           1  Bead:     17  
     0.00012439          -0.00004188          -0.00004140
    -0.00004188           0.00012445          -0.00004198
    -0.00004140          -0.00004198           0.00012413
 #*EXTRAS*# Step:           2  Bead:     17  
     0.00012321          -0.00004275          -0.00004246
    -0.00004275           0.00012328          -0.00004284
    -0.00004246          -0.00004284           0.00012302
 #*EXTRAS*# Step:           3  Bead:     17  
     0.00012237          -0.00004323          -0.00004309
    -0.00004323           0.00012244          -0.00004329
    -0.00004309          -0.00004329           0.00012224
 #*EXTRAS*# Step:           4  Bead:     17  
     0.00012196          -0.00004344          -0.00004336
    -0.00004344           0.00012201          -0.00004347
    -0.00004336          -0.00004347           0.00012185
 #*EXTRAS*# Step:           5  Bead:     17  
     0.00012170          -0.00004356          -0.00004351
    -0.00004356           0.00012173          -0.00004357
    -0.00004351          -0.00004357           0.00012160
 #*EXTRAS*# Step:           6  Bead:     17  
     0.00012154          -0.00004363          -0.00004359
    -0.00004363           0.00012156          -0.00004362
    -0.00004359          -0.00004362           0.00012145
 #*EXTRAS*# Step:           7  Bead:     17  
     0.00012143          -0.00004367          -0.00004364
    -0.00004367           0.00012145          -0.00004366
    -0.00004364          -0.00004366           0.00012135
 #*EXTRAS*# Step:           8  Bead:     17  
     0.00012137          -0.00004369          -0.00004367
    -0.00004369           0.00012138          -0.00004368
    -0.00004367          -0.00004368           0.00012129
 #*EXTRAS*# Step:           9  Bead:     17  
     0.00012133          -0.00004371          -0.00004369
    -0.00004371           0.00012134          -0.00004369
    -0.00004369          -0.00004369           0.00012125
 #*EXTRAS*# Step:          10  Bead:     17  
     0.00012130          -0.00004372          -0.00004371
    -0.00004372           0.00012131          -0.00004370
    -0.00004371          -0.00004370           0.00012122
 #*EXTRAS*# Step:          11  Bead:     17  
     0.00012128          -0.00004373          -0.00004372
    -0.00004373           0.00012129          -0.00004371
    -0.00004372          -0.00004371           0.00012120
