 #*EXTRAS*# Step:           0  Bead:     53  
     0.00010343          -0.00003495          -0.00003489
    -0.00003495           0.00010341          -0.00003514
    -0.00003489          -0.00003514           0.00010304
 #*EXTRAS*# Step:           1  Bead:     53  
     0.00010610          -0.00003820          -0.00003814
    -0.00003820           0.00010609          -0.00003825
    -0.00003814          -0.00003825           0.00010597
 #*EXTRAS*# Step:           2  Bead:     53  
     0.00010842          -0.00004035          -0.00004037
    -0.00004035           0.00010843          -0.00004036
    -0.00004037          -0.00004036           0.00010847
 #*EXTRAS*# Step:           3  Bead:     53  
     0.00010934          -0.00004108          -0.00004113
    -0.00004108           0.00010936          -0.00004111
    -0.00004113          -0.00004111           0.00010941
 #*EXTRAS*# Step:           4  Bead:     53  
     0.00010995          -0.00004152          -0.00004159
    -0.00004152           0.00010997          -0.00004156
    -0.00004159          -0.00004156           0.00011002
 #*EXTRAS*# Step:           5  Bead:     53  
     0.00011030          -0.00004177          -0.00004184
    -0.00004177           0.00011032          -0.00004182
    -0.00004184          -0.00004182           0.00011037
 #*EXTRAS*# Step:           6  Bead:     53  
     0.00011051          -0.00004191          -0.00004199
    -0.00004191           0.00011054          -0.00004197
    -0.00004199          -0.00004197           0.00011059
 #*EXTRAS*# Step:           7  Bead:     53  
     0.00011065          -0.00004200          -0.00004208
    -0.00004200           0.00011067          -0.00004206
    -0.00004208          -0.00004206           0.00011073
 #*EXTRAS*# Step:           8  Bead:     53  
     0.00011074          -0.00004206          -0.00004214
    -0.00004206           0.00011076          -0.00004212
    -0.00004214          -0.00004212           0.00011081
 #*EXTRAS*# Step:           9  Bead:     53  
     0.00011079          -0.00004210          -0.00004218
    -0.00004210           0.00011081          -0.00004215
    -0.00004218          -0.00004215           0.00011087
 #*EXTRAS*# Step:          10  Bead:     53  
     0.00011083          -0.00004212          -0.00004220
    -0.00004212           0.00011085          -0.00004218
    -0.00004220          -0.00004218           0.00011091
 #*EXTRAS*# Step:          11  Bead:     53  
     0.00011086          -0.00004214          -0.00004222
    -0.00004214           0.00011087          -0.00004219
    -0.00004222          -0.00004219           0.00011093
