 #*EXTRAS*# Step:           0  Bead:     34  
{"friction": [[0.0001129115705507499, -4.335986330177095e-05, -4.33306885948054e-05], [-4.335986330177095e-05, 0.00011279080035366944, -4.3306160132593466e-05], [-4.33306885948054e-05, -4.3306160132593466e-05, 0.00011296244664467974]]}
 #*EXTRAS*# Step:           1  Bead:     34  
{"friction": [[0.00011426150772254876, -4.399832285946132e-05, -4.3834685021937484e-05], [-4.399832285946132e-05, 0.00011398810605570284, -4.378676893980419e-05], [-4.3834685021937484e-05, -4.378676893980419e-05, 0.00011429715231755915]]}
 #*EXTRAS*# Step:           2  Bead:     34  
{"friction": [[0.00011526264338286579, -4.434576130918476e-05, -4.409837880774723e-05], [-4.434576130918476e-05, 0.00011489363744283414, -4.402589337720955e-05], [-4.409837880774723e-05, -4.402589337720955e-05, 0.00011528802861583142]]}
 #*EXTRAS*# Step:           3  Bead:     34  
{"friction": [[0.00011534836302830751, -4.4369686628347246e-05, -4.411676802902943e-05], [-4.4369686628347246e-05, 0.00011497288763174257, -4.4042001353587696e-05], [-4.411676802902943e-05, -4.4042001353587696e-05, 0.00011537290750191765]]}
 #*EXTRAS*# Step:           4  Bead:     34  
{"friction": [[0.00011548827852440699, -4.4406643370886556e-05, -4.4145394204292986e-05], [-4.4406643370886556e-05, 0.00011510297961325047, -4.406686059320522e-05], [-4.4145394204292986e-05, -4.406686059320522e-05, 0.00011551146288650336]]}
 #*EXTRAS*# Step:           5  Bead:     34  
{"friction": [[0.00011555673708213701, -4.442376682210013e-05, -4.415877597355805e-05], [-4.442376682210013e-05, 0.00011516698007694079, -4.407838138163964e-05], [-4.415877597355805e-05, -4.407838138163964e-05, 0.00011557926142255594]]}
 #*EXTRAS*# Step:           6  Bead:     34  
{"friction": [[0.00011560121878781194, -4.443455165335257e-05, -4.4167251958182236e-05], [-4.443455165335257e-05, 0.00011520869247353871, -4.4085642394160214e-05], [-4.4167251958182236e-05, -4.4085642394160214e-05, 0.00011562331617730565]]}
 #*EXTRAS*# Step:           7  Bead:     34  
{"friction": [[0.00011562888057639166, -4.444112203691841e-05, -4.417243614823435e-05], [-4.444112203691841e-05, 0.00011523468373871902, -4.409006884789824e-05], [-4.417243614823435e-05, -4.409006884789824e-05, 0.0001156507132114404]]}
 #*EXTRAS*# Step:           8  Bead:     34  
{"friction": [[0.0001156467928275793, -4.444532066964563e-05, -4.41757577114203e-05], [-4.444532066964563e-05, 0.00011525153563379555, -4.4092898879145275e-05], [-4.41757577114203e-05, -4.4092898879145275e-05, 0.00011566845432926164]]}
 #*EXTRAS*# Step:           9  Bead:     34  
{"friction": [[0.00011565842365222586, -4.444802331617e-05, -4.41778995776946e-05], [-4.444802331617e-05, 0.00011526248701662714, -4.4094721227055774e-05], [-4.41778995776946e-05, -4.4094721227055774e-05, 0.00011567997416215917]]}
 #*EXTRAS*# Step:          10  Bead:     34  
{"friction": [[0.00011566607160918241, -4.4449790316441855e-05, -4.4179301593005485e-05], [-4.4449790316441855e-05, 0.00011526969211234302, -4.409591298963699e-05], [-4.4179301593005485e-05, -4.409591298963699e-05, 0.00011568754919072312]]}
 #*EXTRAS*# Step:          11  Bead:     34  
{"friction": [[0.00011567112279363183, -4.4450952932775206e-05, -4.418022479251847e-05], [-4.4450952932775206e-05, 0.00011527445251132792, -4.409669726038635e-05], [-4.418022479251847e-05, -4.409669726038635e-05, 0.00011569255223276694]]}
