 #*EXTRAS*# Step:           0  Bead:     11  
{"friction": [[0.00012947879542120336, -3.5980173125907095e-05, -3.571737595016751e-05], [-3.5980173125907095e-05, 0.00012965675992702663, -3.6011208770852356e-05], [-3.571737595016751e-05, -3.6011208770852356e-05, 0.00012914132189854633]]}
 #*EXTRAS*# Step:           1  Bead:     11  
{"friction": [[0.00012705252970230646, -3.921370812438338e-05, -3.870904648826126e-05], [-3.921370812438338e-05, 0.00012715033668483504, -3.92912874103169e-05], [-3.870904648826126e-05, -3.92912874103169e-05, 0.00012670595014234248]]}
 #*EXTRAS*# Step:           2  Bead:     11  
{"friction": [[0.00012507454308038747, -4.127837593086452e-05, -4.073739587222327e-05], [-4.127837593086452e-05, 0.0001251349283747576, -4.137790040614989e-05], [-4.073739587222327e-05, -4.137790040614989e-05, 0.0001247809197922315]]}
 #*EXTRAS*# Step:           3  Bead:     11  
{"friction": [[0.0001239193385280136, -4.2252582988567965e-05, -4.183928074955836e-05], [-4.2252582988567965e-05, 0.00012398379333133434, -4.2352156707860356e-05], [-4.183928074955836e-05, -4.2352156707860356e-05, 0.000123685620353021]]}
 #*EXTRAS*# Step:           4  Bead:     11  
{"friction": [[0.000123359960663602, -4.265105176475702e-05, -4.233402595741703e-05], [-4.265105176475702e-05, 0.0001234285497355096, -4.2742533876065804e-05], [-4.233402595741703e-05, -4.2742533876065804e-05, 0.00012316140888372288]]}
 #*EXTRAS*# Step:           5  Bead:     11  
{"friction": [[0.00012302424738712202, -4.2866124341593966e-05, -4.261102112152255e-05], [-4.2866124341593966e-05, 0.00012309346699192005, -4.2948905006687425e-05], [-4.261102112152255e-05, -4.2948905006687425e-05, 0.00012284764294760882]]}
 #*EXTRAS*# Step:           6  Bead:     11  
{"friction": [[0.00012282264991463675, -4.298678035557154e-05, -4.276871893318173e-05], [-4.298678035557154e-05, 0.00012289102210902726, -4.306271487081847e-05], [-4.276871893318173e-05, -4.306271487081847e-05, 0.00012265925800972037]]}
 #*EXTRAS*# Step:           7  Bead:     11  
{"friction": [[0.000122695742333527, -4.3059564289629945e-05, -4.286436340902654e-05], [-4.3059564289629945e-05, 0.00012276297930847354, -4.313051786946066e-05], [-4.286436340902654e-05, -4.313051786946066e-05, 0.00012254061363862887]]}
 #*EXTRAS*# Step:           8  Bead:     11  
{"friction": [[0.00012261448766159858, -4.310491272030069e-05, -4.2924061852190495e-05], [-4.310491272030069e-05, 0.0001226807221796435, -4.317239453641315e-05], [-4.2924061852190495e-05, -4.317239453641315e-05, 0.00012246461075579693]]}
 #*EXTRAS*# Step:           9  Bead:     11  
{"friction": [[0.00012256160905263074, -4.3133909391350406e-05, -4.2962250112511566e-05], [-4.3133909391350406e-05, 0.00012262706748494855, -4.319901088073911e-05], [-4.2962250112511566e-05, -4.319901088073911e-05, 0.00012241512911120248]]}
 #*EXTRAS*# Step:          10  Bead:     11  
{"friction": [[0.00012252689599436746, -4.3152727047498306e-05, -4.298703135321873e-05], [-4.3152727047498306e-05, 0.00012259178972210728, -4.321621343798132e-05], [-4.298703135321873e-05, -4.321621343798132e-05, 0.0001223826359117054]]}
 #*EXTRAS*# Step:          11  Bead:     11  
{"friction": [[0.00012250395683968717, -4.3165068397720224e-05, -4.300328088168336e-05], [-4.3165068397720224e-05, 0.0001225684527624527, -4.322746449495209e-05], [-4.300328088168336e-05, -4.322746449495209e-05, 0.00012236115893254023]]}
