 #*EXTRAS*# Step:           0  Bead:      2  
{"friction": [[0.00013182249801045433, -3.1627039924819494e-05, -3.157597998104187e-05], [-3.1627039924819494e-05, 0.00013206576277603182, -3.1595838794370805e-05], [-3.157597998104187e-05, -3.1595838794370805e-05, 0.0001315990850259919]]}
 #*EXTRAS*# Step:           1  Bead:      2  
{"friction": [[0.00012923108930599453, -3.6353652737885806e-05, -3.6062785314018805e-05], [-3.6353652737885806e-05, 0.0001294004836228374, -3.639024281520528e-05], [-3.6062785314018805e-05, -3.639024281520528e-05, 0.00012888869629231863]]}
 #*EXTRAS*# Step:           2  Bead:      2  
{"friction": [[0.00012672135259414853, -3.959214072162623e-05, -3.9066178140534965e-05], [-3.959214072162623e-05, 0.00012681011591002486, -3.9674590722181904e-05], [-3.9066178140534965e-05, -3.9674590722181904e-05, 0.00012637977774619612]]}
 #*EXTRAS*# Step:           3  Bead:      2  
{"friction": [[0.00012520760809126187, -4.115435311482684e-05, -4.060699073178873e-05], [-4.115435311482684e-05, 0.00012526887374338333, -4.1253033813381775e-05], [-4.060699073178873e-05, -4.1253033813381775e-05, 0.00012490853993662836]]}
 #*EXTRAS*# Step:           4  Bead:      2  
{"friction": [[0.0001244748132251995, -4.180826321240631e-05, -4.131846185162289e-05], [-4.180826321240631e-05, 0.00012453525576586218, -4.190986698891169e-05], [-4.131846185162289e-05, -4.190986698891169e-05, 0.00012420964268517511]]}
 #*EXTRAS*# Step:           5  Bead:      2  
{"friction": [[0.00012405507440282424, -4.2148382545368785e-05, -4.171422516085467e-05], [-4.2148382545368785e-05, 0.0001241183820760016, -4.224891952595161e-05], [-4.171422516085467e-05, -4.224891952595161e-05, 0.0001238132855627299]]}
 #*EXTRAS*# Step:           6  Bead:      2  
{"friction": [[0.00012380788333468055, -4.233597178315575e-05, -4.194066561728076e-05], [-4.233597178315575e-05, 0.00012387329072427913, -4.243448932825025e-05], [-4.194066561728076e-05, -4.243448932825025e-05, 0.00012358095004983145]]}
 #*EXTRAS*# Step:           7  Bead:      2  
{"friction": [[0.0001236541480317297, -4.244774511008442e-05, -4.207837405027229e-05], [-4.244774511008442e-05, 0.00012372081705698038, -4.254437773092577e-05], [-4.207837405027229e-05, -4.254437773092577e-05, 0.00012343677817892472]]}
 #*EXTRAS*# Step:           8  Bead:      2  
{"friction": [[0.0001235563837097352, -4.251685284128123e-05, -4.2164541506690154e-05], [-4.251685284128123e-05, 0.0001236237846671686, -4.261200917143531e-05], [-4.2164541506690154e-05, -4.261200917143531e-05, 0.00012334520194097132]]}
 #*EXTRAS*# Step:           9  Bead:      2  
{"friction": [[0.0001234930449077949, -4.256080500768818e-05, -4.2219742037343975e-05], [-4.256080500768818e-05, 0.00012356087644094634, -4.265488273245225e-05], [-4.2219742037343975e-05, -4.265488273245225e-05, 0.00012328590992971488]]}
 #*EXTRAS*# Step:          10  Bead:      2  
{"friction": [[0.00012345158024685302, -4.258922847965072e-05, -4.225560140408513e-05], [-4.258922847965072e-05, 0.00012351967104233012, -4.268254619250217e-05], [-4.225560140408513e-05, -4.268254619250217e-05, 0.0001232471087031815]]}
 #*EXTRAS*# Step:          11  Bead:      2  
{"friction": [[0.00012342422983022242, -4.260782538427597e-05, -4.227913109305686e-05], [-4.260782538427597e-05, 0.00012349248068976987, -4.2700617915078515e-05], [-4.227913109305686e-05, -4.2700617915078515e-05, 0.0001232215207278749]]}
