 #*EXTRAS*# Step:           0  Bead:     19  
{"friction": [[0.00012459632602131336, -4.170492542491858e-05, -4.120187097266213e-05], [-4.170492542491858e-05, 0.00012465628415804492, -4.1806390624578615e-05], [-4.120187097266213e-05, -4.1806390624578615e-05, 0.00012432488906652224]]}
 #*EXTRAS*# Step:           1  Bead:     19  
{"friction": [[0.00012344341606437893, -4.2594792313237465e-05, -4.226263546021848e-05], [-4.2594792313237465e-05, 0.00012351155558679326, -4.2687955260761484e-05], [-4.226263546021848e-05, -4.2687955260761484e-05, 0.00012323947016404854]]}
 #*EXTRAS*# Step:           2  Bead:     19  
{"friction": [[0.0001224990773896943, -4.316768398975024e-05, -4.300672431795472e-05], [-4.316768398975024e-05, 0.00012256348613050858, -4.32298457976013e-05], [-4.300672431795472e-05, -4.32298457976013e-05, 0.00012235658999764628]]}
 #*EXTRAS*# Step:           3  Bead:     19  
{"friction": [[0.00012174609791396609, -4.353436308218889e-05, -4.3480650988786034e-05], [-4.353436308218889e-05, 0.00012178462554804798, -4.355005529363577e-05], [-4.3480650988786034e-05, -4.355005529363577e-05, 0.00012164839956465362]]}
 #*EXTRAS*# Step:           4  Bead:     19  
{"friction": [[0.00012137421260250509, -4.3692307869037394e-05, -4.367107323894586e-05], [-4.3692307869037394e-05, 0.0001213894428461508, -4.367733060110526e-05], [-4.367107323894586e-05, -4.367733060110526e-05, 0.00012129541640312762]]}
 #*EXTRAS*# Step:           5  Bead:     19  
{"friction": [[0.00012113485643045337, -4.3787646628226176e-05, -4.377832243325158e-05], [-4.3787646628226176e-05, 0.00012113100855893098, -4.375026470298071e-05], [-4.377832243325158e-05, -4.375026470298071e-05, 0.00012106678800552513]]}
 #*EXTRAS*# Step:           6  Bead:     19  
{"friction": [[0.00012098857876750774, -4.384378969877826e-05, -4.383814076658575e-05], [-4.384378969877826e-05, 0.00012097151526909515, -4.379175444989424e-05], [-4.383814076658575e-05, -4.379175444989424e-05, 0.00012092648333040016]]}
 #*EXTRAS*# Step:           7  Bead:     19  
{"friction": [[0.00012089540608882924, -4.387871672039968e-05, -4.387409805930765e-05], [-4.387871672039968e-05, 0.00012086937996559985, -4.381702496214579e-05], [-4.387409805930765e-05, -4.381702496214579e-05, 0.00012083689826103156]]}
 #*EXTRAS*# Step:           8  Bead:     19  
{"friction": [[0.00012083548205169441, -4.390083377314648e-05, -4.389637471563365e-05], [-4.390083377314648e-05, 0.00012080348850204614, -4.3832814873784745e-05], [-4.389637471563365e-05, -4.3832814873784745e-05, 0.00012077919682483574]]}
 #*EXTRAS*# Step:           9  Bead:     19  
{"friction": [[0.00012079636313107244, -4.391512476239298e-05, -4.39105667510141e-05], [-4.391512476239298e-05, 0.00012076039364198491, -4.3842930450409304e-05], [-4.39105667510141e-05, -4.3842930450409304e-05, 0.00012074149417647374]]}
 #*EXTRAS*# Step:          10  Bead:     19  
{"friction": [[0.00012077064306673696, -4.392445721663701e-05, -4.3919749224597155e-05], [-4.392445721663701e-05, 0.00012073202634962098, -4.384949941703018e-05], [-4.3919749224597155e-05, -4.384949941703018e-05, 0.00012071669067790518]]}
 #*EXTRAS*# Step:          11  Bead:     19  
{"friction": [[0.00012075362873120946, -4.393060299194752e-05, -4.392575946645879e-05], [-4.393060299194752e-05, 0.00012071324679783699, -4.385380946925693e-05], [-4.392575946645879e-05, -4.385380946925693e-05, 0.0001207002763850438]]}
