 #*EXTRAS*# Step:           0  Bead:     10  
     0.00012992          -0.00003529          -0.00003508
    -0.00003529           0.00013011          -0.00003531
    -0.00003508          -0.00003531           0.00012959
 #*EXTRAS*# Step:           1  Bead:     10  
     0.00012743          -0.00003877          -0.00003830
    -0.00003877           0.00012753          -0.00003884
    -0.00003830          -0.00003884           0.00012707
 #*EXTRAS*# Step:           2  Bead:     10  
     0.00012534          -0.00004103          -0.00004047
    -0.00004103           0.00012541          -0.00004112
    -0.00004047          -0.00004112           0.00012504
 #*EXTRAS*# Step:           3  Bead:     10  
     0.00012413          -0.00004209          -0.00004164
    -0.00004209           0.00012419          -0.00004219
    -0.00004164          -0.00004219           0.00012388
 #*EXTRAS*# Step:           4  Bead:     10  
     0.00012355          -0.00004252          -0.00004217
    -0.00004252           0.00012361          -0.00004262
    -0.00004217          -0.00004262           0.00012334
 #*EXTRAS*# Step:           5  Bead:     10  
     0.00012320          -0.00004276          -0.00004247
    -0.00004276           0.00012327          -0.00004284
    -0.00004247          -0.00004284           0.00012301
 #*EXTRAS*# Step:           6  Bead:     10  
     0.00012299          -0.00004289          -0.00004264
    -0.00004289           0.00012306          -0.00004297
    -0.00004264          -0.00004297           0.00012282
 #*EXTRAS*# Step:           7  Bead:     10  
     0.00012286          -0.00004297          -0.00004274
    -0.00004297           0.00012293          -0.00004304
    -0.00004274          -0.00004304           0.00012269
 #*EXTRAS*# Step:           8  Bead:     10  
     0.00012277          -0.00004301          -0.00004281
    -0.00004301           0.00012284          -0.00004309
    -0.00004281          -0.00004309           0.00012261
 #*EXTRAS*# Step:           9  Bead:     10  
     0.00012272          -0.00004305          -0.00004285
    -0.00004305           0.00012279          -0.00004312
    -0.00004285          -0.00004312           0.00012256
 #*EXTRAS*# Step:          10  Bead:     10  
     0.00012268          -0.00004307          -0.00004287
    -0.00004307           0.00012275          -0.00004314
    -0.00004287          -0.00004314           0.00012253
 #*EXTRAS*# Step:          11  Bead:     10  
     0.00012266          -0.00004308          -0.00004289
    -0.00004308           0.00012273          -0.00004315
    -0.00004289          -0.00004315           0.00012251
