 #*EXTRAS*# Step:           0  Bead:     42  
     0.00010769          -0.00003973          -0.00003972
    -0.00003973           0.00010769          -0.00003973
    -0.00003972          -0.00003973           0.00010770
 #*EXTRAS*# Step:           1  Bead:     42  
     0.00010993          -0.00004151          -0.00004158
    -0.00004151           0.00010996          -0.00004155
    -0.00004158          -0.00004155           0.00011001
 #*EXTRAS*# Step:           2  Bead:     42  
     0.00011169          -0.00004267          -0.00004272
    -0.00004267           0.00011168          -0.00004270
    -0.00004272          -0.00004270           0.00011176
 #*EXTRAS*# Step:           3  Bead:     42  
     0.00011223          -0.00004298          -0.00004301
    -0.00004298           0.00011217          -0.00004299
    -0.00004301          -0.00004299           0.00011229
 #*EXTRAS*# Step:           4  Bead:     42  
     0.00011261          -0.00004320          -0.00004320
    -0.00004320           0.00011252          -0.00004317
    -0.00004320          -0.00004317           0.00011267
 #*EXTRAS*# Step:           5  Bead:     42  
     0.00011283          -0.00004332          -0.00004330
    -0.00004332           0.00011272          -0.00004327
    -0.00004330          -0.00004327           0.00011288
 #*EXTRAS*# Step:           6  Bead:     42  
     0.00011297          -0.00004339          -0.00004336
    -0.00004339           0.00011284          -0.00004333
    -0.00004336          -0.00004333           0.00011302
 #*EXTRAS*# Step:           7  Bead:     42  
     0.00011306          -0.00004344          -0.00004339
    -0.00004344           0.00011292          -0.00004337
    -0.00004339          -0.00004337           0.00011310
 #*EXTRAS*# Step:           8  Bead:     42  
     0.00011311          -0.00004346          -0.00004342
    -0.00004346           0.00011297          -0.00004339
    -0.00004342          -0.00004339           0.00011316
 #*EXTRAS*# Step:           9  Bead:     42  
     0.00011315          -0.00004348          -0.00004343
    -0.00004348           0.00011300          -0.00004340
    -0.00004343          -0.00004340           0.00011319
 #*EXTRAS*# Step:          10  Bead:     42  
     0.00011317          -0.00004349          -0.00004344
    -0.00004349           0.00011302          -0.00004341
    -0.00004344          -0.00004341           0.00011322
 #*EXTRAS*# Step:          11  Bead:     42  
     0.00011319          -0.00004350          -0.00004345
    -0.00004350           0.00011303          -0.00004342
    -0.00004345          -0.00004342           0.00011323
