 #*EXTRAS*# Step:           0  Bead:     27  
{"friction": [[0.00011875913034376447, -4.4483228394450665e-05, -4.434026563858943e-05], [-4.4483228394450665e-05, 0.00011848148125785116, -4.418642315217651e-05], [-4.434026563858943e-05, -4.418642315217651e-05, 0.0001187506872749722]]}
 #*EXTRAS*# Step:           1  Bead:     27  
{"friction": [[0.00011889754303883965, -4.4456646700982576e-05, -4.432720011949088e-05], [-4.4456646700982576e-05, 0.0001186358872430357, -4.417347474909975e-05], [-4.432720011949088e-05, -4.417347474909975e-05, 0.00011888716920890355]]}
 #*EXTRAS*# Step:           2  Bead:     27  
{"friction": [[0.00011891124627343716, -4.445390976398518e-05, -4.432579681108149e-05], [-4.445390976398518e-05, 0.00011865119525684976, -4.4172115200751746e-05], [-4.432579681108149e-05, -4.4172115200751746e-05, 0.00011890067463300128]]}
 #*EXTRAS*# Step:           3  Bead:     27  
{"friction": [[0.00011852063630896816, -4.452438000901119e-05, -4.435816135188714e-05], [-4.452438000901119e-05, 0.00011821650531754549, -4.4205404201912454e-05], [-4.435816135188714e-05, -4.4205404201912454e-05, 0.00011851525582722269]]}
 #*EXTRAS*# Step:           4  Bead:     27  
{"friction": [[0.00011839001607548813, -4.454434282367058e-05, -4.436556264881523e-05], [-4.454434282367058e-05, 0.00011807206488202185, -4.421402249739068e-05], [-4.436556264881523e-05, -4.421402249739068e-05, 0.00011838618681243794]]}
 #*EXTRAS*# Step:           5  Bead:     27  
{"friction": [[0.00011829612387727394, -4.45575320587298e-05, -4.436986170150084e-05], [-4.45575320587298e-05, 0.00011796858021705418, -4.421944224516458e-05], [-4.436986170150084e-05, -4.421944224516458e-05, 0.00011829336058556301]]}
 #*EXTRAS*# Step:           6  Bead:     27  
{"friction": [[0.00011824124476680616, -4.456478314321945e-05, -4.4371985110537326e-05], [-4.456478314321945e-05, 0.00011790823687257927, -4.422230990345265e-05], [-4.4371985110537326e-05, -4.422230990345265e-05, 0.00011823908691204161]]}
 #*EXTRAS*# Step:           7  Bead:     27  
{"friction": [[0.000118206352754207, -4.4569215486619616e-05, -4.4373187281910205e-05], [-4.4569215486619616e-05, 0.0001178699279420633, -4.4224017990701657e-05], [-4.4373187281910205e-05, -4.4224017990701657e-05, 0.00011820457342555049]]}
 #*EXTRAS*# Step:           8  Bead:     27  
{"friction": [[0.00011818414799400393, -4.4571963610244567e-05, -4.437389282420149e-05], [-4.4571963610244567e-05, 0.00011784557250768474, -4.422505836706408e-05], [-4.437389282420149e-05, -4.422505836706408e-05, 0.00011818260704496809]]}
 #*EXTRAS*# Step:           9  Bead:     27  
{"friction": [[0.00011816968805519664, -4.457372272219616e-05, -4.437432749127666e-05], [-4.457372272219616e-05, 0.00011782972215492802, -4.4225716367651537e-05], [-4.437432749127666e-05, -4.4225716367651537e-05, 0.00011816830131475525]]}
 #*EXTRAS*# Step:          10  Bead:     27  
{"friction": [[0.00011816021069794609, -4.45748625932287e-05, -4.4374601799984085e-05], [-4.45748625932287e-05, 0.00011781933786982312, -4.422613928911364e-05], [-4.4374601799984085e-05, -4.422613928911364e-05, 0.00011815892459624705]]}
 #*EXTRAS*# Step:          11  Bead:     27  
{"friction": [[0.00011815394944373662, -4.457560995606988e-05, -4.4374778434002464e-05], [-4.457560995606988e-05, 0.00011781247936593324, -4.422641506796233e-05], [-4.4374778434002464e-05, -4.422641506796233e-05, 0.00011815272964316132]]}
