 #*EXTRAS*# Step:           0  Bead:     45  
{"friction": [[0.00010615791386994777, -3.8259948801847704e-05, -3.820990102880373e-05], [-3.8259948801847704e-05, 0.0001061542815691971, -3.831149517488624e-05], [-3.820990102880373e-05, -3.831149517488624e-05, 0.000106034172149726]]}
 #*EXTRAS*# Step:           1  Bead:     45  
{"friction": [[0.00010863469602018364, -4.052399813395291e-05, -4.055448700123146e-05], [-4.052399813395291e-05, 0.00010864509081510968, -4.05343510809212e-05], [-4.055448700123146e-05, -4.05343510809212e-05, 0.00010868824489182309]]}
 #*EXTRAS*# Step:           2  Bead:     45  
{"friction": [[0.00011059750715570393, -4.196916716171967e-05, -4.204768466388029e-05], [-4.196916716171967e-05, 0.00011061864402767053, -4.2023208820699584e-05], [-4.204768466388029e-05, -4.2023208820699584e-05, 0.00011067396209392366]]}
 #*EXTRAS*# Step:           3  Bead:     45  
{"friction": [[0.0001112641688837344, -4.24010960550294e-05, -4.247215373462893e-05], [-4.24010960550294e-05, 0.00011126749310831239, -4.245168891995276e-05], [-4.247215373462893e-05, -4.245168891995276e-05, 0.00011133520091907473]]}
 #*EXTRAS*# Step:           4  Bead:     45  
{"friction": [[0.00011172435580959319, -4.268400770341092e-05, -4.273944323230246e-05], [-4.268400770341092e-05, 0.00011170524875038996, -4.272064725443229e-05], [-4.273944323230246e-05, -4.272064725443229e-05, 0.00011179001133822722]]}
 #*EXTRAS*# Step:           5  Bead:     45  
{"friction": [[0.00011198664235724837, -4.28400529230893e-05, -4.2882274027017454e-05], [-4.28400529230893e-05, 0.00011195051066232454, -4.2863624771099615e-05], [-4.2882274027017454e-05, -4.2863624771099615e-05, 0.00011204897975709736]]}
 #*EXTRAS*# Step:           6  Bead:     45  
{"friction": [[0.00011215016152124495, -4.293551184641547e-05, -4.2967806857432826e-05], [-4.293551184641547e-05, 0.00011210174255055643, -4.294886471572819e-05], [-4.2967806857432826e-05, -4.294886471572819e-05, 0.00011221041346661001]]}
 #*EXTRAS*# Step:           7  Bead:     45  
{"friction": [[0.00011225296614996207, -4.299482513787121e-05, -4.30201974310676e-05], [-4.299482513787121e-05, 0.0001121961430951405, -4.300090117197603e-05], [-4.30201974310676e-05, -4.300090117197603e-05, 0.00011231191698952628]]}
 #*EXTRAS*# Step:           8  Bead:     45  
{"friction": [[0.00011231915887350306, -4.3032718317650015e-05, -4.30533655344622e-05], [-4.3032718317650015e-05, 0.00011225665817841294, -4.303377104961898e-05], [-4.30533655344622e-05, -4.303377104961898e-05, 0.0001123772778858554]]}
 #*EXTRAS*# Step:           9  Bead:     45  
{"friction": [[0.00011236223583898793, -4.305724795473915e-05, -4.307471368708211e-05], [-4.305724795473915e-05, 0.00011229593438914257, -4.305489620094858e-05], [-4.307471368708211e-05, -4.305489620094858e-05, 0.00011241981598934233]]}
 #*EXTRAS*# Step:          10  Bead:     45  
{"friction": [[0.00011239054470102075, -4.307331048744947e-05, -4.3088641433501954e-05], [-4.307331048744947e-05, 0.00011232170180686712, -4.3068665155153757e-05], [-4.3088641433501954e-05, -4.3068665155153757e-05, 0.00011244777178607453]]}
 #*EXTRAS*# Step:          11  Bead:     45  
{"friction": [[0.0001124092533447522, -4.308390031806745e-05, -4.30978017623542e-05], [-4.308390031806745e-05, 0.00011233871234142084, -4.307771526258414e-05], [-4.30978017623542e-05, -4.307771526258414e-05, 0.00011246624755686012]]}
