 #*EXTRAS*# Step:           0  Bead:     39  
     0.00010946          -0.00004117          -0.00004123
    -0.00004117           0.00010948          -0.00004120
    -0.00004123          -0.00004120           0.00010953
 #*EXTRAS*# Step:           1  Bead:     39  
     0.00011141          -0.00004249          -0.00004256
    -0.00004249           0.00011141          -0.00004254
    -0.00004256          -0.00004254           0.00011148
 #*EXTRAS*# Step:           2  Bead:     39  
     0.00011293          -0.00004337          -0.00004334
    -0.00004337           0.00011281          -0.00004331
    -0.00004334          -0.00004331           0.00011298
 #*EXTRAS*# Step:           3  Bead:     39  
     0.00011331          -0.00004357          -0.00004350
    -0.00004357           0.00011315          -0.00004347
    -0.00004350          -0.00004347           0.00011336
 #*EXTRAS*# Step:           4  Bead:     39  
     0.00011361          -0.00004371          -0.00004361
    -0.00004371           0.00011341          -0.00004358
    -0.00004361          -0.00004358           0.00011366
 #*EXTRAS*# Step:           5  Bead:     39  
     0.00011378          -0.00004379          -0.00004368
    -0.00004379           0.00011356          -0.00004364
    -0.00004368          -0.00004364           0.00011382
 #*EXTRAS*# Step:           6  Bead:     39  
     0.00011389          -0.00004384          -0.00004371
    -0.00004384           0.00011366          -0.00004367
    -0.00004371          -0.00004367           0.00011393
 #*EXTRAS*# Step:           7  Bead:     39  
     0.00011395          -0.00004387          -0.00004373
    -0.00004387           0.00011371          -0.00004369
    -0.00004373          -0.00004369           0.00011399
 #*EXTRAS*# Step:           8  Bead:     39  
     0.00011400          -0.00004389          -0.00004375
    -0.00004389           0.00011375          -0.00004371
    -0.00004375          -0.00004371           0.00011403
 #*EXTRAS*# Step:           9  Bead:     39  
     0.00011402          -0.00004390          -0.00004376
    -0.00004390           0.00011378          -0.00004372
    -0.00004376          -0.00004372           0.00011406
 #*EXTRAS*# Step:          10  Bead:     39  
     0.00011404          -0.00004391          -0.00004376
    -0.00004391           0.00011379          -0.00004372
    -0.00004376          -0.00004372           0.00011408
 #*EXTRAS*# Step:          11  Bead:     39  
     0.00011405          -0.00004391          -0.00004377
    -0.00004391           0.00011380          -0.00004372
    -0.00004377          -0.00004372           0.00011409
