 #*EXTRAS*# Step:           0  Bead:     60  
{"friction": [[0.00010243489413890537, -3.337266793205423e-05, -3.3350583183048474e-05], [-3.337266793205423e-05, 0.00010237819197671717, -3.355483283288116e-05], [-3.3350583183048474e-05, -3.355483283288116e-05, 0.00010201127331709875]]}
 #*EXTRAS*# Step:           1  Bead:     60  
{"friction": [[0.00010504171525898483, -3.703902177562985e-05, -3.697215820465263e-05], [-3.703902177562985e-05, 0.00010504159386926141, -3.715214478383926e-05], [-3.697215820465263e-05, -3.715214478383926e-05, 0.00010480114085988345]]}
 #*EXTRAS*# Step:           2  Bead:     60  
{"friction": [[0.00010747699575359396, -3.953306711412285e-05, -3.951997134586765e-05], [-3.953306711412285e-05, 0.00010747358365077813, -3.953874851522914e-05], [-3.951997134586765e-05, -3.953874851522914e-05, 0.0001074694386068857]]}
 #*EXTRAS*# Step:           3  Bead:     60  
{"friction": [[0.0001085076094704989, -4.042055585190487e-05, -4.044610051763782e-05], [-4.042055585190487e-05, 0.00010851599113750501, -4.0428416722827415e-05], [-4.044610051763782e-05, -4.0428416722827415e-05, 0.00010855657703823011]]}
 #*EXTRAS*# Step:           4  Bead:     60  
{"friction": [[0.00010917487325976849, -4.094965321539262e-05, -4.0999983984558606e-05], [-4.094965321539262e-05, 0.00010919347217277586, -4.097334444339943e-05], [-4.0999983984558606e-05, -4.097334444339943e-05, 0.00010924290289239569]]}
 #*EXTRAS*# Step:           5  Bead:     60  
{"friction": [[0.00010956136852074872, -4.124071950738956e-05, -4.1303086864651574e-05], [-4.124071950738956e-05, 0.00010958440437717394, -4.1274962534541497e-05], [-4.1303086864651574e-05, -4.1274962534541497e-05, 0.00010963538281766172]]}
 #*EXTRAS*# Step:           6  Bead:     60  
{"friction": [[0.0001098004924002042, -4.141538298453672e-05, -4.148384935776913e-05], [-4.141538298453672e-05, 0.00010982518853729445, -4.145579942454147e-05], [-4.148384935776913e-05, -4.145579942454147e-05, 0.0001098766493826682]]}
 #*EXTRAS*# Step:           7  Bead:     60  
{"friction": [[0.00010995080441076994, -4.152311362160652e-05, -4.159477440880391e-05], [-4.152311362160652e-05, 0.00010997599730210928, -4.1567075413781526e-05], [-4.159477440880391e-05, -4.1567075413781526e-05, 0.00011002776681098711]]}
 #*EXTRAS*# Step:           8  Bead:     60  
{"friction": [[0.00011004747042252092, -4.1591569731421995e-05, -4.166499624115483e-05], [-4.1591569731421995e-05, 0.00011007272924659043, -4.163762577262774e-05], [-4.166499624115483e-05, -4.163762577262774e-05, 0.0001101247473785609]]}
 #*EXTRAS*# Step:           9  Bead:     60  
{"friction": [[0.00011011038428813566, -4.1635780429990154e-05, -4.1710227443457736e-05], [-4.1635780429990154e-05, 0.00011013557137722407, -4.1683108412967094e-05], [-4.1710227443457736e-05, -4.1683108412967094e-05, 0.00011018778506388565]]}
 #*EXTRAS*# Step:          10  Bead:     60  
{"friction": [[0.0001101517245444789, -4.166468483652233e-05, -4.1739745155579874e-05], [-4.166468483652233e-05, 0.0001101768130724035, -4.171280593949865e-05], [-4.1739745155579874e-05, -4.171280593949865e-05, 0.00011022917323283132]]}
 #*EXTRAS*# Step:          11  Bead:     60  
{"friction": [[0.00011017904724149928, -4.168372512500324e-05, -4.175916529714994e-05], [-4.168372512500324e-05, 0.00011020404761867768, -4.1732350837467645e-05], [-4.175916529714994e-05, -4.1732350837467645e-05, 0.00011025651340074062]]}
