 #*EXTRAS*# Step:           0  Bead:      3  
{"friction": [[0.00013171780647812666, -3.186828910318049e-05, -3.181299933918628e-05], [-3.186828910318049e-05, 0.0001319594795236481, -3.184031805657655e-05], [-3.181299933918628e-05, -3.184031805657655e-05, 0.00013148559226403892]]}
 #*EXTRAS*# Step:           1  Bead:      3  
{"friction": [[0.00012912386466953438, -3.651174949864347e-05, -3.620876797333617e-05], [-3.651174949864347e-05, 0.00012928953365626408, -3.6550689061982367e-05], [-3.620876797333617e-05, -3.6550689061982367e-05, 0.00012877965463459854]]}
 #*EXTRAS*# Step:           2  Bead:      3  
{"friction": [[0.00012663782403959798, -3.9685482502047956e-05, -3.91548788542534e-05], [-3.9685482502047956e-05, 0.00012672443649999797, -3.976909557013233e-05], [-3.91548788542534e-05, -3.976909557013233e-05, 0.0001262977432251237]]}
 #*EXTRAS*# Step:           3  Bead:      3  
{"friction": [[0.00012514116867822254, -4.1216558112123804e-05, -4.067216615037439e-05], [-4.1216558112123804e-05, 0.00012520195411322665, -4.13156743574553e-05], [-4.067216615037439e-05, -4.13156743574553e-05, 0.00012484478032243773]]}
 #*EXTRAS*# Step:           4  Bead:      3  
{"friction": [[0.00012441843275073537, -4.185548321609393e-05, -4.137229290853237e-05], [-4.185548321609393e-05, 0.00012447916424876646, -4.1957090365569186e-05], [-4.137229290853237e-05, -4.1957090365569186e-05, 0.0001241562506050922]]}
 #*EXTRAS*# Step:           5  Bead:      3  
{"friction": [[0.0001240035499461503, -4.2188276255689016e-05, -4.176188936820454e-05], [-4.2188276255689016e-05, 0.00012406728796906093, -4.228848751528499e-05], [-4.176188936820454e-05, -4.228848751528499e-05, 0.00012376479838601323]]}
 #*EXTRAS*# Step:           6  Bead:      3  
{"friction": [[0.0001237589666101063, -4.2371946690226304e-05, -4.198476219313653e-05], [-4.2371946690226304e-05, 0.00012382478553567972, -4.246992010928841e-05], [-4.198476219313653e-05, -4.246992010928841e-05, 0.00012353505207201183]]}
 #*EXTRAS*# Step:           7  Bead:      3  
{"friction": [[0.00012360675719556453, -4.2481436692528955e-05, -4.212028603587234e-05], [-4.2481436692528955e-05, 0.00012367378999340493, -4.257738168297923e-05], [-4.212028603587234e-05, -4.257738168297923e-05, 0.00012339237760933258]]}
 #*EXTRAS*# Step:           8  Bead:      3  
{"friction": [[0.00012350992799244954, -4.254915259527099e-05, -4.22050777331205e-05], [-4.254915259527099e-05, 0.0001235776486247615, -4.2643527456122986e-05], [-4.22050777331205e-05, -4.2643527456122986e-05, 0.00012330171167228263]]}
 #*EXTRAS*# Step:           9  Bead:      3  
{"friction": [[0.00012344718004724062, -4.259222851761747e-05, -4.225939359825561e-05], [-4.259222851761747e-05, 0.00012351529720316837, -4.2685463028546076e-05], [-4.225939359825561e-05, -4.2685463028546076e-05, 0.0001232429917578638]]}
 #*EXTRAS*# Step:          10  Bead:      3  
{"friction": [[0.00012340609602805956, -4.262008911872689e-05, -4.229467667499026e-05], [-4.262008911872689e-05, 0.00012347444788070354, -4.2712522832756215e-05], [-4.229467667499026e-05, -4.2712522832756215e-05, 0.00012320455776100226]]}
 #*EXTRAS*# Step:          11  Bead:      3  
{"friction": [[0.0001233789939929936, -4.2638319441954836e-05, -4.2317827557702834e-05], [-4.2638319441954836e-05, 0.00012344748874023386, -4.27302009242659e-05], [-4.2317827557702834e-05, -4.27302009242659e-05, 0.00012317920883979217]]}
