 #*EXTRAS*# Step:           0  Bead:     25  
{"friction": [[0.00012044952884396826, -4.403666137295798e-05, -4.402490059939584e-05], [-4.403666137295798e-05, 0.00012037593919233641, -4.3926210514548074e-05], [-4.402490059939584e-05, -4.3926210514548074e-05, 0.00012040610370999929]]}
 #*EXTRAS*# Step:           1  Bead:     25  
{"friction": [[0.00012020886497248827, -4.411539970860818e-05, -4.409290545749114e-05], [-4.411539970860818e-05, 0.00012010722931354498, -4.397753650665045e-05], [-4.409290545749114e-05, -4.397753650665045e-05, 0.00012017231891747126]]}
 #*EXTRAS*# Step:           2  Bead:     25  
{"friction": [[0.00011992892872572898, -4.42010087376678e-05, -4.416133631508996e-05], [-4.42010087376678e-05, 0.00011979339976457563, -4.403094423701325e-05], [-4.416133631508996e-05, -4.403094423701325e-05, 0.00011989943473693642]]}
 #*EXTRAS*# Step:           3  Bead:     25  
{"friction": [[0.00011941755074156832, -4.4339988172585734e-05, -4.425942919018159e-05], [-4.4339988172585734e-05, 0.00011921873735756763, -4.4111948607555305e-05], [-4.425942919018159e-05, -4.4111948607555305e-05, 0.00011939870985521936]]}
 #*EXTRAS*# Step:           4  Bead:     25  
{"friction": [[0.0001192115909373238, -4.4389283752587377e-05, -4.428991550847317e-05], [-4.4389283752587377e-05, 0.00011898749531957892, -4.41387750779459e-05], [-4.428991550847317e-05, -4.41387750779459e-05, 0.00011919635336697778]]}
 #*EXTRAS*# Step:           5  Bead:     25  
{"friction": [[0.00011907270065021501, -4.442026072362427e-05, -4.43077414443862e-05], [-4.442026072362427e-05, 0.00011883180918050381, -4.415503787138325e-05], [-4.43077414443862e-05, -4.415503787138325e-05, 0.00011905970203646759]]}
 #*EXTRAS*# Step:           6  Bead:     25  
{"friction": [[0.00011899009128511937, -4.4437798632849395e-05, -4.431733221866311e-05], [-4.4437798632849395e-05, 0.00011873934134613834, -4.416401991884375e-05], [-4.431733221866311e-05, -4.416401991884375e-05, 0.00011897835704853841]]}
 #*EXTRAS*# Step:           7  Bead:     25  
{"friction": [[0.00011893769760593897, -4.444857358748443e-05, -4.432303139683909e-05], [-4.444857358748443e-05, 0.00011868075437105062, -4.416945119899113e-05], [-4.432303139683909e-05, -4.416945119899113e-05, 0.00011892674061190132]]}
 #*EXTRAS*# Step:           8  Bead:     25  
{"friction": [[0.00011890424397340144, -4.445531067741955e-05, -4.4326516391480475e-05], [-4.445531067741955e-05, 0.00011864337246873536, -4.417281167607884e-05], [-4.4326516391480475e-05, -4.417281167607884e-05, 0.00011889377356782563]]}
 #*EXTRAS*# Step:           9  Bead:     25  
{"friction": [[0.00011888246026152235, -4.4459637407553695e-05, -4.432872164816807e-05], [-4.4459637407553695e-05, 0.0001186190423532978, -4.417495496745889e-05], [-4.432872164816807e-05, -4.417495496745889e-05, 0.00011887230273336393]]}
 #*EXTRAS*# Step:          10  Bead:     25  
{"friction": [[0.00011886817197196801, -4.4462449485870544e-05, -4.4330140810088684e-05], [-4.4462449485870544e-05, 0.00011860308893275855, -4.4176341568318373e-05], [-4.4330140810088684e-05, -4.4176341568318373e-05, 0.00011885821798867321]]}
 #*EXTRAS*# Step:          11  Bead:     25  
{"friction": [[0.00011885873130129654, -4.446429621892357e-05, -4.433106665942791e-05], [-4.446429621892357e-05, 0.00011859255032314837, -4.417724938713289e-05], [-4.433106665942791e-05, -4.417724938713289e-05, 0.00011884891108389906]]}
