 #*EXTRAS*# Step:           0  Bead:      7  
{"friction": [[0.00013094354884002888, -3.34806356918497e-05, -3.337184485038292e-05], [-3.34806356918497e-05, 0.00013116798657021497, -3.347505294528034e-05], [-3.337184485038292e-05, -3.347505294528034e-05, 0.00013065962767836692]]}
 #*EXTRAS*# Step:           1  Bead:      7  
{"friction": [[0.00012835562896980067, -3.758722599408891e-05, -3.7200061518953475e-05], [-3.758722599408891e-05, 0.0001284947548057753, -3.764202536847655e-05], [-3.7200061518953475e-05, -3.764202536847655e-05, 0.000128003544495496]]}
 #*EXTRAS*# Step:           2  Bead:      7  
{"friction": [[0.00012603924493984162, -4.032998469726831e-05, -3.977631404957128e-05], [-4.032998469726831e-05, 0.0001261122885205976, -4.0421094526221145e-05], [-3.977631404957128e-05, -4.0421094526221145e-05, 0.00012571267142136931]]}
 #*EXTRAS*# Step:           3  Bead:      7  
{"friction": [[0.00012467088756795762, -4.164047357812715e-05, -4.1129982724709916e-05], [-4.164047357812715e-05, 0.000124730652614448, -4.174177200663041e-05], [-4.1129982724709916e-05, -4.174177200663041e-05, 0.0001243957269526685]]}
 #*EXTRAS*# Step:           4  Bead:      7  
{"friction": [[0.00012401626462540824, -4.21784702134942e-05, -4.1750148725670436e-05], [-4.21784702134942e-05, 0.0001240798956836773, -4.227876628853978e-05], [-4.1750148725670436e-05, -4.227876628853978e-05, 0.00012377676048902083]]}
 #*EXTRAS*# Step:           5  Bead:      7  
{"friction": [[0.0001236341498956548, -4.2462006399146805e-05, -4.2096092388679916e-05], [-4.2462006399146805e-05, 0.00012370097429352395, -4.255835518361389e-05], [-4.2096092388679916e-05, -4.255835518361389e-05, 0.00012341803964597417]]}
 #*EXTRAS*# Step:           6  Bead:      7  
{"friction": [[0.0001234072358082399, -4.261931985256251e-05, -4.2293700877396644e-05], [-4.261931985256251e-05, 0.0001234755814376183, -4.271177637062584e-05], [-4.2293700877396644e-05, -4.271177637062584e-05, 0.00012320562389735268]]}
 #*EXTRAS*# Step:           7  Bead:      7  
{"friction": [[0.00012326538702940397, -4.2713455071846473e-05, -4.241375886949409e-05], [-4.2713455071846473e-05, 0.00012333436389002693, -4.280280838638658e-05], [-4.241375886949409e-05, -4.280280838638658e-05, 0.00012307298707417617]]}
 #*EXTRAS*# Step:           8  Bead:      7  
{"friction": [[0.00012317491711091766, -4.277181291553608e-05, -4.2488814102997204e-05], [-4.277181291553608e-05, 0.00012324412267261683, -4.285889797307674e-05], [-4.2488814102997204e-05, -4.285889797307674e-05, 0.00012298843066176158]]}
 #*EXTRAS*# Step:           9  Bead:      7  
{"friction": [[0.00012311619142555202, -4.280899795221479e-05, -4.253687035360196e-05], [-4.280899795221479e-05, 0.0001231854608162728, -4.289448512354323e-05], [-4.253687035360196e-05, -4.289448512354323e-05, 0.00012293355354942668]]}
 #*EXTRAS*# Step:          10  Bead:      7  
{"friction": [[0.0001230777005045906, -4.283307471242502e-05, -4.2568076413916654e-05], [-4.283307471242502e-05, 0.00012314697224134394, -4.291745962921422e-05], [-4.2568076413916654e-05, -4.291745962921422e-05, 0.00012289758773514404]]}
 #*EXTRAS*# Step:          11  Bead:      7  
{"friction": [[0.00012305229136952208, -4.284884084106619e-05, -4.258854766399825e-05], [-4.284884084106619e-05, 0.0001231215465723857, -4.293247391441507e-05], [-4.258854766399825e-05, -4.293247391441507e-05, 0.00012287384616570672]]}
