 #*EXTRAS*# Step:           0  Bead:     55  
{"friction": [[0.0001030336955245592, -3.435497053307799e-05, -3.430893758166685e-05], [-3.435497053307799e-05, 0.00010300555227581691, -3.4547622358950575e-05], [-3.430893758166685e-05, -3.4547622358950575e-05, 0.00010262224478354004]]}
 #*EXTRAS*# Step:           1  Bead:     55  
{"friction": [[0.00010568527053064547, -3.7760961772199965e-05, -3.770195122035504e-05], [-3.7760961772199965e-05, 0.00010568336598957213, -3.7837357817431626e-05], [-3.770195122035504e-05, -3.7837357817431626e-05, 0.00010551284542658475]]}
 #*EXTRAS*# Step:           2  Bead:     55  
{"friction": [[0.00010805631812484309, -4.004274919114014e-05, -4.005067886697458e-05], [-4.004274919114014e-05, 0.00010805815574732738, -4.004510800760899e-05], [-4.005067886697458e-05, -4.004510800760899e-05, 0.00010808494981191354]]}
 #*EXTRAS*# Step:           3  Bead:     55  
{"friction": [[0.00010902089769672644, -4.0830600038885e-05, -4.087554987674827e-05], [-4.0830600038885e-05, 0.0001090373047441396, -4.085017658855083e-05], [-4.087554987674827e-05, -4.085017658855083e-05, 0.00010908557588979122]]}
 #*EXTRAS*# Step:           4  Bead:     55  
{"friction": [[0.00010964976668667094, -4.130576279925025e-05, -4.1370520603282006e-05], [-4.130576279925025e-05, 0.00010967353012443889, -4.1342347150740044e-05], [-4.1370520603282006e-05, -4.1342347150740044e-05, 0.00010972470238199631]]}
 #*EXTRAS*# Step:           5  Bead:     55  
{"friction": [[0.00011001317627539949, -4.156735697168856e-05, -4.164018398962453e-05], [-4.156735697168856e-05, 0.00011003843560122355, -4.1612688580600166e-05], [-4.164018398962453e-05, -4.1612688580600166e-05, 0.00011009035918223477]]}
 #*EXTRAS*# Step:           6  Bead:     55  
{"friction": [[0.00011023833782219693, -4.172487045249428e-05, -4.1801063619613784e-05], [-4.172487045249428e-05, 0.00011026308227496954, -4.1774534901132106e-05], [-4.1801063619613784e-05, -4.1774534901132106e-05, 0.00011031580400185701]]}
 #*EXTRAS*# Step:           7  Bead:     55  
{"friction": [[0.0001103799094437924, -4.182217011542601e-05, -4.189975177567129e-05], [-4.182217011542601e-05, 0.00011040366873687404, -4.187397704591758e-05], [-4.189975177567129e-05, -4.187397704591758e-05, 0.00011045717534616317]]}
 #*EXTRAS*# Step:           8  Bead:     55  
{"friction": [[0.00011047097907485705, -4.188406464063633e-05, -4.196222055045534e-05], [-4.188406464063633e-05, 0.00011049381071119826, -4.193697343783128e-05], [-4.196222055045534e-05, -4.193697343783128e-05, 0.00011054797588521862]]}
 #*EXTRAS*# Step:           9  Bead:     55  
{"friction": [[0.00011053025332210125, -4.192406055722852e-05, -4.200245033017237e-05], [-4.192406055722852e-05, 0.00011055235122620279, -4.197756002786641e-05], [-4.200245033017237e-05, -4.197756002786641e-05, 0.00011060701975019464]]}
 #*EXTRAS*# Step:          10  Bead:     55  
{"friction": [[0.00011056920382736851, -4.1950219646933315e-05, -4.202870145763412e-05], [-4.1950219646933315e-05, 0.0001105907620513734, -4.200405013165232e-05], [-4.202870145763412e-05, -4.200405013165232e-05, 0.00011064579618917533]]}
 #*EXTRAS*# Step:          11  Bead:     55  
{"friction": [[0.00011059494731092463, -4.196745559126683e-05, -4.2045970954250854e-05], [-4.196745559126683e-05, 0.00011061612331212563, -4.202147918371152e-05], [-4.2045970954250854e-05, -4.202147918371152e-05, 0.00011067141505080317]]}
