 #*EXTRAS*# Step:           0  Bead:     51  
     0.00010393          -0.00003565          -0.00003558
    -0.00003565           0.00010392          -0.00003582
    -0.00003558          -0.00003582           0.00010358
 #*EXTRAS*# Step:           1  Bead:     51  
     0.00010660          -0.00003870          -0.00003866
    -0.00003870           0.00010659          -0.00003873
    -0.00003866          -0.00003873           0.00010652
 #*EXTRAS*# Step:           2  Bead:     51  
     0.00010886          -0.00004070          -0.00004074
    -0.00004070           0.00010887          -0.00004072
    -0.00004074          -0.00004072           0.00010892
 #*EXTRAS*# Step:           3  Bead:     51  
     0.00010973          -0.00004136          -0.00004143
    -0.00004136           0.00010975          -0.00004140
    -0.00004143          -0.00004140           0.00010981
 #*EXTRAS*# Step:           4  Bead:     51  
     0.00011031          -0.00004177          -0.00004185
    -0.00004177           0.00011033          -0.00004182
    -0.00004185          -0.00004182           0.00011038
 #*EXTRAS*# Step:           5  Bead:     51  
     0.00011064          -0.00004200          -0.00004207
    -0.00004200           0.00011066          -0.00004205
    -0.00004207          -0.00004205           0.00011071
 #*EXTRAS*# Step:           6  Bead:     51  
     0.00011084          -0.00004213          -0.00004221
    -0.00004213           0.00011086          -0.00004219
    -0.00004221          -0.00004219           0.00011092
 #*EXTRAS*# Step:           7  Bead:     51  
     0.00011097          -0.00004222          -0.00004229
    -0.00004222           0.00011099          -0.00004227
    -0.00004229          -0.00004227           0.00011105
 #*EXTRAS*# Step:           8  Bead:     51  
     0.00011106          -0.00004227          -0.00004234
    -0.00004227           0.00011107          -0.00004232
    -0.00004234          -0.00004232           0.00011113
 #*EXTRAS*# Step:           9  Bead:     51  
     0.00011111          -0.00004230          -0.00004238
    -0.00004230           0.00011112          -0.00004236
    -0.00004238          -0.00004236           0.00011118
 #*EXTRAS*# Step:          10  Bead:     51  
     0.00011115          -0.00004233          -0.00004240
    -0.00004233           0.00011115          -0.00004238
    -0.00004240          -0.00004238           0.00011122
 #*EXTRAS*# Step:          11  Bead:     51  
     0.00011117          -0.00004234          -0.00004241
    -0.00004234           0.00011118          -0.00004239
    -0.00004241          -0.00004239           0.00011124
