 #*EXTRAS*# Step:           0  Bead:      6  
     0.00013120          -0.00003298          -0.00003290
    -0.00003298           0.00013143          -0.00003297
    -0.00003290          -0.00003297           0.00013093
 #*EXTRAS*# Step:           1  Bead:      6  
     0.00012860          -0.00003726          -0.00003690
    -0.00003726           0.00012875          -0.00003731
    -0.00003690          -0.00003731           0.00012825
 #*EXTRAS*# Step:           2  Bead:      6  
     0.00012623          -0.00004013          -0.00003958
    -0.00004013           0.00012630          -0.00004022
    -0.00003958          -0.00004022           0.00012590
 #*EXTRAS*# Step:           3  Bead:      6  
     0.00012482          -0.00004151          -0.00004099
    -0.00004151           0.00012488          -0.00004161
    -0.00004099          -0.00004161           0.00012454
 #*EXTRAS*# Step:           4  Bead:      6  
     0.00012414          -0.00004208          -0.00004163
    -0.00004208           0.00012420          -0.00004218
    -0.00004163          -0.00004218           0.00012390
 #*EXTRAS*# Step:           5  Bead:      6  
     0.00012375          -0.00004238          -0.00004199
    -0.00004238           0.00012382          -0.00004248
    -0.00004199          -0.00004248           0.00012353
 #*EXTRAS*# Step:           6  Bead:      6  
     0.00012352          -0.00004254          -0.00004220
    -0.00004254           0.00012359          -0.00004264
    -0.00004220          -0.00004264           0.00012331
 #*EXTRAS*# Step:           7  Bead:      6  
     0.00012337          -0.00004264          -0.00004232
    -0.00004264           0.00012344          -0.00004273
    -0.00004232          -0.00004273           0.00012317
 #*EXTRAS*# Step:           8  Bead:      6  
     0.00012328          -0.00004270          -0.00004240
    -0.00004270           0.00012335          -0.00004279
    -0.00004240          -0.00004279           0.00012309
 #*EXTRAS*# Step:           9  Bead:      6  
     0.00012322          -0.00004274          -0.00004245
    -0.00004274           0.00012329          -0.00004283
    -0.00004245          -0.00004283           0.00012303
 #*EXTRAS*# Step:          10  Bead:      6  
     0.00012318          -0.00004277          -0.00004248
    -0.00004277           0.00012325          -0.00004286
    -0.00004248          -0.00004286           0.00012299
 #*EXTRAS*# Step:          11  Bead:      6  
     0.00012316          -0.00004278          -0.00004250
    -0.00004278           0.00012322          -0.00004287
    -0.00004250          -0.00004287           0.00012297
