 #*EXTRAS*# Step:           0  Bead:     56  
     0.00010287          -0.00003410          -0.00003406
    -0.00003410           0.00010284          -0.00003429
    -0.00003406          -0.00003429           0.00010245
 #*EXTRAS*# Step:           1  Bead:     56  
     0.00010551          -0.00003757          -0.00003751
    -0.00003757           0.00010551          -0.00003766
    -0.00003751          -0.00003766           0.00010532
 #*EXTRAS*# Step:           2  Bead:     56  
     0.00010790          -0.00003991          -0.00003991
    -0.00003991           0.00010790          -0.00003991
    -0.00003991          -0.00003991           0.00010792
 #*EXTRAS*# Step:           3  Bead:     56  
     0.00010888          -0.00004072          -0.00004076
    -0.00004072           0.00010890          -0.00004074
    -0.00004076          -0.00004074           0.00010895
 #*EXTRAS*# Step:           4  Bead:     56  
     0.00010952          -0.00004121          -0.00004127
    -0.00004121           0.00010955          -0.00004125
    -0.00004127          -0.00004125           0.00010960
 #*EXTRAS*# Step:           5  Bead:     56  
     0.00010989          -0.00004148          -0.00004155
    -0.00004148           0.00010992          -0.00004152
    -0.00004155          -0.00004152           0.00010997
 #*EXTRAS*# Step:           6  Bead:     56  
     0.00011012          -0.00004164          -0.00004172
    -0.00004164           0.00011015          -0.00004169
    -0.00004172          -0.00004169           0.00011020
 #*EXTRAS*# Step:           7  Bead:     56  
     0.00011027          -0.00004174          -0.00004182
    -0.00004174           0.00011029          -0.00004179
    -0.00004182          -0.00004179           0.00011034
 #*EXTRAS*# Step:           8  Bead:     56  
     0.00011036          -0.00004181          -0.00004188
    -0.00004181           0.00011038          -0.00004186
    -0.00004188          -0.00004186           0.00011044
 #*EXTRAS*# Step:           9  Bead:     56  
     0.00011042          -0.00004185          -0.00004193
    -0.00004185           0.00011044          -0.00004190
    -0.00004193          -0.00004190           0.00011050
 #*EXTRAS*# Step:          10  Bead:     56  
     0.00011046          -0.00004188          -0.00004195
    -0.00004188           0.00011048          -0.00004193
    -0.00004195          -0.00004193           0.00011054
 #*EXTRAS*# Step:          11  Bead:     56  
     0.00011048          -0.00004189          -0.00004197
    -0.00004189           0.00011051          -0.00004195
    -0.00004197          -0.00004195           0.00011056
