 #*EXTRAS*# Step:           0  Bead:     15  
{"friction": [[0.00012726027358761464, -3.896940372900226e-05, -3.8480234708173996e-05], [-3.896940372900226e-05, 0.00012736412762627062, -3.9043725441288e-05], [-3.8480234708173996e-05, -3.9043725441288e-05, 0.00012691129785582055]]}
 #*EXTRAS*# Step:           1  Bead:     15  
{"friction": [[0.00012532374853239491, -4.104428662184295e-05, -4.049272120305384e-05], [-4.104428662184295e-05, 0.00012538603933726745, -4.1142140091990166e-05], [-4.049272120305384e-05, -4.1142140091990166e-05, 0.0001250201774848244]]}
 #*EXTRAS*# Step:           2  Bead:     15  
{"friction": [[0.00012387257592657113, -4.228780976666489e-05, -4.1881968130470805e-05], [-4.228780976666489e-05, 0.00012393743148223153, -4.238697067699562e-05], [-4.1881968130470805e-05, -4.238697067699562e-05, 0.0001236416880526651]]}
 #*EXTRAS*# Step:           3  Bead:     15  
{"friction": [[0.00012294185777681589, -4.291619175755203e-05, -4.267629936031752e-05], [-4.291619175755203e-05, 0.00012301086164234008, -4.299632878874585e-05], [-4.267629936031752e-05, -4.299632878874585e-05, 0.00012277065996541735]]}
 #*EXTRAS*# Step:           4  Bead:     15  
{"friction": [[0.00012248103095928578, -4.317732859583495e-05, -4.3019419811348176e-05], [-4.317732859583495e-05, 0.00012254510936925055, -4.323861665018421e-05], [-4.3019419811348176e-05, -4.323861665018421e-05, 0.00012233969039986793]]}
 #*EXTRAS*# Step:           5  Bead:     15  
{"friction": [[0.0001221946938609292, -4.3324425170868924e-05, -4.3212266510874424e-05], [-4.3324425170868924e-05, 0.00012225176229110112, -4.337029795808152e-05], [-4.3212266510874424e-05, -4.337029795808152e-05, 0.00012207115184934312]]}
 #*EXTRAS*# Step:           6  Bead:     15  
{"friction": [[0.00012202072169296155, -4.3408635037250346e-05, -4.3321326701368724e-05], [-4.3408635037250346e-05, 0.00012207176540496816, -4.3443687170979784e-05], [-4.3321326701368724e-05, -4.3443687170979784e-05, 0.00012190754309742539]]}
 #*EXTRAS*# Step:           7  Bead:     15  
{"friction": [[0.0001219103575391437, -4.346017719972109e-05, -4.3387256907824e-05], [-4.346017719972109e-05, 0.00012195682821020236, -4.348778561460905e-05], [-4.3387256907824e-05, -4.348778561460905e-05, 0.00012180353921987073]]}
 #*EXTRAS*# Step:           8  Bead:     15  
{"friction": [[0.00012183941580338053, -4.349257738995842e-05, -4.3428289408522766e-05], [-4.349257738995842e-05, 0.00012188262589594939, -4.351516234413921e-05], [-4.3428289408522766e-05, -4.351516234413921e-05, 0.00012173658928011548]]}
 #*EXTRAS*# Step:           9  Bead:     15  
{"friction": [[0.00012179312554758328, -4.3513421321194995e-05, -4.345449276775801e-05], [-4.3513421321194995e-05, 0.00012183406940355936, -4.353262758497828e-05], [-4.345449276775801e-05, -4.353262758497828e-05, 0.00012169286072035449]]}
 #*EXTRAS*# Step:          10  Bead:     15  
{"friction": [[0.0001217626893860185, -4.352700137634921e-05, -4.3471475562486856e-05], [-4.352700137634921e-05, 0.0001218020826636864, -4.3543942735527616e-05], [-4.3471475562486856e-05, -4.3543942735527616e-05, 0.00012166408978763266]]}
 #*EXTRAS*# Step:          11  Bead:     15  
{"friction": [[0.0001217425551325182, -4.353593130392902e-05, -4.3482602693597565e-05], [-4.353593130392902e-05, 0.00012178089605365459, -4.355135545973759e-05], [-4.3482602693597565e-05, -4.355135545973759e-05, 0.00012164504862631244]]}
