 #*EXTRAS*# Step:           0  Bead:     30  
{"friction": [[0.00011613512964090057, -4.4542480960535e-05, -4.4255686347443705e-05], [-4.4542480960535e-05, 0.00011571790314066553, -4.415921694916118e-05], [-4.4255686347443705e-05, -4.415921694916118e-05, 0.00011615221676811073]]}
 #*EXTRAS*# Step:           1  Bead:     30  
{"friction": [[0.0001168508521955774, -4.462198079338802e-05, -4.433662780422844e-05], [-4.462198079338802e-05, 0.00011642908619130902, -4.421986823821559e-05], [-4.433662780422844e-05, -4.421986823821559e-05, 0.00011686153884928971]]}
 #*EXTRAS*# Step:           2  Bead:     30  
{"friction": [[0.00011732320280343508, -4.463196453028039e-05, -4.436710209384723e-05], [-4.463196453028039e-05, 0.00011691876908673685, -4.423719474814293e-05], [-4.436710209384723e-05, -4.423719474814293e-05, 0.00011732981391897723]]}
 #*EXTRAS*# Step:           3  Bead:     30  
{"friction": [[0.00011713814468780041, -4.463199273868092e-05, -4.4357337498689066e-05], [-4.463199273868092e-05, 0.00011672503648143685, -4.4232489528430636e-05], [-4.4357337498689066e-05, -4.4232489528430636e-05, 0.00011714635268094946]]}
 #*EXTRAS*# Step:           4  Bead:     30  
{"friction": [[0.00011712716904114754, -4.4631838748797657e-05, -4.435666964536891e-05], [-4.4631838748797657e-05, 0.0001167136192376424, -4.423212698397402e-05], [-4.435666964536891e-05, -4.423212698397402e-05, 0.00011713547137529799]]}
 #*EXTRAS*# Step:           5  Bead:     30  
{"friction": [[0.00011710472485968075, -4.463146856013476e-05, -4.4355273228645355e-05], [-4.463146856013476e-05, 0.00011669029836540867, -4.423135629913294e-05], [-4.4355273228645355e-05, -4.423135629913294e-05, 0.00011711322008420053]]}
 #*EXTRAS*# Step:           6  Bead:     30  
{"friction": [[0.00011709357650357364, -4.463125696736904e-05, -4.4354564291257306e-05], [-4.463125696736904e-05, 0.00011667872778860107, -4.423095882930775e-05], [-4.4354564291257306e-05, -4.423095882930775e-05, 0.00011710216753577108]]}
 #*EXTRAS*# Step:           7  Bead:     30  
{"friction": [[0.00011708620359525206, -4.4631106889663855e-05, -4.4354089861031955e-05], [-4.4631106889663855e-05, 0.00011667108050855097, -4.423069061165197e-05], [-4.4354089861031955e-05, -4.423069061165197e-05, 0.00011709485799143094]]}
 #*EXTRAS*# Step:           8  Bead:     30  
{"friction": [[0.00011708164581272938, -4.463101006790052e-05, -4.435379435815152e-05], [-4.463101006790052e-05, 0.00011666635505827255, -4.423052267155863e-05], [-4.435379435815152e-05, -4.423052267155863e-05, 0.00011709033938083567]]}
 #*EXTRAS*# Step:           9  Bead:     30  
{"friction": [[0.00011707866097182768, -4.463094498275846e-05, -4.435359991799847e-05], [-4.463094498275846e-05, 0.0001166632612201497, -4.4230411805726484e-05], [-4.435359991799847e-05, -4.4230411805726484e-05, 0.00011708738019406158]]}
 #*EXTRAS*# Step:          10  Bead:     30  
{"friction": [[0.00011707671495970156, -4.463090183388839e-05, -4.4353472758388596e-05], [-4.463090183388839e-05, 0.0001166612444899166, -4.42303391482841e-05], [-4.4353472758388596e-05, -4.42303391482841e-05, 0.00011708545090795862]]}
 #*EXTRAS*# Step:          11  Bead:     30  
{"friction": [[0.00011707542831335341, -4.463087299474888e-05, -4.4353388514538216e-05], [-4.463087299474888e-05, 0.00011665991123620533, -4.4230290945946367e-05], [-4.4353388514538216e-05, -4.4230290945946367e-05, 0.00011708417532056929]]}
