 #*EXTRAS*# Step:           0  Bead:      4  
     0.00013158          -0.00003218          -0.00003211
    -0.00003218           0.00013182          -0.00003215
    -0.00003211          -0.00003215           0.00013134
 #*EXTRAS*# Step:           1  Bead:      4  
     0.00012898          -0.00003672          -0.00003640
    -0.00003672           0.00012914          -0.00003676
    -0.00003640          -0.00003676           0.00012864
 #*EXTRAS*# Step:           2  Bead:      4  
     0.00012653          -0.00003981          -0.00003927
    -0.00003981           0.00012661          -0.00003989
    -0.00003927          -0.00003989           0.00012619
 #*EXTRAS*# Step:           3  Bead:      4  
     0.00012505          -0.00004130          -0.00004076
    -0.00004130           0.00012511          -0.00004140
    -0.00004076          -0.00004140           0.00012476
 #*EXTRAS*# Step:           4  Bead:      4  
     0.00012434          -0.00004192          -0.00004144
    -0.00004192           0.00012441          -0.00004202
    -0.00004144          -0.00004202           0.00012409
 #*EXTRAS*# Step:           5  Bead:      4  
     0.00012394          -0.00004224          -0.00004182
    -0.00004224           0.00012400          -0.00004234
    -0.00004182          -0.00004234           0.00012370
 #*EXTRAS*# Step:           6  Bead:      4  
     0.00012369          -0.00004242          -0.00004204
    -0.00004242           0.00012376          -0.00004252
    -0.00004204          -0.00004252           0.00012347
 #*EXTRAS*# Step:           7  Bead:      4  
     0.00012354          -0.00004253          -0.00004218
    -0.00004253           0.00012361          -0.00004262
    -0.00004218          -0.00004262           0.00012333
 #*EXTRAS*# Step:           8  Bead:      4  
     0.00012345          -0.00004259          -0.00004226
    -0.00004259           0.00012352          -0.00004268
    -0.00004226          -0.00004268           0.00012324
 #*EXTRAS*# Step:           9  Bead:      4  
     0.00012339          -0.00004263          -0.00004231
    -0.00004263           0.00012345          -0.00004273
    -0.00004231          -0.00004273           0.00012319
 #*EXTRAS*# Step:          10  Bead:      4  
     0.00012335          -0.00004266          -0.00004235
    -0.00004266           0.00012341          -0.00004275
    -0.00004235          -0.00004275           0.00012315
 #*EXTRAS*# Step:          11  Bead:      4  
     0.00012332          -0.00004268          -0.00004237
    -0.00004268           0.00012339          -0.00004277
    -0.00004237          -0.00004277           0.00012312
