 #*EXTRAS*# Step:           0  Bead:     40  
{"friction": [[0.00010884671416050972, -4.069374642795891e-05, -4.0732312774585544e-05], [-4.069374642795891e-05, 0.00010886046575184648, -4.0708913362173936e-05], [-4.0732312774585544e-05, -4.0708913362173936e-05, 0.00010890687369275164]]}
 #*EXTRAS*# Step:           1  Bead:     40  
{"friction": [[0.00011089909566692243, -4.216792896085031e-05, -4.224511885169162e-05], [-4.216792896085031e-05, 0.0001109141311362888, -4.222254660426497e-05], [-4.224511885169162e-05, -4.222254660426497e-05, 0.000110973566417452]]}
 #*EXTRAS*# Step:           2  Bead:     40  
{"friction": [[0.00011250323854750766, -4.3136784260261586e-05, -4.314328865778931e-05], [-4.3136784260261586e-05, 0.00011242395300991247, -4.31225858047955e-05], [-4.314328865778931e-05, -4.31225858047955e-05, 0.00011255906840103084]]}
 #*EXTRAS*# Step:           3  Bead:     40  
{"friction": [[0.00011293761530599875, -4.3373692048372174e-05, -4.3342081202539734e-05], [-4.3373692048372174e-05, 0.00011281404202533606, -4.331724901984381e-05], [-4.3342081202539734e-05, -4.331724901984381e-05, 0.00011298818112737397]]}
 #*EXTRAS*# Step:           4  Bead:     40  
{"friction": [[0.00011326994957288292, -4.354547733159545e-05, -4.3481609454229555e-05], [-4.354547733159545e-05, 0.00011310948203986136, -4.3452326700399274e-05], [-4.3481609454229555e-05, -4.3452326700399274e-05, 0.00011331661478731689]]}
 #*EXTRAS*# Step:           5  Bead:     40  
{"friction": [[0.00011345495750738493, -4.363710438015204e-05, -4.355462189166924e-05], [-4.363710438015204e-05, 0.00011327333537733923, -4.3522429027447406e-05], [-4.355462189166924e-05, -4.3522429027447406e-05, 0.00011349949748764563]]}
 #*EXTRAS*# Step:           6  Bead:     40  
{"friction": [[0.0001135710141222771, -4.369301746423191e-05, -4.359873581377076e-05], [-4.369301746423191e-05, 0.00011337601683920186, -4.356457187082932e-05], [-4.359873581377076e-05, -4.356457187082932e-05, 0.00011361423745210462]]}
 #*EXTRAS*# Step:           7  Bead:     40  
{"friction": [[0.00011364384799171142, -4.3727467520558064e-05, -4.362575961592783e-05], [-4.3727467520558064e-05, 0.00011344044273669363, -4.359030417453505e-05], [-4.362575961592783e-05, -4.359030417453505e-05, 0.00011368625145450186]]}
 #*EXTRAS*# Step:           8  Bead:     40  
{"friction": [[0.00011369077500922488, -4.3749396717907234e-05, -4.3642902057053646e-05], [-4.3749396717907234e-05, 0.00011348195359460239, -4.36065929475844e-05], [-4.3642902057053646e-05, -4.36065929475844e-05, 0.00011373265283442789]]}
 #*EXTRAS*# Step:           9  Bead:     40  
{"friction": [[0.0001137212985299091, -4.376354661236526e-05, -4.365393936885328e-05], [-4.376354661236526e-05, 0.00011350895648467105, -4.3617066116951946e-05], [-4.365393936885328e-05, -4.3617066116951946e-05, 0.00011376283554602615]]}
 #*EXTRAS*# Step:          10  Bead:     40  
{"friction": [[0.00011374135686978036, -4.3772795827031106e-05, -4.366114407076693e-05], [-4.3772795827031106e-05, 0.00011352670275218304, -4.362389633891404e-05], [-4.366114407076693e-05, -4.362389633891404e-05, 0.00011378267039167405]]}
 #*EXTRAS*# Step:          11  Bead:     40  
{"friction": [[0.00011375461044379085, -4.3778885683923425e-05, -4.366588354584625e-05], [-4.3778885683923425e-05, 0.00011353842941185629, -4.3628386755756025e-05], [-4.366588354584625e-05, -4.3628386755756025e-05, 0.00011379577649407882]]}
