 #*EXTRAS*# Step:           0  Bead:     51  
{"friction": [[0.00010392810737404057, -3.564841585082599e-05, -3.5582711172999606e-05], [-3.564841585082599e-05, 0.0001039227172200635, -3.581976330672245e-05], [-3.5582711172999606e-05, -3.581976330672245e-05, 0.00010357747568088037]]}
 #*EXTRAS*# Step:           1  Bead:     51  
{"friction": [[0.00010659738920046837, -3.87026521400088e-05, -3.8663082009413894e-05], [-3.87026521400088e-05, 0.00010659261223789722, -3.87342657679597e-05], [-3.8663082009413894e-05, -3.87342657679597e-05, 0.00010651635869829663]]}
 #*EXTRAS*# Step:           2  Bead:     51  
{"friction": [[0.00010885815780103535, -4.070280912408581e-05, -4.074180295934311e-05], [-4.070280912408581e-05, 0.00010887208789185322, -4.071825509031117e-05], [-4.074180295934311e-05, -4.071825509031117e-05, 0.00010891863881567782]]}
 #*EXTRAS*# Step:           3  Bead:     51  
{"friction": [[0.00010973026642054414, -4.136450895870238e-05, -4.143130738960599e-05], [-4.136450895870238e-05, 0.00010975457884155222, -4.1403169161820155e-05], [-4.143130738960599e-05, -4.1403169161820155e-05, 0.00010980590779731617]]}
 #*EXTRAS*# Step:           4  Bead:     51  
{"friction": [[0.00011030594060479529, -4.1771498043873867e-05, -4.184842767574959e-05], [-4.1771498043873867e-05, 0.00011033028197926537, -4.1822247505509544e-05], [-4.184842767574959e-05, -4.1822247505509544e-05, 0.00011038334545006209]]}
 #*EXTRAS*# Step:           5  Bead:     51  
{"friction": [[0.00011063748246108206, -4.199584142658615e-05, -4.2074363990955145e-05], [-4.199584142658615e-05, 0.0001106579816669476, -4.205013812514188e-05], [-4.2074363990955145e-05, -4.205013812514188e-05, 0.00011071372803504835]]}
 #*EXTRAS*# Step:           6  Bead:     51  
{"friction": [[0.00011084329564996089, -4.213158094578883e-05, -4.220925977432778e-05], [-4.213158094578883e-05, 0.00011085969083919635, -4.218633696450145e-05], [-4.220925977432778e-05, -4.218633696450145e-05, 0.00011091819990393749]]}
 #*EXTRAS*# Step:           7  Bead:     51  
{"friction": [[0.00011097272644766295, -4.22156001792611e-05, -4.229196848509937e-05], [-4.22156001792611e-05, 0.00011098579919729196, -4.2269851770361327e-05], [-4.229196848509937e-05, -4.2269851770361327e-05, 0.00011104658400682763]]}
 #*EXTRAS*# Step:           8  Bead:     51  
{"friction": [[0.00011105601348272115, -4.226912702286552e-05, -4.234431848664201e-05], [-4.226912702286552e-05, 0.00011106662885798345, -4.2322702846666086e-05], [-4.234431848664201e-05, -4.2322702846666086e-05, 0.00011112912480202128]]}
 #*EXTRAS*# Step:           9  Bead:     51  
{"friction": [[0.00011111022325952321, -4.2303742761092796e-05, -4.237802395733137e-05], [-4.2303742761092796e-05, 0.00011111910041682936, -4.235672381742277e-05], [-4.237802395733137e-05, -4.235672381742277e-05, 0.00011118282099533963]]}
 #*EXTRAS*# Step:          10  Bead:     51  
{"friction": [[0.00011114584737309008, -4.232639529769034e-05, -4.240001527243073e-05], [-4.232639529769034e-05, 0.00011115352147461868, -4.237891700912842e-05], [-4.240001527243073e-05, -4.237891700912842e-05, 0.00011121809638953061]]}
 #*EXTRAS*# Step:          11  Bead:     51  
{"friction": [[0.00011116939226247045, -4.234132567559808e-05, -4.241448088425314e-05], [-4.234132567559808e-05, 0.00011117624443519128, -4.239351342034503e-05], [-4.241448088425314e-05, -4.239351342034503e-05, 0.00011124140613133703]]}
