 #*EXTRAS*# Step:           0  Bead:      4  
{"friction": [[0.00013158007460812243, -3.217616690285429e-05, -3.2114038906784815e-05], [-3.217616690285429e-05, 0.000131819341634194, -3.215236678795705e-05], [-3.2114038906784815e-05, -3.215236678795705e-05, 0.00013133701434974246]]}
 #*EXTRAS*# Step:           1  Bead:      4  
{"friction": [[0.00012898291772121421, -3.6716433290988916e-05, -3.6397607689923824e-05], [-3.6716433290988916e-05, 0.00012914368547612193, -3.675841088072472e-05], [-3.6397607689923824e-05, -3.675841088072472e-05, 0.00012863659666612727]]}
 #*EXTRAS*# Step:           2  Bead:      4  
{"friction": [[0.0001265271259074745, -3.980789318497056e-05, -3.927163339661499e-05], [-3.980789318497056e-05, 0.00012661097670782354, -3.989300535611183e-05], [-3.927163339661499e-05, -3.989300535611183e-05, 0.00012618917043421814]]}
 #*EXTRAS*# Step:           3  Bead:      4  
{"friction": [[0.0001250534440660516, -4.129783430207893e-05, -4.0758027809534804e-05], [-4.129783430207893e-05, 0.0001251137201572557, -4.1397481961136464e-05], [-4.0758027809534804e-05, -4.1397481961136464e-05, 0.0001247607129091559]]}
 #*EXTRAS*# Step:           4  Bead:      4  
{"friction": [[0.00012434386460944902, -4.1917216267443724e-05, -4.14432026786162e-05], [-4.1917216267443724e-05, 0.00012440503331043027, -4.2018763718804665e-05], [-4.14432026786162e-05, -4.2018763718804665e-05, 0.00012408571094530072]]}
 #*EXTRAS*# Step:           5  Bead:      4  
{"friction": [[0.00012393530596737666, -4.224047542144724e-05, -4.182465683613586e-05], [-4.224047542144724e-05, 0.00012399962409970336, -4.23401803354425e-05], [-4.182465683613586e-05, -4.23401803354425e-05, 0.00012370062701625023]]}
 #*EXTRAS*# Step:           6  Bead:      4  
{"friction": [[0.00012369412256418145, -4.241904562952834e-05, -4.204281851771903e-05], [-4.241904562952834e-05, 0.00012376047377939, -4.2516218357066624e-05], [-4.204281851771903e-05, -4.2516218357066624e-05, 0.00012347424509177052]]}
 #*EXTRAS*# Step:           7  Bead:      4  
{"friction": [[0.00012354390369288286, -4.2525564077741897e-05, -4.21754577774553e-05], [-4.2525564077741897e-05, 0.00012361139252186235, -4.262051563249319e-05], [-4.21754577774553e-05, -4.262051563249319e-05, 0.00012333351708737739]]}
 #*EXTRAS*# Step:           8  Bead:      4  
{"friction": [[0.0001234482948680593, -4.259146873206048e-05, -4.225843306102053e-05], [-4.259146873206048e-05, 0.00012351640536706058, -4.268472436939185e-05], [-4.225843306102053e-05, -4.268472436939185e-05, 0.00012324403480349784]]}
 #*EXTRAS*# Step:           9  Bead:      4  
{"friction": [[0.00012338631823091912, -4.2633404396061115e-05, -4.231158097162441e-05], [-4.2633404396061115e-05, 0.0001234547753377799, -4.2725437014254837e-05], [-4.231158097162441e-05, -4.2725437014254837e-05, 0.00012318605893466955]]}
 #*EXTRAS*# Step:          10  Bead:      4  
{"friction": [[0.00012334573119919821, -4.266053254893876e-05, -4.2346103251014005e-05], [-4.266053254893876e-05, 0.0001234143874051681, -4.2751709804351056e-05], [-4.2346103251014005e-05, -4.2751709804351056e-05, 0.0001231481026149281]]}
 #*EXTRAS*# Step:          11  Bead:      4  
{"friction": [[0.0001233189535066445, -4.2678285856855534e-05, -4.2368754061403615e-05], [-4.2678285856855534e-05, 0.0001233877278869103, -4.276887470824343e-05], [-4.2368754061403615e-05, -4.276887470824343e-05, 0.00012312306467746685]]}
