 #*EXTRAS*# Step:           0  Bead:     27  
     0.00011876          -0.00004448          -0.00004434
    -0.00004448           0.00011848          -0.00004419
    -0.00004434          -0.00004419           0.00011875
 #*EXTRAS*# Step:           1  Bead:     27  
     0.00011890          -0.00004446          -0.00004433
    -0.00004446           0.00011864          -0.00004417
    -0.00004433          -0.00004417           0.00011889
 #*EXTRAS*# Step:           2  Bead:     27  
     0.00011891          -0.00004445          -0.00004433
    -0.00004445           0.00011865          -0.00004417
    -0.00004433          -0.00004417           0.00011890
 #*EXTRAS*# Step:           3  Bead:     27  
     0.00011852          -0.00004452          -0.00004436
    -0.00004452           0.00011822          -0.00004421
    -0.00004436          -0.00004421           0.00011852
 #*EXTRAS*# Step:           4  Bead:     27  
     0.00011839          -0.00004454          -0.00004437
    -0.00004454           0.00011807          -0.00004421
    -0.00004437          -0.00004421           0.00011839
 #*EXTRAS*# Step:           5  Bead:     27  
     0.00011830          -0.00004456          -0.00004437
    -0.00004456           0.00011797          -0.00004422
    -0.00004437          -0.00004422           0.00011829
 #*EXTRAS*# Step:           6  Bead:     27  
     0.00011824          -0.00004456          -0.00004437
    -0.00004456           0.00011791          -0.00004422
    -0.00004437          -0.00004422           0.00011824
 #*EXTRAS*# Step:           7  Bead:     27  
     0.00011821          -0.00004457          -0.00004437
    -0.00004457           0.00011787          -0.00004422
    -0.00004437          -0.00004422           0.00011820
 #*EXTRAS*# Step:           8  Bead:     27  
     0.00011818          -0.00004457          -0.00004437
    -0.00004457           0.00011785          -0.00004423
    -0.00004437          -0.00004423           0.00011818
 #*EXTRAS*# Step:           9  Bead:     27  
     0.00011817          -0.00004457          -0.00004437
    -0.00004457           0.00011783          -0.00004423
    -0.00004437          -0.00004423           0.00011817
 #*EXTRAS*# Step:          10  Bead:     27  
     0.00011816          -0.00004457          -0.00004437
    -0.00004457           0.00011782          -0.00004423
    -0.00004437          -0.00004423           0.00011816
 #*EXTRAS*# Step:          11  Bead:     27  
     0.00011815          -0.00004458          -0.00004437
    -0.00004458           0.00011781          -0.00004423
    -0.00004437          -0.00004423           0.00011815
