 #*EXTRAS*# Step:           0  Bead:     15  
     0.00012726          -0.00003897          -0.00003848
    -0.00003897           0.00012736          -0.00003904
    -0.00003848          -0.00003904           0.00012691
 #*EXTRAS*# Step:           1  Bead:     15  
     0.00012532          -0.00004104          -0.00004049
    -0.00004104           0.00012539          -0.00004114
    -0.00004049          -0.00004114           0.00012502
 #*EXTRAS*# Step:           2  Bead:     15  
     0.00012387          -0.00004229          -0.00004188
    -0.00004229           0.00012394          -0.00004239
    -0.00004188          -0.00004239           0.00012364
 #*EXTRAS*# Step:           3  Bead:     15  
     0.00012294          -0.00004292          -0.00004268
    -0.00004292           0.00012301          -0.00004300
    -0.00004268          -0.00004300           0.00012277
 #*EXTRAS*# Step:           4  Bead:     15  
     0.00012248          -0.00004318          -0.00004302
    -0.00004318           0.00012255          -0.00004324
    -0.00004302          -0.00004324           0.00012234
 #*EXTRAS*# Step:           5  Bead:     15  
     0.00012219          -0.00004332          -0.00004321
    -0.00004332           0.00012225          -0.00004337
    -0.00004321          -0.00004337           0.00012207
 #*EXTRAS*# Step:           6  Bead:     15  
     0.00012202          -0.00004341          -0.00004332
    -0.00004341           0.00012207          -0.00004344
    -0.00004332          -0.00004344           0.00012191
 #*EXTRAS*# Step:           7  Bead:     15  
     0.00012191          -0.00004346          -0.00004339
    -0.00004346           0.00012196          -0.00004349
    -0.00004339          -0.00004349           0.00012180
 #*EXTRAS*# Step:           8  Bead:     15  
     0.00012184          -0.00004349          -0.00004343
    -0.00004349           0.00012188          -0.00004352
    -0.00004343          -0.00004352           0.00012174
 #*EXTRAS*# Step:           9  Bead:     15  
     0.00012179          -0.00004351          -0.00004345
    -0.00004351           0.00012183          -0.00004353
    -0.00004345          -0.00004353           0.00012169
 #*EXTRAS*# Step:          10  Bead:     15  
     0.00012176          -0.00004353          -0.00004347
    -0.00004353           0.00012180          -0.00004354
    -0.00004347          -0.00004354           0.00012166
 #*EXTRAS*# Step:          11  Bead:     15  
     0.00012174          -0.00004354          -0.00004348
    -0.00004354           0.00012178          -0.00004355
    -0.00004348          -0.00004355           0.00012165
