 #*EXTRAS*# Step:           0  Bead:     22  
{"friction": [[0.000122630467543474, -4.3096070467800976e-05, -4.2912418060752e-05], [-4.3096070467800976e-05, 0.00012269691709164998, -4.316425275719657e-05], [-4.2912418060752e-05, -4.316425275719657e-05, 0.00012247956068148197]]}
 #*EXTRAS*# Step:           1  Bead:     22  
{"friction": [[0.00012194669748663574, -4.3443361139222514e-05, -4.336582897212374e-05], [-4.3443361139222514e-05, 0.00012199474029708691, -4.3473470436813117e-05], [-4.336582897212374e-05, -4.3473470436813117e-05, 0.0001218378045578662]]}
 #*EXTRAS*# Step:           2  Bead:     22  
{"friction": [[0.00012131487424833561, -4.37163630266614e-05, -4.369876921378231e-05], [-4.37163630266614e-05, 0.00012132567845787345, -4.369602334073665e-05], [-4.369876921378231e-05, -4.369602334073665e-05, 0.00012123884803271955]]}
 #*EXTRAS*# Step:           3  Bead:     22  
{"friction": [[0.00012066593796395938, -4.396192481976961e-05, -4.395593804873556e-05], [-4.396192481976961e-05, 0.00012061628932321865, -4.3875580245758e-05], [-4.395593804873556e-05, -4.3875580245758e-05, 0.00012061560054086454]]}
 #*EXTRAS*# Step:           4  Bead:     22  
{"friction": [[0.00012036392554305523, -4.406520269132847e-05, -4.40501045936719e-05], [-4.406520269132847e-05, 0.00012028050779383473, -4.394505551998687e-05], [-4.40501045936719e-05, -4.394505551998687e-05, 0.00012032304001129696]]}
 #*EXTRAS*# Step:           5  Bead:     22  
{"friction": [[0.00012016698285011312, -4.4128621964308644e-05, -4.4103853320059356e-05], [-4.4128621964308644e-05, 0.00012006034786902398, -4.3985950416692084e-05], [-4.4103853320059356e-05, -4.3985950416692084e-05, 0.00012013155386104235]]}
 #*EXTRAS*# Step:           6  Bead:     22  
{"friction": [[0.00012004807480571842, -4.4165371731788155e-05, -4.4133559065104784e-05], [-4.4165371731788155e-05, 0.00011992709693486659, -4.400902115726393e-05], [-4.4133559065104784e-05, -4.400902115726393e-05, 0.00012001569613072604]]}
 #*EXTRAS*# Step:           7  Bead:     22  
{"friction": [[0.00011997260349447188, -4.418808455533306e-05, -4.415138096771235e-05], [-4.418808455533306e-05, 0.00011984242598707372, -4.402304531694719e-05], [-4.415138096771235e-05, -4.402304531694719e-05, 0.0001199420714095638]]}
 #*EXTRAS*# Step:           8  Bead:     22  
{"friction": [[0.00011992424241303526, -4.420238588686296e-05, -4.416238910907455e-05], [-4.420238588686296e-05, 0.00011978813817710694, -4.403178241143715e-05], [-4.416238910907455e-05, -4.403178241143715e-05, 0.00011989485851006993]]}
 #*EXTRAS*# Step:           9  Bead:     22  
{"friction": [[0.00011989272422391818, -4.4211599408873747e-05, -4.416939270467742e-05], [-4.4211599408873747e-05, 0.00011975274603913486, -4.4037372575406655e-05], [-4.416939270467742e-05, -4.4037372575406655e-05, 0.00011986407424201441]]}
 #*EXTRAS*# Step:          10  Bead:     22  
{"friction": [[0.00011987202875243032, -4.4217603034971026e-05, -4.4173918809321174e-05], [-4.4217603034971026e-05, 0.00011972950253295618, -4.404099875873893e-05], [-4.4173918809321174e-05, -4.404099875873893e-05, 0.00011984385460769357]]}
 #*EXTRAS*# Step:          11  Bead:     22  
{"friction": [[0.00011985834842902656, -4.422155146077291e-05, -4.4176879293330155e-05], [-4.422155146077291e-05, 0.00011971413615608172, -4.404337649945583e-05], [-4.4176879293330155e-05, -4.404337649945583e-05, 0.00011983048621378702]]}
