 #*EXTRAS*# Step:           0  Bead:     18  
{"friction": [[0.00012526486252094083, -4.1100303058221635e-05, -4.0550714905083066e-05], [-4.1100303058221635e-05, 0.00012532660471124878, -4.119858624384984e-05], [-4.0550714905083066e-05, -4.119858624384984e-05, 0.00012496354601260095]]}
 #*EXTRAS*# Step:           1  Bead:     18  
{"friction": [[0.0001239188276642438, -4.2252969695188683e-05, -4.183974823014191e-05], [-4.2252969695188683e-05, 0.00012398328684323833, -4.235253913582912e-05], [-4.183974823014191e-05, -4.235253913582912e-05, 0.00012368514027657725]]}
 #*EXTRAS*# Step:           2  Bead:     18  
{"friction": [[0.0001228602460114463, -4.296475247559434e-05, -4.273983593574023e-05], [-4.296475247559434e-05, 0.00012292886056593209, -4.304206141594908e-05], [-4.273983593574023e-05, -4.304206141594908e-05, 0.00012269439563349538]]}
 #*EXTRAS*# Step:           3  Bead:     18  
{"friction": [[0.00012206803309219933, -4.338610103771562e-05, -4.3292286425981794e-05], [-4.338610103771562e-05, 0.0001221208557713237, -4.342420612349431e-05], [-4.3292286425981794e-05, -4.342420612349431e-05, 0.0001219520751759214]]}
 #*EXTRAS*# Step:           4  Bead:     18  
{"friction": [[0.00012167475687090212, -4.356569362280953e-05, -4.35194419282963e-05], [-4.356569362280953e-05, 0.000121709396820621, -4.357589821773643e-05], [-4.35194419282963e-05, -4.357589821773643e-05, 0.00012158088023334547]]}
 #*EXTRAS*# Step:           5  Bead:     18  
{"friction": [[0.00012142379664401083, -4.3671980805157275e-05, -4.3647365516341516e-05], [-4.3671980805157275e-05, 0.00012144257331291909, -4.3661386350578335e-05], [-4.3647365516341516e-05, -4.3661386350578335e-05, 0.0001213426316208139]]}
 #*EXTRAS*# Step:           6  Bead:     18  
{"friction": [[0.00012127044732088058, -4.3734186540719725e-05, -4.371902520353982e-05], [-4.3734186540719725e-05, 0.00012127780719164214, -4.3709748683593e-05], [-4.371902520353982e-05, -4.3709748683593e-05, 0.00012119644795294669]]}
 #*EXTRAS*# Step:           7  Bead:     18  
{"friction": [[0.00012117271936793818, -4.377285615018617e-05, -4.376214442477691e-05], [-4.377285615018617e-05, 0.00012117210657417093, -4.373915424778001e-05], [-4.376214442477691e-05, -4.373915424778001e-05, 0.00012110303379184989]]}
 #*EXTRAS*# Step:           8  Bead:     18  
{"friction": [[0.00012110978698251192, -4.3797381344074104e-05, -4.378887442151027e-05], [-4.3797381344074104e-05, 0.00012110375353977132, -4.375753607540866e-05], [-4.378887442151027e-05, -4.375753607540866e-05, 0.00012104277286761216]]}
 #*EXTRAS*# Step:           9  Bead:     18  
{"friction": [[0.00012106867527229401, -4.381324471044223e-05, -4.3805907198902106e-05], [-4.381324471044223e-05, 0.0001210589848600004, -4.37693154426202e-05], [-4.3805907198902106e-05, -4.37693154426202e-05, 0.00012100336231749422]]}
 #*EXTRAS*# Step:          10  Bead:     18  
{"friction": [[0.00012104163126097949, -4.3823611481724485e-05, -4.3816929914050936e-05], [-4.3823611481724485e-05, 0.00012102948729823076, -4.3776966741329203e-05], [-4.3816929914050936e-05, -4.3776966741329203e-05, 0.00012097741881566642]]}
 #*EXTRAS*# Step:          11  Bead:     18  
{"friction": [[0.00012102373565946622, -4.383044145622314e-05, -4.382414545838014e-05], [-4.383044145622314e-05, 0.00012100994777267574, -4.378198763077536e-05], [-4.382414545838014e-05, -4.378198763077536e-05, 0.00012096024347267427]]}
