 #*EXTRAS*# Step:           0  Bead:      9  
{"friction": [[0.00013030641560764987, -3.4637552590400345e-05, -3.4466313676195334e-05], [-3.4637552590400345e-05, 0.0001305119734329694, -3.464872341487375e-05], [-3.4466313676195334e-05, -3.464872341487375e-05, 0.00012999345633835313]]}
 #*EXTRAS*# Step:           1  Bead:      9  
{"friction": [[0.00012776797401068684, -3.8349077216357794e-05, -3.79035254551647e-05], [-3.8349077216357794e-05, 0.00012788758740554668, -3.8414823261247424e-05], [-3.79035254551647e-05, -3.8414823261247424e-05, 0.00012741554842222853]]}
 #*EXTRAS*# Step:           2  Bead:      9  
{"friction": [[0.00012559575169472087, -4.078000775732315e-05, -4.0223140918395494e-05], [-4.078000775732315e-05, 0.00012566129333089652, -4.087561547057879e-05], [-4.0223140918395494e-05, -4.087561547057879e-05, 0.00012528250339628396]]}
 #*EXTRAS*# Step:           3  Bead:      9  
{"friction": [[0.00012432625074114097, -4.193167762857872e-05, -4.145990195968369e-05], [-4.193167762857872e-05, 0.00012438753110084288, -4.2033199826540666e-05], [-4.145990195968369e-05, -4.2033199826540666e-05, 0.00012406906102205601]]}
 #*EXTRAS*# Step:           4  Bead:      9  
{"friction": [[0.00012371743794364442, -4.24021881917188e-05, -4.20219971389201e-05], [-4.24021881917188e-05, 0.00012378359988663142, -4.249965942919821e-05], [-4.20219971389201e-05, -4.249965942919821e-05, 0.0001234961044184532]]}
 #*EXTRAS*# Step:           5  Bead:      9  
{"friction": [[0.00012335753008389734, -4.2652673509186896e-05, -4.233609091047655e-05], [-4.2652673509186896e-05, 0.00012342613083111606, -4.274410392905341e-05], [-4.233609091047655e-05, -4.274410392905341e-05, 0.0001231591359317254]]}
 #*EXTRAS*# Step:           6  Bead:      9  
{"friction": [[0.00012314267895042084, -4.2792293690292754e-05, -4.2515261069752305e-05], [-4.2792293690292754e-05, 0.0001232119282989515, -4.287851400310903e-05], [-4.2515261069752305e-05, -4.287851400310903e-05, 0.00012295830449258265]]}
 #*EXTRAS*# Step:           7  Bead:      9  
{"friction": [[0.00012300793153976268, -4.287612321072019e-05, -4.262403726599533e-05], [-4.287612321072019e-05, 0.00012307712181756268, -4.295839694642385e-05], [-4.262403726599533e-05, -4.295839694642385e-05, 0.00012283239805985823]]}
 #*EXTRAS*# Step:           8  Bead:      9  
{"friction": [[0.00012292183332471136, -4.2928201513483356e-05, -4.2691993892038415e-05], [-4.2928201513483356e-05, 0.00012299075844019198, -4.300766414490546e-05], [-4.2691993892038415e-05, -4.300766414490546e-05, 0.00012275194863020398]]}
 #*EXTRAS*# Step:           9  Bead:      9  
{"friction": [[0.0001228658781173968, -4.296143404455383e-05, -4.273548791877964e-05], [-4.296143404455383e-05, 0.00012293452546981973, -4.30389449619081e-05], [-4.273548791877964e-05, -4.30389449619081e-05, 0.00012269965913350484]]}
 #*EXTRAS*# Step:          10  Bead:      9  
{"friction": [[0.00012282917571765416, -4.29829722302754e-05, -4.276372323649392e-05], [-4.29829722302754e-05, 0.00012289759293663275, -4.3059148589429764e-05], [-4.276372323649392e-05, -4.3059148589429764e-05, 0.00012266535735807075]]}
 #*EXTRAS*# Step:          11  Bead:      9  
{"friction": [[0.00012280493526961627, -4.299708521284219e-05, -4.278224226318586e-05], [-4.299708521284219e-05, 0.00012287317887180066, -4.307235625533982e-05], [-4.278224226318586e-05, -4.307235625533982e-05, 0.0001226427003506479]]}
