 #*EXTRAS*# Step:           0  Bead:      0  
     0.00013194          -0.00003135          -0.00003130
    -0.00003135           0.00013218          -0.00003131
    -0.00003130          -0.00003131           0.00013173
 #*EXTRAS*# Step:           1  Bead:      0  
     0.00012935          -0.00003618          -0.00003590
    -0.00003618           0.00012952          -0.00003622
    -0.00003590          -0.00003622           0.00012901
 #*EXTRAS*# Step:           2  Bead:      0  
     0.00012681          -0.00003950          -0.00003898
    -0.00003950           0.00012690          -0.00003958
    -0.00003898          -0.00003958           0.00012646
 #*EXTRAS*# Step:           3  Bead:      0  
     0.00012527          -0.00004109          -0.00004054
    -0.00004109           0.00012534          -0.00004119
    -0.00004054          -0.00004119           0.00012497
 #*EXTRAS*# Step:           4  Bead:      0  
     0.00012453          -0.00004176          -0.00004126
    -0.00004176           0.00012459          -0.00004186
    -0.00004126          -0.00004186           0.00012426
 #*EXTRAS*# Step:           5  Bead:      0  
     0.00012411          -0.00004211          -0.00004167
    -0.00004211           0.00012417          -0.00004221
    -0.00004167          -0.00004221           0.00012386
 #*EXTRAS*# Step:           6  Bead:      0  
     0.00012386          -0.00004230          -0.00004190
    -0.00004230           0.00012392          -0.00004240
    -0.00004190          -0.00004240           0.00012363
 #*EXTRAS*# Step:           7  Bead:      0  
     0.00012370          -0.00004241          -0.00004204
    -0.00004241           0.00012377          -0.00004251
    -0.00004204          -0.00004251           0.00012348
 #*EXTRAS*# Step:           8  Bead:      0  
     0.00012360          -0.00004248          -0.00004212
    -0.00004248           0.00012367          -0.00004258
    -0.00004212          -0.00004258           0.00012339
 #*EXTRAS*# Step:           9  Bead:      0  
     0.00012354          -0.00004253          -0.00004218
    -0.00004253           0.00012361          -0.00004262
    -0.00004218          -0.00004262           0.00012333
 #*EXTRAS*# Step:          10  Bead:      0  
     0.00012350          -0.00004256          -0.00004222
    -0.00004256           0.00012357          -0.00004265
    -0.00004222          -0.00004265           0.00012329
 #*EXTRAS*# Step:          11  Bead:      0  
     0.00012347          -0.00004258          -0.00004224
    -0.00004258           0.00012354          -0.00004267
    -0.00004224          -0.00004267           0.00012326
