 #*EXTRAS*# Step:           0  Bead:     41  
{"friction": [[0.00010825727003808276, -4.0213019041528475e-05, -4.022875126678125e-05], [-4.0213019041528475e-05, 0.00010826184840136975, -4.021709341324004e-05], [-4.022875126678125e-05, -4.021709341324004e-05, 0.00010829577020577766]]}
 #*EXTRAS*# Step:           1  Bead:     41  
{"friction": [[0.00011040625247218961, -4.1840129505126145e-05, -4.1917903577703516e-05], [-4.1840129505126145e-05, 0.00011042976778296876, -4.189227853829798e-05], [-4.1917903577703516e-05, -4.189227853829798e-05, 0.0001104834514098337]]}
 #*EXTRAS*# Step:           2  Bead:     41  
{"friction": [[0.00011209111177315083, -4.290119848267727e-05, -4.293723114306271e-05], [-4.290119848267727e-05, 0.00011204728227433164, -4.291843196524452e-05], [-4.293723114306271e-05, -4.291843196524452e-05, 0.0001121521155816934]]}
 #*EXTRAS*# Step:           3  Bead:     41  
{"friction": [[0.00011257629475231057, -4.317751602844343e-05, -4.3178035649156925e-05], [-4.317751602844343e-05, 0.0001124899794579598, -4.3156782918712166e-05], [-4.3178035649156925e-05, -4.3156782918712166e-05, 0.00011263122584100714]]}
 #*EXTRAS*# Step:           4  Bead:     41  
{"friction": [[0.00011293655556409973, -4.337313036171858e-05, -4.334161895022815e-05], [-4.337313036171858e-05, 0.00011281309663940101, -4.331679925864623e-05], [-4.334161895022815e-05, -4.331679925864623e-05, 0.00011298713399709048]]}
 #*EXTRAS*# Step:           5  Bead:     41  
{"friction": [[0.0001131384801725285, -4.3478585160423066e-05, -4.342770460388564e-05], [-4.3478585160423066e-05, 0.0001129928238082936, -4.3400306526684566e-05], [-4.342770460388564e-05, -4.3400306526684566e-05, 0.0001131866755645502]]}
 #*EXTRAS*# Step:           6  Bead:     41  
{"friction": [[0.00011326493433405845, -4.354295213353791e-05, -4.3479584001287794e-05], [-4.354295213353791e-05, 0.00011310503584554575, -4.345037600456423e-05], [-4.3479584001287794e-05, -4.345037600456423e-05, 0.00011331165761501973]]}
 #*EXTRAS*# Step:           7  Bead:     41  
{"friction": [[0.00011334433490410115, -4.358267748749164e-05, -4.3511363847851754e-05], [-4.358267748749164e-05, 0.0001131753964620428, -4.3480946342953935e-05], [-4.3511363847851754e-05, -4.3480946342953935e-05, 0.00011339014171491427]]}
 #*EXTRAS*# Step:           8  Bead:     41  
{"friction": [[0.0001133954826710941, -4.360797732562427e-05, -4.353151185616141e-05], [-4.360797732562427e-05, 0.00011322069051261455, -4.350028633128355e-05], [-4.353151185616141e-05, -4.350028633128355e-05, 0.0001134407023034787]]}
 #*EXTRAS*# Step:           9  Bead:     41  
{"friction": [[0.00011342875600348206, -4.362431151246092e-05, -4.35444829268315e-05], [-4.362431151246092e-05, 0.00011325014548892111, -4.3512719861044315e-05], [-4.35444829268315e-05, -4.3512719861044315e-05, 0.00011347359499047108]]}
 #*EXTRAS*# Step:          10  Bead:     41  
{"friction": [[0.00011345062137730059, -4.36349915314057e-05, -4.3552948553552395e-05], [-4.36349915314057e-05, 0.00011326949790887406, -4.3520827210292035e-05], [-4.3552948553552395e-05, -4.3520827210292035e-05, 0.00011349521079590209]]}
 #*EXTRAS*# Step:          11  Bead:     41  
{"friction": [[0.00011346506960783513, -4.3642025068023354e-05, -4.355851716295946e-05], [-4.3642025068023354e-05, 0.0001132822841914115, -4.352615690525228e-05], [-4.355851716295946e-05, -4.352615690525228e-05, 0.00011350949436400676]]}
