 #*EXTRAS*# Step:           0  Bead:     48  
{"friction": [[0.00010490062451440705, -3.687350091212312e-05, -3.6805665261342465e-05], [-3.687350091212312e-05, 0.00010490061033065456, -3.69947368229772e-05], [-3.6805665261342465e-05, -3.69947368229772e-05, 0.0001046451982602587]]}
 #*EXTRAS*# Step:           1  Bead:     48  
{"friction": [[0.00010751933279627845, -3.9571281514985224e-05, -3.9559630751252144e-05], [-3.9571281514985224e-05, 0.00010751616596963181, -3.9576303756615484e-05], [-3.9559630751252144e-05, -3.9576303756615484e-05, 0.00010751479334275887]]}
 #*EXTRAS*# Step:           2  Bead:     48  
{"friction": [[0.00010964966386135679, -4.1305687465597434e-05, -4.137044257821771e-05], [-4.1305687465597434e-05, 0.00010967342652668003, -4.1342269128064986e-05], [-4.137044257821771e-05, -4.1342269128064986e-05, 0.00010972459857508748]]}
 #*EXTRAS*# Step:           3  Bead:     48  
{"friction": [[0.00011042916436843229, -4.185571283636858e-05, -4.193363695482147e-05], [-4.185571283636858e-05, 0.00011045245147070559, -4.190814412951436e-05], [-4.193363695482147e-05, -4.190814412951436e-05, 0.00011050629779866348]]}
 #*EXTRAS*# Step:           4  Bead:     48  
{"friction": [[0.00011095230853856884, -4.220241398292837e-05, -4.227903046645702e-05], [-4.220241398292837e-05, 0.00011096594502782647, -4.225678842939314e-05], [-4.227903046645702e-05, -4.225678842939314e-05, 0.00011102634066625348]]}
 #*EXTRAS*# Step:           5  Bead:     48  
{"friction": [[0.00011125239613991877, -4.2393700223781755e-05, -4.246503840071435e-05], [-4.2393700223781755e-05, 0.00011125617792842779, -4.2444513392334635e-05], [-4.246503840071435e-05, -4.2444513392334635e-05, 0.00011132355306983547]]}
 #*EXTRAS*# Step:           6  Bead:     48  
{"friction": [[0.00011143903608994259, -4.251000800497215e-05, -4.257621638820006e-05], [-4.251000800497215e-05, 0.00011143489967095269, -4.255655705572104e-05], [-4.257621638820006e-05, -4.255655705572104e-05, 0.00011150812658752761]]}
 #*EXTRAS*# Step:           7  Bead:     48  
{"friction": [[0.00011155640872001583, -4.258213484429366e-05, -4.264435138713613e-05], [-4.258213484429366e-05, 0.00011154654528857232, -4.262512358659337e-05], [-4.264435138713613e-05, -4.262512358659337e-05, 0.00011162411884896791]]}
 #*EXTRAS*# Step:           8  Bead:     48  
{"friction": [[0.00011163195799102799, -4.2628153542826036e-05, -4.268747783497091e-05], [-4.2628153542826036e-05, 0.00011161809184408185, -4.266847333013431e-05], [-4.268747783497091e-05, -4.266847333013431e-05, 0.00011169875373965129]]}
 #*EXTRAS*# Step:           9  Bead:     48  
{"friction": [[0.00011168112978389636, -4.265793588533556e-05, -4.2715239281155884e-05], [-4.265793588533556e-05, 0.00011166452239525116, -4.2696354982770866e-05], [-4.2715239281155884e-05, -4.2696354982770866e-05, 0.00011174732140402385]]}
 #*EXTRAS*# Step:          10  Bead:     48  
{"friction": [[0.00011171344396853811, -4.26774358251897e-05, -4.2733350985311486e-05], [-4.26774358251897e-05, 0.00011169497590957938, -4.2714534285888316e-05], [-4.2733350985311486e-05, -4.2714534285888316e-05, 0.00011177923523292904]]}
 #*EXTRAS*# Step:          11  Bead:     48  
{"friction": [[0.00011173480079233538, -4.2690292344457025e-05, -4.274526360999068e-05], [-4.2690292344457025e-05, 0.00011171507699385572, -4.272648645404588e-05], [-4.274526360999068e-05, -4.272648645404588e-05, 0.0001118003261504056]]}
