 #*EXTRAS*# Step:           0  Bead:     59  
     0.00010252          -0.00003351          -0.00003348
    -0.00003351           0.00010246          -0.00003369
    -0.00003348          -0.00003369           0.00010209
 #*EXTRAS*# Step:           1  Bead:     59  
     0.00010513          -0.00003714          -0.00003707
    -0.00003714           0.00010513          -0.00003725
    -0.00003707          -0.00003725           0.00010490
 #*EXTRAS*# Step:           2  Bead:     59  
     0.00010755          -0.00003960          -0.00003959
    -0.00003960           0.00010755          -0.00003961
    -0.00003959          -0.00003961           0.00010755
 #*EXTRAS*# Step:           3  Bead:     59  
     0.00010858          -0.00004048          -0.00004050
    -0.00004048           0.00010859          -0.00004049
    -0.00004050          -0.00004049           0.00010863
 #*EXTRAS*# Step:           4  Bead:     59  
     0.00010924          -0.00004100          -0.00004105
    -0.00004100           0.00010926          -0.00004102
    -0.00004105          -0.00004102           0.00010931
 #*EXTRAS*# Step:           5  Bead:     59  
     0.00010962          -0.00004129          -0.00004135
    -0.00004129           0.00010965          -0.00004132
    -0.00004135          -0.00004132           0.00010970
 #*EXTRAS*# Step:           6  Bead:     59  
     0.00010986          -0.00004146          -0.00004153
    -0.00004146           0.00010988          -0.00004150
    -0.00004153          -0.00004150           0.00010994
 #*EXTRAS*# Step:           7  Bead:     59  
     0.00011001          -0.00004156          -0.00004164
    -0.00004156           0.00011003          -0.00004161
    -0.00004164          -0.00004161           0.00011009
 #*EXTRAS*# Step:           8  Bead:     59  
     0.00011010          -0.00004163          -0.00004171
    -0.00004163           0.00011013          -0.00004168
    -0.00004171          -0.00004168           0.00011018
 #*EXTRAS*# Step:           9  Bead:     59  
     0.00011017          -0.00004168          -0.00004175
    -0.00004168           0.00011019          -0.00004172
    -0.00004175          -0.00004172           0.00011024
 #*EXTRAS*# Step:          10  Bead:     59  
     0.00011021          -0.00004170          -0.00004178
    -0.00004170           0.00011023          -0.00004175
    -0.00004178          -0.00004175           0.00011029
 #*EXTRAS*# Step:          11  Bead:     59  
     0.00011023          -0.00004172          -0.00004180
    -0.00004172           0.00011026          -0.00004177
    -0.00004180          -0.00004177           0.00011031
