 #*EXTRAS*# Step:           0  Bead:     50  
{"friction": [[0.00010422157793290393, -3.6035021611147086e-05, -3.5966888494172815e-05], [-3.6035021611147086e-05, 0.00010421927471690661, -3.619295965410192e-05], [-3.5966888494172815e-05, -3.619295965410192e-05, 0.00010389772288898436]]}
 #*EXTRAS*# Step:           1  Bead:     50  
{"friction": [[0.00010688226525661363, -3.897942834033022e-05, -3.8947664518042906e-05], [-3.897942834033022e-05, 0.0001068772645223112, -3.900032845297986e-05], [-3.8947664518042906e-05, -3.900032845297986e-05, 0.00010682705015776695]]}
 #*EXTRAS*# Step:           2  Bead:     50  
{"friction": [[0.0001091042228457379, -4.0895248920428554e-05, -4.094314518969592e-05], [-4.0895248920428554e-05, 0.00010912183848657076, -4.091703380455052e-05], [-4.094314518969592e-05, -4.091703380455052e-05, 0.0001091707872657307]]}
 #*EXTRAS*# Step:           3  Bead:     50  
{"friction": [[0.00010994769659753867, -4.152090209304113e-05, -4.15925022556862e-05], [-4.152090209304113e-05, 0.0001099728839578621, -4.156479395136362e-05], [-4.15925022556862e-05, -4.156479395136362e-05, 0.00011002464631106863]]}
 #*EXTRAS*# Step:           4  Bead:     50  
{"friction": [[0.00011050704081943693, -4.1908424699192846e-05, -4.198673626199791e-05], [-4.1908424699192846e-05, 0.0001105294385242952, -4.1961705153029155e-05], [-4.198673626199791e-05, -4.1961705153029155e-05, 0.0001105839025039089]]}
 #*EXTRAS*# Step:           5  Bead:     50  
{"friction": [[0.0001108288083312415, -4.212211256295431e-05, -4.219989978294769e-05], [-4.212211256295431e-05, 0.00011084553886792053, -4.217688544393612e-05], [-4.219989978294769e-05, -4.217688544393612e-05, 0.00011090382053479518]]}
 #*EXTRAS*# Step:           6  Bead:     50  
{"friction": [[0.00011102867090044044, -4.225160060857412e-05, -4.232720778643653e-05], [-4.225160060857412e-05, 0.00011104012122110064, -4.2305429629705166e-05], [-4.232720778643653e-05, -4.2305429629705166e-05, 0.00011110203309474452]]}
 #*EXTRAS*# Step:           7  Bead:     50  
{"friction": [[0.00011115436191735961, -4.2331798356731695e-05, -4.2405252817913006e-05], [-4.2331798356731695e-05, 0.00011116174125842683, -4.2384202105818835e-05], [-4.2405252817913006e-05, -4.2384202105818835e-05, 0.00011122652631873643]]}
 #*EXTRAS*# Step:           8  Bead:     50  
{"friction": [[0.00011123524988312174, -4.2382914202604164e-05, -4.2454650720194915e-05], [-4.2382914202604164e-05, 0.00011123968820345596, -4.2434036854054145e-05], [-4.2454650720194915e-05, -4.2434036854054145e-05, 0.00011130658726798664]]}
 #*EXTRAS*# Step:           9  Bead:     50  
{"friction": [[0.0001112878978940052, -4.2415978503685e-05, -4.248645342692199e-05], [-4.2415978503685e-05, 0.00011129028297772307, -4.246610784802755e-05], [-4.248645342692199e-05, -4.246610784802755e-05, 0.0001113586757951835]]}
 #*EXTRAS*# Step:          10  Bead:     50  
{"friction": [[0.00011132249601873564, -4.24376193784944e-05, -4.2507202691430194e-05], [-4.24376193784944e-05, 0.00011132347105566937, -4.248702573797676e-05], [-4.2507202691430194e-05, -4.248702573797676e-05, 0.0001113928978216412]]}
 #*EXTRAS*# Step:          11  Bead:     50  
{"friction": [[0.0001113453626974834, -4.245188437280933e-05, -4.252085090360856e-05], [-4.245188437280933e-05, 0.0001113453790596462, -4.250078182989472e-05], [-4.252085090360856e-05, -4.250078182989472e-05, 0.00011141551245044024]]}
