 #*EXTRAS*# Step:           0  Bead:     44  
     0.00010664          -0.00003874          -0.00003871
    -0.00003874           0.00010664          -0.00003877
    -0.00003871          -0.00003877           0.00010656
 #*EXTRAS*# Step:           1  Bead:     44  
     0.00010905          -0.00004085          -0.00004090
    -0.00004085           0.00010906          -0.00004087
    -0.00004090          -0.00004087           0.00010911
 #*EXTRAS*# Step:           2  Bead:     44  
     0.00011095          -0.00004220          -0.00004228
    -0.00004220           0.00011096          -0.00004225
    -0.00004228          -0.00004225           0.00011102
 #*EXTRAS*# Step:           3  Bead:     44  
     0.00011157          -0.00004259          -0.00004265
    -0.00004259           0.00011156          -0.00004263
    -0.00004265          -0.00004263           0.00011164
 #*EXTRAS*# Step:           4  Bead:     44  
     0.00011201          -0.00004285          -0.00004289
    -0.00004285           0.00011197          -0.00004288
    -0.00004289          -0.00004288           0.00011207
 #*EXTRAS*# Step:           5  Bead:     44  
     0.00011226          -0.00004300          -0.00004302
    -0.00004300           0.00011220          -0.00004300
    -0.00004302          -0.00004300           0.00011232
 #*EXTRAS*# Step:           6  Bead:     44  
     0.00011241          -0.00004309          -0.00004310
    -0.00004309           0.00011234          -0.00004308
    -0.00004310          -0.00004308           0.00011247
 #*EXTRAS*# Step:           7  Bead:     44  
     0.00011251          -0.00004314          -0.00004315
    -0.00004314           0.00011243          -0.00004313
    -0.00004315          -0.00004313           0.00011256
 #*EXTRAS*# Step:           8  Bead:     44  
     0.00011257          -0.00004317          -0.00004318
    -0.00004317           0.00011249          -0.00004315
    -0.00004318          -0.00004315           0.00011263
 #*EXTRAS*# Step:           9  Bead:     44  
     0.00011261          -0.00004320          -0.00004320
    -0.00004320           0.00011252          -0.00004317
    -0.00004320          -0.00004317           0.00011267
 #*EXTRAS*# Step:          10  Bead:     44  
     0.00011264          -0.00004321          -0.00004321
    -0.00004321           0.00011255          -0.00004319
    -0.00004321          -0.00004319           0.00011269
 #*EXTRAS*# Step:          11  Bead:     44  
     0.00011266          -0.00004322          -0.00004322
    -0.00004322           0.00011256          -0.00004319
    -0.00004322          -0.00004319           0.00011271
