 #*EXTRAS*# Step:           0  Bead:      6  
{"friction": [[0.0001311956103908458, -3.29848470674875e-05, -3.289701440835983e-05], [-3.29848470674875e-05, 0.00013142653940500336, -3.297224398384808e-05], [-3.289701440835983e-05, -3.297224398384808e-05, 0.00013092623268750358]]}
 #*EXTRAS*# Step:           1  Bead:      6  
{"friction": [[0.00012859888927482216, -3.7257001864031606e-05, -3.6895794428949855e-05], [-3.7257001864031606e-05, 0.00012874634846699243, -3.730696548405537e-05], [-3.6895794428949855e-05, -3.730696548405537e-05, 0.000128248355257521]]}
 #*EXTRAS*# Step:           2  Bead:      6  
{"friction": [[0.00012622688863031512, -4.0132530808662264e-05, -3.958400771033771e-05], [-4.0132530808662264e-05, 0.0001263038061641873, -4.022145586125126e-05], [-3.958400771033771e-05, -4.022145586125126e-05, 0.00012589554316259143]]}
 #*EXTRAS*# Step:           3  Bead:      6  
{"friction": [[0.00012481735091779964, -4.15116159669585e-05, -4.098811935632287e-05], [-4.15116159669585e-05, 0.0001248769967590873, -4.161242631137927e-05], [-4.098811935632287e-05, -4.161242631137927e-05, 0.00012453515446699426]]}
 #*EXTRAS*# Step:           4  Bead:      6  
{"friction": [[0.0001241421877398454, -4.2079995445984995e-05, -4.163313278744122e-05], [-4.2079995445984995e-05, 0.00012420479241960082, -4.218097779161471e-05], [-4.163313278744122e-05, -4.218097779161471e-05, 0.00012389534114335568]]}
 #*EXTRAS*# Step:           5  Bead:      6  
{"friction": [[0.00012375016788001176, -4.237837702137053e-05, -4.199266687931785e-05], [-4.237837702137053e-05, 0.00012381606004076534, -4.2476247163854004e-05], [-4.199266687931785e-05, -4.2476247163854004e-05, 0.00012352679882038405]]}
 #*EXTRAS*# Step:           6  Bead:      6  
{"friction": [[0.0001235178981533317, -4.254363578486062e-05, -4.219814241102753e-05], [-4.254363578486062e-05, 0.0001235855654191231, -4.263814846883526e-05], [-4.219814241102753e-05, -4.263814846883526e-05, 0.00012330917200970503]]}
 #*EXTRAS*# Step:           7  Bead:      6  
{"friction": [[0.00012337290455990187, -4.264239929089614e-05, -4.2323015424554125e-05], [-4.264239929089614e-05, 0.00012344143003832964, -4.273415404226355e-05], [-4.2323015424554125e-05, -4.273415404226355e-05, 0.00012317351381563153]]}
 #*EXTRAS*# Step:           8  Bead:      6  
{"friction": [[0.00012328050232906653, -4.2703577587069285e-05, -4.240110131008834e-05], [-4.2703577587069285e-05, 0.00012334942681435564, -4.2793287517856307e-05], [-4.240110131008834e-05, -4.2793287517856307e-05, 0.00012308711680855648]]}
 #*EXTRAS*# Step:           9  Bead:      6  
{"friction": [[0.00012322055360137644, -4.274253799267406e-05, -4.245110573095298e-05], [-4.274253799267406e-05, 0.000123289662541492, -4.283079614488638e-05], [-4.245110573095298e-05, -4.283079614488638e-05, 0.00012303108131523046]]}
 #*EXTRAS*# Step:          10  Bead:      6  
{"friction": [[0.0001231812738151995, -4.2767755064023843e-05, -4.2483580554247525e-05], [-4.2767755064023843e-05, 0.00012325046830602415, -4.285500708943536e-05], [-4.2483580554247525e-05, -4.285500708943536e-05, 0.00012299437117173188]]}
 #*EXTRAS*# Step:          11  Bead:      6  
{"friction": [[0.00012315534950327965, -4.2784263792314777e-05, -4.250488565202726e-05], [-4.2784263792314777e-05, 0.00012322458413573383, -4.2870827567241156e-05], [-4.250488565202726e-05, -4.2870827567241156e-05, 0.00012297014473573219]]}
