 #*EXTRAS*# Step:           0  Bead:     31  
{"friction": [[0.00011529316548301044, -4.435439121512612e-05, -4.41050010482841e-05], [-4.435439121512612e-05, 0.00011492181793038626, -4.403170578939231e-05], [-4.41050010482841e-05, -4.403170578939231e-05, 0.00011531825069130156]]}
 #*EXTRAS*# Step:           1  Bead:     31  
{"friction": [[0.00011618143560430524, -4.454992602515317e-05, -4.4262212197190304e-05], [-4.454992602515317e-05, 0.00011576286740312808, -4.4164436366442505e-05], [-4.4262212197190304e-05, -4.4164436366442505e-05, 0.00011619809791954101]]}
 #*EXTRAS*# Step:           2  Bead:     31  
{"friction": [[0.00011679557074895778, -4.461859976467617e-05, -4.4331876407486066e-05], [-4.461859976467617e-05, 0.00011637285338915298, -4.4216683724111655e-05], [-4.4331876407486066e-05, -4.4216683724111655e-05, 0.00011680673943670854]]}
 #*EXTRAS*# Step:           3  Bead:     31  
{"friction": [[0.00011668067469725762, -4.4610072617390604e-05, -4.432120616723605e-05], [-4.4610072617390604e-05, 0.00011625670864088914, -4.420927382725791e-05], [-4.432120616723605e-05, -4.420927382725791e-05, 0.00011669285170427029]]}
 #*EXTRAS*# Step:           4  Bead:     31  
{"friction": [[0.00011670897606248251, -4.461236036127493e-05, -4.4323934401912875e-05], [-4.461236036127493e-05, 0.00011628522725521543, -4.4211198612397986e-05], [-4.4323934401912875e-05, -4.4211198612397986e-05, 0.00011672090388378314]]}
 #*EXTRAS*# Step:           5  Bead:     31  
{"friction": [[0.00011671012240289376, -4.461245045141217e-05, -4.4324043529746896e-05], [-4.461245045141217e-05, 0.00011628638363122736, -4.421127520065163e-05], [-4.4324043529746896e-05, -4.421127520065163e-05, 0.00011672204014224594]]}
 #*EXTRAS*# Step:           6  Bead:     31  
{"friction": [[0.00011671338992993012, -4.4612706143352436e-05, -4.4324353998906704e-05], [-4.4612706143352436e-05, 0.0001162896802931441, -4.421149292088838e-05], [-4.4324353998906704e-05, -4.421149292088838e-05, 0.00011672527893651709]]}
 #*EXTRAS*# Step:           7  Bead:     31  
{"friction": [[0.00011671508811696076, -4.461283838685081e-05, -4.4324515010642386e-05], [-4.461283838685081e-05, 0.00011629139393174298, -4.421160573059622e-05], [-4.4324515010642386e-05, -4.421160573059622e-05, 0.00011672696219347092]]}
 #*EXTRAS*# Step:           8  Bead:     31  
{"friction": [[0.0001167163451180329, -4.461293599009261e-05, -4.432463404023682e-05], [-4.461293599009261e-05, 0.00011629266250658357, -4.421168908145511e-05], [-4.432463404023682e-05, -4.421168908145511e-05, 0.0001167282081445108]]}
 #*EXTRAS*# Step:           9  Bead:     31  
{"friction": [[0.00011671714112046479, -4.461299767305991e-05, -4.4324709349663716e-05], [-4.461299767305991e-05, 0.00011629346589822784, -4.4211741797356404e-05], [-4.4324709349663716e-05, -4.4211741797356404e-05, 0.00011672899714999678]]}
 #*EXTRAS*# Step:          10  Bead:     31  
{"friction": [[0.00011671767632078693, -4.461303909182102e-05, -4.4324759955653194e-05], [-4.461303909182102e-05, 0.00011629400609295324, -4.421177721245518e-05], [-4.4324759955653194e-05, -4.421177721245518e-05, 0.00011672952764608852]]}
 #*EXTRAS*# Step:          11  Bead:     31  
{"friction": [[0.00011671802851105306, -4.4613066323699734e-05, -4.432479324433376e-05], [-4.4613066323699734e-05, 0.00011629436158129287, -4.4211800504764215e-05], [-4.432479324433376e-05, -4.4211800504764215e-05, 0.00011672987674082499]]}
