 #*EXTRAS*# Step:           0  Bead:     23  
{"friction": [[0.00012194919365104008, -4.3442200516587006e-05, -4.336434695504495e-05], [-4.3442200516587006e-05, 0.0001219973420398065, -4.3472479799487785e-05], [-4.336434695504495e-05, -4.3472479799487785e-05, 0.00012184015749727416]]}
 #*EXTRAS*# Step:           1  Bead:     23  
{"friction": [[0.00012140306870047774, -4.3680503790516874e-05, -4.365733885162047e-05], [-4.3680503790516874e-05, 0.00012142037960948291, -4.366808805533885e-05], [-4.365733885162047e-05, -4.366808805533885e-05, 0.00012132289987064997]]}
 #*EXTRAS*# Step:           2  Bead:     23  
{"friction": [[0.00012087602834354934, -4.3885898521890074e-05, -4.388137343609205e-05], [-4.3885898521890074e-05, 0.00012084808926681702, -4.382217022019373e-05], [-4.388137343609205e-05, -4.382217022019373e-05, 0.00012081824636522506]]}
 #*EXTRAS*# Step:           3  Bead:     23  
{"friction": [[0.00012026618868236042, -4.4097069863936774e-05, -4.4077502929709304e-05], [-4.4097069863936774e-05, 0.0001201713444342548, -4.396577425140728e-05], [-4.4077502929709304e-05, -4.396577425140728e-05, 0.00012022807637008312]]}
 #*EXTRAS*# Step:           4  Bead:     23  
{"friction": [[0.0001199933720791207, -4.418188212195927e-05, -4.414655529086958e-05], [-4.418188212195927e-05, 0.00011986573259403375, -4.401923356093502e-05], [-4.414655529086958e-05, -4.401923356093502e-05, 0.00011996233857254168]]}
 #*EXTRAS*# Step:           5  Bead:     23  
{"friction": [[0.00011981422392868484, -4.423417701195779e-05, -4.418625889307503e-05], [-4.423417701195779e-05, 0.00011966456508816849, -4.405094150992665e-05], [-4.418625889307503e-05, -4.405094150992665e-05, 0.0001197873538210701]]}
 #*EXTRAS*# Step:           6  Bead:     23  
{"friction": [[0.0001197065371053325, -4.4264281203920326e-05, -4.4208081627103034e-05], [-4.4264281203920326e-05, 0.0001195435453875495, -4.406874155192904e-05], [-4.4208081627103034e-05, -4.406874155192904e-05, 0.00011968200101942822]]}
 #*EXTRAS*# Step:           7  Bead:     23  
{"friction": [[0.00011963823068311246, -4.4282849656501474e-05, -4.4221153181210326e-05], [-4.4282849656501474e-05, 0.0001194667649172386, -4.407954970692526e-05], [-4.4221153181210326e-05, -4.407954970692526e-05, 0.00011961511324998141]]}
 #*EXTRAS*# Step:           8  Bead:     23  
{"friction": [[0.00011959451121760073, -4.4294517383930295e-05, -4.422921144602003e-05], [-4.4294517383930295e-05, 0.00011941761987982661, -4.408627265918653e-05], [-4.422921144602003e-05, -4.408627265918653e-05, 0.00011957227752031245]]}
 #*EXTRAS*# Step:           9  Bead:     23  
{"friction": [[0.00011956602914040096, -4.430202683954372e-05, -4.423433331283966e-05], [-4.430202683954372e-05, 0.00011938560380489902, -4.409057114661542e-05], [-4.423433331283966e-05, -4.409057114661542e-05, 0.00011954436122375053]]}
 #*EXTRAS*# Step:          10  Bead:     23  
{"friction": [[0.00011954733427817141, -4.430691630523866e-05, -4.42376407336422e-05], [-4.430691630523866e-05, 0.0001193645899625526, -4.4093357793867836e-05], [-4.42376407336422e-05, -4.4093357793867836e-05, 0.00011952603352323464]]}
 #*EXTRAS*# Step:          11  Bead:     23  
{"friction": [[0.00011953497871439692, -4.4310130536089405e-05, -4.423980306851748e-05], [-4.4310130536089405e-05, 0.00011935070215339982, -4.4095184420353985e-05], [-4.423980306851748e-05, -4.4095184420353985e-05, 0.00011951391881026372]]}
