 #*EXTRAS*# Step:           0  Bead:     38  
     0.00011010          -0.00004163          -0.00004170
    -0.00004163           0.00011012          -0.00004168
    -0.00004170          -0.00004168           0.00011018
 #*EXTRAS*# Step:           1  Bead:     38  
     0.00011194          -0.00004281          -0.00004286
    -0.00004281           0.00011191          -0.00004284
    -0.00004286          -0.00004284           0.00011201
 #*EXTRAS*# Step:           2  Bead:     38  
     0.00011337          -0.00004360          -0.00004352
    -0.00004360           0.00011320          -0.00004349
    -0.00004352          -0.00004349           0.00011342
 #*EXTRAS*# Step:           3  Bead:     38  
     0.00011370          -0.00004375          -0.00004365
    -0.00004375           0.00011349          -0.00004361
    -0.00004365          -0.00004361           0.00011374
 #*EXTRAS*# Step:           4  Bead:     38  
     0.00011397          -0.00004388          -0.00004374
    -0.00004388           0.00011373          -0.00004370
    -0.00004374          -0.00004370           0.00011401
 #*EXTRAS*# Step:           5  Bead:     38  
     0.00011412          -0.00004394          -0.00004379
    -0.00004394           0.00011386          -0.00004374
    -0.00004379          -0.00004374           0.00011416
 #*EXTRAS*# Step:           6  Bead:     38  
     0.00011421          -0.00004398          -0.00004382
    -0.00004398           0.00011394          -0.00004377
    -0.00004382          -0.00004377           0.00011425
 #*EXTRAS*# Step:           7  Bead:     38  
     0.00011427          -0.00004400          -0.00004384
    -0.00004400           0.00011400          -0.00004379
    -0.00004384          -0.00004379           0.00011431
 #*EXTRAS*# Step:           8  Bead:     38  
     0.00011431          -0.00004402          -0.00004385
    -0.00004402           0.00011403          -0.00004380
    -0.00004385          -0.00004380           0.00011434
 #*EXTRAS*# Step:           9  Bead:     38  
     0.00011433          -0.00004403          -0.00004386
    -0.00004403           0.00011405          -0.00004381
    -0.00004386          -0.00004381           0.00011437
 #*EXTRAS*# Step:          10  Bead:     38  
     0.00011435          -0.00004403          -0.00004386
    -0.00004403           0.00011407          -0.00004381
    -0.00004386          -0.00004381           0.00011439
 #*EXTRAS*# Step:          11  Bead:     38  
     0.00011436          -0.00004404          -0.00004387
    -0.00004404           0.00011408          -0.00004381
    -0.00004387          -0.00004381           0.00011440
