 #*EXTRAS*# Step:           0  Bead:     31  
     0.00011529          -0.00004435          -0.00004411
    -0.00004435           0.00011492          -0.00004403
    -0.00004411          -0.00004403           0.00011532
 #*EXTRAS*# Step:           1  Bead:     31  
     0.00011618          -0.00004455          -0.00004426
    -0.00004455           0.00011576          -0.00004416
    -0.00004426          -0.00004416           0.00011620
 #*EXTRAS*# Step:           2  Bead:     31  
     0.00011680          -0.00004462          -0.00004433
    -0.00004462           0.00011637          -0.00004422
    -0.00004433          -0.00004422           0.00011681
 #*EXTRAS*# Step:           3  Bead:     31  
     0.00011668          -0.00004461          -0.00004432
    -0.00004461           0.00011626          -0.00004421
    -0.00004432          -0.00004421           0.00011669
 #*EXTRAS*# Step:           4  Bead:     31  
     0.00011671          -0.00004461          -0.00004432
    -0.00004461           0.00011629          -0.00004421
    -0.00004432          -0.00004421           0.00011672
 #*EXTRAS*# Step:           5  Bead:     31  
     0.00011671          -0.00004461          -0.00004432
    -0.00004461           0.00011629          -0.00004421
    -0.00004432          -0.00004421           0.00011672
 #*EXTRAS*# Step:           6  Bead:     31  
     0.00011671          -0.00004461          -0.00004432
    -0.00004461           0.00011629          -0.00004421
    -0.00004432          -0.00004421           0.00011673
 #*EXTRAS*# Step:           7  Bead:     31  
     0.00011672          -0.00004461          -0.00004432
    -0.00004461           0.00011629          -0.00004421
    -0.00004432          -0.00004421           0.00011673
 #*EXTRAS*# Step:           8  Bead:     31  
     0.00011672          -0.00004461          -0.00004432
    -0.00004461           0.00011629          -0.00004421
    -0.00004432          -0.00004421           0.00011673
 #*EXTRAS*# Step:           9  Bead:     31  
     0.00011672          -0.00004461          -0.00004432
    -0.00004461           0.00011629          -0.00004421
    -0.00004432          -0.00004421           0.00011673
 #*EXTRAS*# Step:          10  Bead:     31  
     0.00011672          -0.00004461          -0.00004432
    -0.00004461           0.00011629          -0.00004421
    -0.00004432          -0.00004421           0.00011673
 #*EXTRAS*# Step:          11  Bead:     31  
     0.00011672          -0.00004461          -0.00004432
    -0.00004461           0.00011629          -0.00004421
    -0.00004432          -0.00004421           0.00011673
