 #*EXTRAS*# Step:           0  Bead:     14  
{"friction": [[0.0001278780787535134, -3.82100307641886e-05, -3.7774858450361775e-05], [-3.82100307641886e-05, 0.00012800126167604204, -3.8273806917358165e-05], [-3.7774858450361775e-05, -3.8273806917358165e-05, 0.0001275253587009841]]}
 #*EXTRAS*# Step:           1  Bead:     14  
{"friction": [[0.00012578246331836646, -4.059341152208736e-05, -4.0036238382891376e-05], [-4.059341152208736e-05, 0.00012585085738073384, -4.06872452092589e-05], [-4.0036238382891376e-05, -4.06872452092589e-05, 0.0001254632457589615]]}
 #*EXTRAS*# Step:           2  Bead:     14  
{"friction": [[0.00012418931039763145, -4.204251499751554e-05, -4.15890169615444e-05], [-4.204251499751554e-05, 0.0001242515520984264, -4.214368559323861e-05], [-4.15890169615444e-05, -4.214368559323861e-05, 0.00012393977019774295]]}
 #*EXTRAS*# Step:           3  Bead:     14  
{"friction": [[0.00012320575625420508, -4.275206650693605e-05, -4.246336674785786e-05], [-4.275206650693605e-05, 0.00012327490083350706, -4.283995078908281e-05], [-4.246336674785786e-05, -4.283995078908281e-05, 0.00012301725153761117]]}
 #*EXTRAS*# Step:           4  Bead:     14  
{"friction": [[0.0001227210006965545, -4.304526973926057e-05, -4.284555849963817e-05], [-4.304526973926057e-05, 0.00012278850423350817, -4.3117257196333533e-05], [-4.284555849963817e-05, -4.3117257196333533e-05, 0.0001225642326145286]]}
 #*EXTRAS*# Step:           5  Bead:     14  
{"friction": [[0.0001224224869903457, -4.320830406661538e-05, -4.306016981507952e-05], [-4.320830406661538e-05, 0.00012248540676616353, -4.326667870544688e-05], [-4.306016981507952e-05, -4.326667870544688e-05, 0.0001222848487138715]]}
 #*EXTRAS*# Step:           6  Bead:     14  
{"friction": [[0.00012224160479492024, -4.330106954237184e-05, -4.3181796932756195e-05], [-4.330106954237184e-05, 0.00012230006058893702, -4.3349670235917054e-05], [-4.3181796932756195e-05, -4.3349670235917054e-05, 0.00012211520464433002]]}
 #*EXTRAS*# Step:           7  Bead:     14  
{"friction": [[0.00012212706883186822, -4.335760213904237e-05, -4.325540004361911e-05], [-4.335760213904237e-05, 0.0001221819627156497, -4.339940099254343e-05], [-4.325540004361911e-05, -4.339940099254343e-05, 0.00012200760112498288]]}
 #*EXTRAS*# Step:           8  Bead:     14  
{"friction": [[0.0001220535113296791, -4.339304620496759e-05, -4.330124943885356e-05], [-4.339304620496759e-05, 0.00012210579935207461, -4.343022300927331e-05], [-4.330124943885356e-05, -4.343022300927331e-05, 0.00012193840973297636]]}
 #*EXTRAS*# Step:           9  Bead:     14  
{"friction": [[0.00012200554391917203, -4.3415807532017956e-05, -4.3330544466172255e-05], [-4.3415807532017956e-05, 0.00012205599412484769, -4.344986273376658e-05], [-4.3330544466172255e-05, -4.344986273376658e-05, 0.0001218932504125687]]}
 #*EXTRAS*# Step:          10  Bead:     14  
{"friction": [[0.00012197401631245756, -4.343061978561974e-05, -4.334953841863052e-05], [-4.343061978561974e-05, 0.00012202319786107986, -4.346257688449717e-05], [-4.334953841863052e-05, -4.346257688449717e-05, 0.00012186355091694459]]}
 #*EXTRAS*# Step:          11  Bead:     14  
{"friction": [[0.00012195316510467573, -4.3440352462524354e-05, -4.336198634638677e-05], [-4.3440352462524354e-05, 0.00012200148083516266, -4.347090171953936e-05], [-4.336198634638677e-05, -4.347090171953936e-05, 0.00012184390088759481]]}
