 #*EXTRAS*# Step:           0  Bead:     54  
{"friction": [[0.00010321820672526034, -3.463813479007007e-05, -3.4586315531130965e-05], [-3.463813479007007e-05, 0.00010319683609987853, -3.482966366715975e-05], [-3.4586315531130965e-05, -3.482966366715975e-05, 0.00010281585060269033]]}
 #*EXTRAS*# Step:           1  Bead:     54  
{"friction": [[0.00010587938648071665, -3.796890114537215e-05, -3.7913266677567196e-05], [-3.796890114537215e-05, 0.00010587675610782059, -3.803475647524443e-05], [-3.7913266677567196e-05, -3.803475647524443e-05, 0.00010572721017266073]]}
 #*EXTRAS*# Step:           2  Bead:     54  
{"friction": [[0.00010822904871973259, -4.018930566833102e-05, -4.020393438010497e-05], [-4.018930566833102e-05, 0.00010823322132307501, -4.019306154146698e-05], [-4.020393438010497e-05, -4.019306154146698e-05, 0.00010826624387855552]]}
 #*EXTRAS*# Step:           3  Bead:     54  
{"friction": [[0.00010917380258737363, -4.094883154395565e-05, -4.099912588563783e-05], [-4.094883154395565e-05, 0.00010919238691573272, -4.09724937013694e-05], [-4.099912588563783e-05, -4.09724937013694e-05, 0.00010924181091614152]]}
 #*EXTRAS*# Step:           4  Bead:     54  
{"friction": [[0.00010979121732685517, -4.1408683720930764e-05, -4.147693599058431e-05], [-4.1408683720930764e-05, 0.00010981586808200854, -4.144887146872218e-05], [-4.147693599058431e-05, -4.144887146872218e-05, 0.00010986731143173133]]}
 #*EXTRAS*# Step:           5  Bead:     54  
{"friction": [[0.00011014775699662489, -4.1661915801868875e-05, -4.173691926448433e-05], [-4.1661915801868875e-05, 0.00011017285679065683, -4.170996231546591e-05], [-4.173691926448433e-05, -4.170996231546591e-05, 0.00011022520221547483]]}
 #*EXTRAS*# Step:           6  Bead:     54  
{"friction": [[0.00011036875470171303, -4.1814551653449256e-05, -4.189204548015638e-05], [-4.1814551653449256e-05, 0.00011039261143666444, -4.1866208158066496e-05], [-4.189204548015638e-05, -4.1866208158066496e-05, 0.00011044604623062921]]}
 #*EXTRAS*# Step:           7  Bead:     54  
{"friction": [[0.00011050771622821612, -4.190888014268581e-05, -4.1987194225555015e-05], [-4.190888014268581e-05, 0.00011053010543779985, -4.196216719500818e-05], [-4.1987194225555015e-05, -4.196216719500818e-05, 0.00011058457523180933]]}
 #*EXTRAS*# Step:           8  Bead:     54  
{"friction": [[0.00011059711353281078, -4.1968904003692625e-05, -4.204742119105575e-05], [-4.1968904003692625e-05, 0.00011061825643487608, -4.2022942898067e-05], [-4.204742119105575e-05, -4.2022942898067e-05, 0.00011067357044430695]]}
 #*EXTRAS*# Step:           9  Bead:     54  
{"friction": [[0.00011065529979946061, -4.2007697679593364e-05, -4.208620520318973e-05], [-4.2007697679593364e-05, 0.00011067549853019927, -4.206209140669799e-05], [-4.208620520318973e-05, -4.206209140669799e-05, 0.00011073144642344597]]}
 #*EXTRAS*# Step:          10  Bead:     54  
{"friction": [[0.00011069353580632324, -4.20330734259487e-05, -4.211151223299558e-05], [-4.20330734259487e-05, 0.00011071305538868232, -4.208763994711919e-05], [-4.211151223299558e-05, -4.208763994711919e-05, 0.00011076945864689924]]}
 #*EXTRAS*# Step:          11  Bead:     54  
{"friction": [[0.00011071880707627625, -4.204979441374409e-05, -4.212816024232781e-05], [-4.204979441374409e-05, 0.00011073785178045527, -4.21044481141756e-05], [-4.212816024232781e-05, -4.21044481141756e-05, 0.00011079457363198546]]}
