 #*EXTRAS*# Step:           0  Bead:      5  
     0.00013141          -0.00003255          -0.00003248
    -0.00003255           0.00013164          -0.00003253
    -0.00003248          -0.00003253           0.00013115
 #*EXTRAS*# Step:           1  Bead:      5  
     0.00012881          -0.00003697          -0.00003663
    -0.00003697           0.00012896          -0.00003701
    -0.00003663          -0.00003701           0.00012846
 #*EXTRAS*# Step:           2  Bead:      5  
     0.00012639          -0.00003996          -0.00003942
    -0.00003996           0.00012647          -0.00004004
    -0.00003942          -0.00004004           0.00012605
 #*EXTRAS*# Step:           3  Bead:      5  
     0.00012495          -0.00004140          -0.00004086
    -0.00004140           0.00012501          -0.00004150
    -0.00004086          -0.00004150           0.00012466
 #*EXTRAS*# Step:           4  Bead:      5  
     0.00012425          -0.00004199          -0.00004153
    -0.00004199           0.00012431          -0.00004209
    -0.00004153          -0.00004209           0.00012400
 #*EXTRAS*# Step:           5  Bead:      5  
     0.00012385          -0.00004230          -0.00004190
    -0.00004230           0.00012392          -0.00004240
    -0.00004190          -0.00004240           0.00012362
 #*EXTRAS*# Step:           6  Bead:      5  
     0.00012361          -0.00004248          -0.00004211
    -0.00004248           0.00012368          -0.00004257
    -0.00004211          -0.00004257           0.00012340
 #*EXTRAS*# Step:           7  Bead:      5  
     0.00012347          -0.00004258          -0.00004224
    -0.00004258           0.00012353          -0.00004267
    -0.00004224          -0.00004267           0.00012326
 #*EXTRAS*# Step:           8  Bead:      5  
     0.00012337          -0.00004264          -0.00004232
    -0.00004264           0.00012344          -0.00004273
    -0.00004232          -0.00004273           0.00012317
 #*EXTRAS*# Step:           9  Bead:      5  
     0.00012331          -0.00004268          -0.00004238
    -0.00004268           0.00012338          -0.00004277
    -0.00004238          -0.00004277           0.00012312
 #*EXTRAS*# Step:          10  Bead:      5  
     0.00012327          -0.00004271          -0.00004241
    -0.00004271           0.00012334          -0.00004280
    -0.00004241          -0.00004280           0.00012308
 #*EXTRAS*# Step:          11  Bead:      5  
     0.00012324          -0.00004273          -0.00004243
    -0.00004273           0.00012331          -0.00004282
    -0.00004243          -0.00004282           0.00012305
