 #*EXTRAS*# Step:           0  Bead:     25  
     0.00012045          -0.00004404          -0.00004402
    -0.00004404           0.00012038          -0.00004393
    -0.00004402          -0.00004393           0.00012041
 #*EXTRAS*# Step:           1  Bead:     25  
     0.00012021          -0.00004412          -0.00004409
    -0.00004412           0.00012011          -0.00004398
    -0.00004409          -0.00004398           0.00012017
 #*EXTRAS*# Step:           2  Bead:     25  
     0.00011993          -0.00004420          -0.00004416
    -0.00004420           0.00011979          -0.00004403
    -0.00004416          -0.00004403           0.00011990
 #*EXTRAS*# Step:           3  Bead:     25  
     0.00011942          -0.00004434          -0.00004426
    -0.00004434           0.00011922          -0.00004411
    -0.00004426          -0.00004411           0.00011940
 #*EXTRAS*# Step:           4  Bead:     25  
     0.00011921          -0.00004439          -0.00004429
    -0.00004439           0.00011899          -0.00004414
    -0.00004429          -0.00004414           0.00011920
 #*EXTRAS*# Step:           5  Bead:     25  
     0.00011907          -0.00004442          -0.00004431
    -0.00004442           0.00011883          -0.00004416
    -0.00004431          -0.00004416           0.00011906
 #*EXTRAS*# Step:           6  Bead:     25  
     0.00011899          -0.00004444          -0.00004432
    -0.00004444           0.00011874          -0.00004416
    -0.00004432          -0.00004416           0.00011898
 #*EXTRAS*# Step:           7  Bead:     25  
     0.00011894          -0.00004445          -0.00004432
    -0.00004445           0.00011868          -0.00004417
    -0.00004432          -0.00004417           0.00011893
 #*EXTRAS*# Step:           8  Bead:     25  
     0.00011890          -0.00004446          -0.00004433
    -0.00004446           0.00011864          -0.00004417
    -0.00004433          -0.00004417           0.00011889
 #*EXTRAS*# Step:           9  Bead:     25  
     0.00011888          -0.00004446          -0.00004433
    -0.00004446           0.00011862          -0.00004417
    -0.00004433          -0.00004417           0.00011887
 #*EXTRAS*# Step:          10  Bead:     25  
     0.00011887          -0.00004446          -0.00004433
    -0.00004446           0.00011860          -0.00004418
    -0.00004433          -0.00004418           0.00011886
 #*EXTRAS*# Step:          11  Bead:     25  
     0.00011886          -0.00004446          -0.00004433
    -0.00004446           0.00011859          -0.00004418
    -0.00004433          -0.00004418           0.00011885
