 #*EXTRAS*# Step:           0  Bead:     22  
     0.00012263          -0.00004310          -0.00004291
    -0.00004310           0.00012270          -0.00004316
    -0.00004291          -0.00004316           0.00012248
 #*EXTRAS*# Step:           1  Bead:     22  
     0.00012195          -0.00004344          -0.00004337
    -0.00004344           0.00012199          -0.00004347
    -0.00004337          -0.00004347           0.00012184
 #*EXTRAS*# Step:           2  Bead:     22  
     0.00012131          -0.00004372          -0.00004370
    -0.00004372           0.00012133          -0.00004370
    -0.00004370          -0.00004370           0.00012124
 #*EXTRAS*# Step:           3  Bead:     22  
     0.00012067          -0.00004396          -0.00004396
    -0.00004396           0.00012062          -0.00004388
    -0.00004396          -0.00004388           0.00012062
 #*EXTRAS*# Step:           4  Bead:     22  
     0.00012036          -0.00004407          -0.00004405
    -0.00004407           0.00012028          -0.00004395
    -0.00004405          -0.00004395           0.00012032
 #*EXTRAS*# Step:           5  Bead:     22  
     0.00012017          -0.00004413          -0.00004410
    -0.00004413           0.00012006          -0.00004399
    -0.00004410          -0.00004399           0.00012013
 #*EXTRAS*# Step:           6  Bead:     22  
     0.00012005          -0.00004417          -0.00004413
    -0.00004417           0.00011993          -0.00004401
    -0.00004413          -0.00004401           0.00012002
 #*EXTRAS*# Step:           7  Bead:     22  
     0.00011997          -0.00004419          -0.00004415
    -0.00004419           0.00011984          -0.00004402
    -0.00004415          -0.00004402           0.00011994
 #*EXTRAS*# Step:           8  Bead:     22  
     0.00011992          -0.00004420          -0.00004416
    -0.00004420           0.00011979          -0.00004403
    -0.00004416          -0.00004403           0.00011989
 #*EXTRAS*# Step:           9  Bead:     22  
     0.00011989          -0.00004421          -0.00004417
    -0.00004421           0.00011975          -0.00004404
    -0.00004417          -0.00004404           0.00011986
 #*EXTRAS*# Step:          10  Bead:     22  
     0.00011987          -0.00004422          -0.00004417
    -0.00004422           0.00011973          -0.00004404
    -0.00004417          -0.00004404           0.00011984
 #*EXTRAS*# Step:          11  Bead:     22  
     0.00011986          -0.00004422          -0.00004418
    -0.00004422           0.00011971          -0.00004404
    -0.00004418          -0.00004404           0.00011983
