 #*EXTRAS*# Step:           0  Bead:      8  
     0.00013065          -0.00003403          -0.00003390
    -0.00003403           0.00013086          -0.00003404
    -0.00003390          -0.00003404           0.00013035
 #*EXTRAS*# Step:           1  Bead:      8  
     0.00012808          -0.00003795          -0.00003754
    -0.00003795           0.00012821          -0.00003801
    -0.00003754          -0.00003801           0.00012773
 #*EXTRAS*# Step:           2  Bead:      8  
     0.00012583          -0.00004055          -0.00003999
    -0.00004055           0.00012590          -0.00004064
    -0.00003999          -0.00004064           0.00012551
 #*EXTRAS*# Step:           3  Bead:      8  
     0.00012451          -0.00004178          -0.00004129
    -0.00004178           0.00012457          -0.00004188
    -0.00004129          -0.00004188           0.00012424
 #*EXTRAS*# Step:           4  Bead:      8  
     0.00012387          -0.00004229          -0.00004188
    -0.00004229           0.00012394          -0.00004239
    -0.00004188          -0.00004239           0.00012364
 #*EXTRAS*# Step:           5  Bead:      8  
     0.00012350          -0.00004255          -0.00004221
    -0.00004255           0.00012357          -0.00004265
    -0.00004221          -0.00004265           0.00012330
 #*EXTRAS*# Step:           6  Bead:      8  
     0.00012328          -0.00004270          -0.00004240
    -0.00004270           0.00012335          -0.00004279
    -0.00004240          -0.00004279           0.00012309
 #*EXTRAS*# Step:           7  Bead:      8  
     0.00012314          -0.00004279          -0.00004251
    -0.00004279           0.00012321          -0.00004288
    -0.00004251          -0.00004288           0.00012296
 #*EXTRAS*# Step:           8  Bead:      8  
     0.00012306          -0.00004285          -0.00004259
    -0.00004285           0.00012312          -0.00004293
    -0.00004259          -0.00004293           0.00012288
 #*EXTRAS*# Step:           9  Bead:      8  
     0.00012300          -0.00004288          -0.00004263
    -0.00004288           0.00012307          -0.00004296
    -0.00004263          -0.00004296           0.00012282
 #*EXTRAS*# Step:          10  Bead:      8  
     0.00012296          -0.00004291          -0.00004266
    -0.00004291           0.00012303          -0.00004299
    -0.00004266          -0.00004299           0.00012279
 #*EXTRAS*# Step:          11  Bead:      8  
     0.00012294          -0.00004292          -0.00004268
    -0.00004292           0.00012300          -0.00004300
    -0.00004268          -0.00004300           0.00012276
