 #*EXTRAS*# Step:           0  Bead:     16  
     0.00012661          -0.00003971          -0.00003918
    -0.00003971           0.00012670          -0.00003980
    -0.00003918          -0.00003980           0.00012627
 #*EXTRAS*# Step:           1  Bead:     16  
     0.00012486          -0.00004148          -0.00004095
    -0.00004148           0.00012492          -0.00004158
    -0.00004095          -0.00004158           0.00012457
 #*EXTRAS*# Step:           2  Bead:     16  
     0.00012355          -0.00004252          -0.00004217
    -0.00004252           0.00012361          -0.00004262
    -0.00004217          -0.00004262           0.00012334
 #*EXTRAS*# Step:           3  Bead:     16  
     0.00012266          -0.00004308          -0.00004289
    -0.00004308           0.00012273          -0.00004315
    -0.00004289          -0.00004315           0.00012251
 #*EXTRAS*# Step:           4  Bead:     16  
     0.00012223          -0.00004331          -0.00004319
    -0.00004331           0.00012229          -0.00004336
    -0.00004319          -0.00004336           0.00012210
 #*EXTRAS*# Step:           5  Bead:     16  
     0.00012195          -0.00004344          -0.00004336
    -0.00004344           0.00012200          -0.00004347
    -0.00004336          -0.00004347           0.00012184
 #*EXTRAS*# Step:           6  Bead:     16  
     0.00012179          -0.00004352          -0.00004346
    -0.00004352           0.00012183          -0.00004354
    -0.00004346          -0.00004354           0.00012169
 #*EXTRAS*# Step:           7  Bead:     16  
     0.00012168          -0.00004356          -0.00004352
    -0.00004356           0.00012171          -0.00004357
    -0.00004352          -0.00004357           0.00012159
 #*EXTRAS*# Step:           8  Bead:     16  
     0.00012161          -0.00004359          -0.00004355
    -0.00004359           0.00012164          -0.00004360
    -0.00004355          -0.00004360           0.00012152
 #*EXTRAS*# Step:           9  Bead:     16  
     0.00012157          -0.00004361          -0.00004358
    -0.00004361           0.00012159          -0.00004361
    -0.00004358          -0.00004361           0.00012148
 #*EXTRAS*# Step:          10  Bead:     16  
     0.00012154          -0.00004362          -0.00004359
    -0.00004362           0.00012156          -0.00004362
    -0.00004359          -0.00004362           0.00012145
 #*EXTRAS*# Step:          11  Bead:     16  
     0.00012152          -0.00004363          -0.00004360
    -0.00004363           0.00012154          -0.00004363
    -0.00004360          -0.00004363           0.00012143
