 #*EXTRAS*# Step:           0  Bead:     28  
     0.00011788          -0.00004460          -0.00004438
    -0.00004460           0.00011751          -0.00004424
    -0.00004438          -0.00004424           0.00011788
 #*EXTRAS*# Step:           1  Bead:     28  
     0.00011822          -0.00004457          -0.00004437
    -0.00004457           0.00011788          -0.00004422
    -0.00004437          -0.00004422           0.00011822
 #*EXTRAS*# Step:           2  Bead:     28  
     0.00011839          -0.00004454          -0.00004437
    -0.00004454           0.00011807          -0.00004421
    -0.00004437          -0.00004421           0.00011838
 #*EXTRAS*# Step:           3  Bead:     28  
     0.00011806          -0.00004459          -0.00004438
    -0.00004459           0.00011771          -0.00004423
    -0.00004438          -0.00004423           0.00011806
 #*EXTRAS*# Step:           4  Bead:     28  
     0.00011797          -0.00004460          -0.00004438
    -0.00004460           0.00011761          -0.00004423
    -0.00004438          -0.00004423           0.00011797
 #*EXTRAS*# Step:           5  Bead:     28  
     0.00011790          -0.00004460          -0.00004438
    -0.00004460           0.00011754          -0.00004424
    -0.00004438          -0.00004424           0.00011790
 #*EXTRAS*# Step:           6  Bead:     28  
     0.00011786          -0.00004461          -0.00004438
    -0.00004461           0.00011749          -0.00004424
    -0.00004438          -0.00004424           0.00011786
 #*EXTRAS*# Step:           7  Bead:     28  
     0.00011783          -0.00004461          -0.00004438
    -0.00004461           0.00011746          -0.00004424
    -0.00004438          -0.00004424           0.00011784
 #*EXTRAS*# Step:           8  Bead:     28  
     0.00011782          -0.00004461          -0.00004438
    -0.00004461           0.00011745          -0.00004424
    -0.00004438          -0.00004424           0.00011782
 #*EXTRAS*# Step:           9  Bead:     28  
     0.00011781          -0.00004461          -0.00004438
    -0.00004461           0.00011743          -0.00004424
    -0.00004438          -0.00004424           0.00011781
 #*EXTRAS*# Step:          10  Bead:     28  
     0.00011780          -0.00004461          -0.00004438
    -0.00004461           0.00011743          -0.00004424
    -0.00004438          -0.00004424           0.00011780
 #*EXTRAS*# Step:          11  Bead:     28  
     0.00011780          -0.00004461          -0.00004438
    -0.00004461           0.00011742          -0.00004424
    -0.00004438          -0.00004424           0.00011780
