 #*EXTRAS*# Step:           0  Bead:     11  
     0.00012948          -0.00003598          -0.00003572
    -0.00003598           0.00012966          -0.00003601
    -0.00003572          -0.00003601           0.00012914
 #*EXTRAS*# Step:           1  Bead:     11  
     0.00012705          -0.00003921          -0.00003871
    -0.00003921           0.00012715          -0.00003929
    -0.00003871          -0.00003929           0.00012671
 #*EXTRAS*# Step:           2  Bead:     11  
     0.00012507          -0.00004128          -0.00004074
    -0.00004128           0.00012513          -0.00004138
    -0.00004074          -0.00004138           0.00012478
 #*EXTRAS*# Step:           3  Bead:     11  
     0.00012392          -0.00004225          -0.00004184
    -0.00004225           0.00012398          -0.00004235
    -0.00004184          -0.00004235           0.00012369
 #*EXTRAS*# Step:           4  Bead:     11  
     0.00012336          -0.00004265          -0.00004233
    -0.00004265           0.00012343          -0.00004274
    -0.00004233          -0.00004274           0.00012316
 #*EXTRAS*# Step:           5  Bead:     11  
     0.00012302          -0.00004287          -0.00004261
    -0.00004287           0.00012309          -0.00004295
    -0.00004261          -0.00004295           0.00012285
 #*EXTRAS*# Step:           6  Bead:     11  
     0.00012282          -0.00004299          -0.00004277
    -0.00004299           0.00012289          -0.00004306
    -0.00004277          -0.00004306           0.00012266
 #*EXTRAS*# Step:           7  Bead:     11  
     0.00012270          -0.00004306          -0.00004286
    -0.00004306           0.00012276          -0.00004313
    -0.00004286          -0.00004313           0.00012254
 #*EXTRAS*# Step:           8  Bead:     11  
     0.00012261          -0.00004310          -0.00004292
    -0.00004310           0.00012268          -0.00004317
    -0.00004292          -0.00004317           0.00012246
 #*EXTRAS*# Step:           9  Bead:     11  
     0.00012256          -0.00004313          -0.00004296
    -0.00004313           0.00012263          -0.00004320
    -0.00004296          -0.00004320           0.00012242
 #*EXTRAS*# Step:          10  Bead:     11  
     0.00012253          -0.00004315          -0.00004299
    -0.00004315           0.00012259          -0.00004322
    -0.00004299          -0.00004322           0.00012238
 #*EXTRAS*# Step:          11  Bead:     11  
     0.00012250          -0.00004317          -0.00004300
    -0.00004317           0.00012257          -0.00004323
    -0.00004300          -0.00004323           0.00012236
