 #*EXTRAS*# Step:           0  Bead:     16  
{"friction": [[0.00012661143308844656, -3.971479929521334e-05, -3.9182795101576245e-05], [-3.971479929521334e-05, 0.00012669737778386712, -3.979877417067022e-05], [-3.9182795101576245e-05, -3.979877417067022e-05, 0.00012627184388542937]]}
 #*EXTRAS*# Step:           1  Bead:     16  
{"friction": [[0.00012485779285589202, -4.147551960731289e-05, -4.0948815471506864e-05], [-4.147551960731289e-05, 0.00012491747138266817, -4.157616122914629e-05], [-4.0948815471506864e-05, -4.157616122914629e-05, 0.00012457372023348448]]}
 #*EXTRAS*# Step:           2  Bead:     16  
{"friction": [[0.00012354579417121362, -4.252424610685229e-05, -4.217380541720183e-05], [-4.252424610685229e-05, 0.00012361326978017884, -4.261922892320737e-05], [-4.217380541720183e-05, -4.261922892320737e-05, 0.00012333528704243385]]}
 #*EXTRAS*# Step:           3  Bead:     16  
{"friction": [[0.0001226647439240126, -4.3076978625894126e-05, -4.2887282218615385e-05], [-4.3076978625894126e-05, 0.00012273162494002326, -4.314663410699337e-05], [-4.2887282218615385e-05, -4.314663410699337e-05, 0.00012251162294685874]]}
 #*EXTRAS*# Step:           4  Bead:     16  
{"friction": [[0.00012222713268466773, -4.3308304966741746e-05, -4.3191244528735084e-05], [-4.3308304966741746e-05, 0.00012228517089435208, -4.3356072643850946e-05], [-4.3191244528735084e-05, -4.3356072643850946e-05, 0.00012210161695559905]]}
 #*EXTRAS*# Step:           5  Bead:     16  
{"friction": [[0.00012195276629704154, -4.344053812346781e-05, -4.3362223544278977e-05], [-4.344053812346781e-05, 0.00012200106525855596, -4.3471060296492975e-05], [-4.3362223544278977e-05, -4.3471060296492975e-05, 0.00012184352499222377]]}
 #*EXTRAS*# Step:           6  Bead:     16  
{"friction": [[0.00012178567172013534, -4.3516756167033884e-05, -4.345866992309634e-05], [-4.3516756167033884e-05, 0.00012182624029939764, -4.3535410937610724e-05], [-4.345866992309634e-05, -4.3535410937610724e-05, 0.00012168581612521065]]}
 #*EXTRAS*# Step:           7  Bead:     16  
{"friction": [[0.00012167948855490207, -4.356363165957137e-05, -4.351690240150563e-05], [-4.356363165957137e-05, 0.00012171439472691409, -4.357420606666969e-05], [-4.351690240150563e-05, -4.357420606666969e-05, 0.00012158536117482042]]}
 #*EXTRAS*# Step:           8  Bead:     16  
{"friction": [[0.00012161118105668094, -4.359318299385875e-05, -4.355310495040823e-05], [-4.359318299385875e-05, 0.00012164212745857588, -4.359833827928824e-05], [-4.355310495040823e-05, -4.359833827928824e-05, 0.00012152063488480735]]}
 #*EXTRAS*# Step:           9  Bead:     16  
{"friction": [[0.00012156658486373061, -4.361223131580249e-05, -4.357620916622884e-05], [-4.361223131580249e-05, 0.0001215948098975108, -4.3613755474880615e-05], [-4.357620916622884e-05, -4.3613755474880615e-05, 0.0001214783312422077]]}
 #*EXTRAS*# Step:          10  Bead:     16  
{"friction": [[0.0001215372533837494, -4.362465694462225e-05, -4.359117638981338e-05], [-4.362465694462225e-05, 0.00012156362936073852, -4.36237528581027e-05], [-4.359117638981338e-05, -4.36237528581027e-05, 0.00012145048754327093]]}
 #*EXTRAS*# Step:          11  Bead:     16  
{"friction": [[0.0001215178457297046, -4.363283457276851e-05, -4.360098000899406e-05], [-4.363283457276851e-05, 0.00012154297228550594, -4.363030637763299e-05], [-4.360098000899406e-05, -4.363030637763299e-05, 0.00012143205542935452]]}
