 #*EXTRAS*# Step:           0  Bead:     32  
{"friction": [[0.00011447442737646712, -4.4082214189905e-05, -4.389842451436581e-05], [-4.4082214189905e-05, 0.00011417821453784439, -4.384566898769395e-05], [-4.389842451436581e-05, -4.384566898769395e-05, 0.0001145078200454766]]}
 #*EXTRAS*# Step:           1  Bead:     32  
{"friction": [[0.00011552592376511203, -4.441613809123734e-05, -4.415280344343716e-05], [-4.441613809123734e-05, 0.00011513814426212077, -4.4073247851896053e-05], [-4.415280344343716e-05, -4.4073247851896053e-05, 0.00011554874474127439]]}
 #*EXTRAS*# Step:           2  Bead:     32  
{"friction": [[0.00011627546015973217, -4.456408067743581e-05, -4.427490821314602e-05], [-4.456408067743581e-05, 0.00011585459018543612, -4.417447430350005e-05], [-4.427490821314602e-05, -4.417447430350005e-05, 0.00011629126455004889]]}
 #*EXTRAS*# Step:           3  Bead:     32  
{"friction": [[0.00011622924232197253, -4.455728463130126e-05, -4.4268760211181105e-05], [-4.455728463130126e-05, 0.00011580943235948906, -4.4169633704368606e-05], [-4.4268760211181105e-05, -4.4169633704368606e-05, 0.00011624546764852702]]}
 #*EXTRAS*# Step:           4  Bead:     32  
{"friction": [[0.00011629581905243802, -4.4566974781535756e-05, -4.427755963555833e-05], [-4.4566974781535756e-05, 0.00011587452645299433, -4.417654936810728e-05], [-4.427755963555833e-05, -4.417654936810728e-05, 0.00011631143849577973]]}
 #*EXTRAS*# Step:           5  Bead:     32  
{"friction": [[0.00011632000898392532, -4.4570334116205896e-05, -4.428066493784767e-05], [-4.4570334116205896e-05, 0.00011589824976753216, -4.417896953455571e-05], [-4.428066493784767e-05, -4.417896953455571e-05, 0.00011633540905410704]]}
 #*EXTRAS*# Step:           6  Bead:     32  
{"friction": [[0.00011633737206515648, -4.457269214403897e-05, -4.428286373857454e-05], [-4.457269214403897e-05, 0.00011591530185143721, -4.4180676358009666e-05], [-4.428286373857454e-05, -4.4180676358009666e-05, 0.00011635261492470085]]}
 #*EXTRAS*# Step:           7  Bead:     32  
{"friction": [[0.00011634794511972351, -4.4574106207910194e-05, -4.4284190352205886e-05], [-4.4574106207910194e-05, 0.00011592569537308618, -4.4181703311332177e-05], [-4.4284190352205886e-05, -4.4181703311332177e-05, 0.00011636309235029273]]}
 #*EXTRAS*# Step:           8  Bead:     32  
{"friction": [[0.00011635489317975355, -4.457502644967249e-05, -4.4285057058525385e-05], [-4.457502644967249e-05, 0.00011593252952448775, -4.418237306660518e-05], [-4.4285057058525385e-05, -4.418237306660518e-05, 0.00011636997761021585]]}
 #*EXTRAS*# Step:           9  Bead:     32  
{"friction": [[0.0001163593905113958, -4.4575618291564234e-05, -4.4285615914194125e-05], [-4.4575618291564234e-05, 0.00011593695485035164, -4.418280442779502e-05], [-4.4285615914194125e-05, -4.418280442779502e-05, 0.00011637443431054037]]}
 #*EXTRAS*# Step:          10  Bead:     32  
{"friction": [[0.00011636235513783233, -4.457600679322332e-05, -4.428598338846941e-05], [-4.457600679322332e-05, 0.0001159398727530949, -4.418308785297056e-05], [-4.428598338846941e-05, -4.418308785297056e-05, 0.00011637737216061435]]}
 #*EXTRAS*# Step:          11  Bead:     32  
{"friction": [[0.00011636431213710674, -4.457626253600785e-05, -4.428622556318936e-05], [-4.457626253600785e-05, 0.00011594179923274342, -4.4183274543268836e-05], [-4.428622556318936e-05, -4.4183274543268836e-05, 0.00011637931148770446]]}
