 #*EXTRAS*# Step:           0  Bead:     63  
{"friction": [[0.00010230241023370649, -3.314250126533514e-05, -3.3126410324985165e-05], [-3.314250126533514e-05, 0.00010223847872837513, -3.331935139787916e-05], [-3.3126410324985165e-05, -3.331935139787916e-05, 0.00010188032678501224]]}
 #*EXTRAS*# Step:           1  Bead:     63  
{"friction": [[0.00010490646196707843, -3.688040445238592e-05, -3.681260326094125e-05], [-3.688040445238592e-05, 0.00010490644633441923, -3.700130613295973e-05], [-3.681260326094125e-05, -3.700130613295973e-05, 0.00010465164772604607]]}
 #*EXTRAS*# Step:           2  Bead:     63  
{"friction": [[0.00010736059912417344, -3.942720019368981e-05, -3.941020921641274e-05], [-3.942720019368981e-05, 0.0001073566125073179, -3.943500429453144e-05], [-3.941020921641274e-05, -3.943500429453144e-05, 0.00010734446961473918]]}
 #*EXTRAS*# Step:           3  Bead:     63  
{"friction": [[0.00010840427424357551, -4.033549902001546e-05, -4.035699548366669e-05], [-4.033549902001546e-05, 0.00010841104949806518, -4.0341600028322654e-05], [-4.035699548366669e-05, -4.0341600028322654e-05, 0.00010844915849013377]]}
 #*EXTRAS*# Step:           4  Bead:     63  
{"friction": [[0.00010907925945021144, -4.087593592646039e-05, -4.092295764769355e-05], [-4.087593592646039e-05, 0.00010909651816779468, -4.0897054042152546e-05], [-4.092295764769355e-05, -4.0897054042152546e-05, 0.0001091452769495408]]}
 #*EXTRAS*# Step:           5  Bead:     63  
{"friction": [[0.00010947040838536123, -4.117320315043954e-05, -4.1232957787394115e-05], [-4.117320315043954e-05, 0.0001094925707286398, -4.120498783657466e-05], [-4.1232957787394115e-05, -4.120498783657466e-05, 0.00010954330807887231]]}
 #*EXTRAS*# Step:           6  Bead:     63  
{"friction": [[0.00010971234162371044, -4.135146784021359e-05, -4.1417823540771805e-05], [-4.135146784021359e-05, 0.00010973654162811998, -4.138967118707266e-05], [-4.1417823540771805e-05, -4.138967118707266e-05, 0.00010978783661459619]]}
 #*EXTRAS*# Step:           7  Bead:     63  
{"friction": [[0.00010986440993848807, -4.146138586654531e-05, -4.153127496362318e-05], [-4.146138586654531e-05, 0.00010988937332306589, -4.150334863731693e-05], [-4.153127496362318e-05, -4.150334863731693e-05, 0.00010994095797070902]]}
 #*EXTRAS*# Step:           8  Bead:     63  
{"friction": [[0.00010996219974949212, -4.153121687394696e-05, -4.1603097929312325e-05], [-4.153121687394696e-05, 0.00010998741113946761, -4.157543376168608e-05], [-4.1603097929312325e-05, -4.157543376168608e-05, 0.00011003920727490534]]}
 #*EXTRAS*# Step:           9  Bead:     63  
{"friction": [[0.00011002584422402483, -4.157631031732261e-05, -4.1649362279812446e-05], [-4.157631031732261e-05, 0.00011005110647749188, -4.162191198525026e-05], [-4.1649362279812446e-05, -4.162191198525026e-05, 0.00011010306408844832]]}
 #*EXTRAS*# Step:          10  Bead:     63  
{"friction": [[0.00011006766410040153, -4.16057895370744e-05, -4.1679554894746565e-05], [-4.16057895370744e-05, 0.00011009291000845757, -4.165226207976316e-05], [-4.1679554894746565e-05, -4.165226207976316e-05, 0.00011014498760158926]]}
 #*EXTRAS*# Step:          11  Bead:     63  
{"friction": [[0.00011009530370704743, -4.162520754867345e-05, -4.1699419434893625e-05], [-4.162520754867345e-05, 0.00011012051649486337, -4.167223761841634e-05], [-4.1699419434893625e-05, -4.167223761841634e-05, 0.00011017268046141867]]}
