 #*EXTRAS*# Step:           0  Bead:     59  
{"friction": [[0.00010251514085647045, -3.350986950112593e-05, -3.3484233397662335e-05], [-3.350986950112593e-05, 0.0001024627094050115, -3.369472217637789e-05], [-3.3484233397662335e-05, -3.369472217637789e-05, 0.00010209140079979171]]}
 #*EXTRAS*# Step:           1  Bead:     59  
{"friction": [[0.00010512788961161465, -3.71387729731769e-05, -3.7072642833027904e-05], [-3.71387729731769e-05, 0.00010512763581882635, -3.724691914570833e-05], [-3.7072642833027904e-05, -3.724691914570833e-05, 0.00010489643388892816]]}
 #*EXTRAS*# Step:           2  Bead:     59  
{"friction": [[0.00010755451041822721, -3.960291575373603e-05, -3.9592476967194964e-05], [-3.960291575373603e-05, 0.00010755156267742175, -3.960743732596367e-05], [-3.9592476967194964e-05, -3.960743732596367e-05, 0.00010755243649046094]]}
 #*EXTRAS*# Step:           3  Bead:     59  
{"friction": [[0.00010857637231398265, -4.0476684216099065e-05, -4.05049106472146e-05], [-4.0476684216099065e-05, 0.00010858584013436002, -4.0485851819446464e-05], [-4.05049106472146e-05, -4.0485851819446464e-05, 0.00010862787795858954]]}
 #*EXTRAS*# Step:           4  Bead:     59  
{"friction": [[0.00010923849721524898, -4.0998326486522296e-05, -4.105079474597055e-05], [-4.0998326486522296e-05, 0.00010925794377160113, -4.1023752723423126e-05], [-4.105079474597055e-05, -4.1023752723423126e-05, 0.00010930774390070632]]}
 #*EXTRAS*# Step:           5  Bead:     59  
{"friction": [[0.00010962189698362254, -4.128531676556566e-05, -4.1349337375174327e-05], [-4.128531676556566e-05, 0.00010964544463478689, -4.1321169149820804e-05], [-4.1349337375174327e-05, -4.1321169149820804e-05, 0.0001096965590126182]]}
 #*EXTRAS*# Step:           6  Bead:     59  
{"friction": [[0.00010985915126110704, -4.145761185929922e-05, -4.152738743221311e-05], [-4.145761185929922e-05, 0.00010988409571330159, -4.149944945349963e-05], [-4.152738743221311e-05, -4.149944945349963e-05, 0.00010993566987552648]]}
 #*EXTRAS*# Step:           7  Bead:     59  
{"friction": [[0.00011000829401724617, -4.156390339529413e-05, -4.1636642632954926e-05], [-4.156390339529413e-05, 0.00011003355124973123, -4.160913016722292e-05], [-4.1636642632954926e-05, -4.160913016722292e-05, 0.00011008546198226062]]}
 #*EXTRAS*# Step:           8  Bead:     59  
{"friction": [[0.00011010421171911968, -4.163145475285745e-05, -4.1705806257958496e-05], [-4.163145475285745e-05, 0.00011012940998297533, -4.167866134262013e-05], [-4.1705806257958496e-05, -4.167866134262013e-05, 0.00011018160308948388]]}
 #*EXTRAS*# Step:           9  Bead:     59  
{"friction": [[0.00011016663904073194, -4.167508448620823e-05, -4.175035469243272e-05], [-4.167508448620823e-05, 0.00011019168174626674, -4.172348301170962e-05], [-4.175035469243272e-05, -4.172348301170962e-05, 0.00011024409865081321]]}
 #*EXTRAS*# Step:          10  Bead:     59  
{"friction": [[0.0001102076598792176, -4.170361055787318e-05, -4.177942641040984e-05], [-4.170361055787318e-05, 0.00011023254792276632, -4.1752747364611484e-05], [-4.177942641040984e-05, -4.1752747364611484e-05, 0.00011028513245299239]]}
 #*EXTRAS*# Step:          11  Bead:     59  
{"friction": [[0.00011023477151328872, -4.1722402221112785e-05, -4.179855289230215e-05], [-4.1722402221112785e-05, 0.00011025953390246373, -4.177200643463401e-05], [-4.179855289230215e-05, -4.177200643463401e-05, 0.00011031223913385279]]}
