 #*EXTRAS*# Step:           0  Bead:     34  
     0.00011291          -0.00004336          -0.00004333
    -0.00004336           0.00011279          -0.00004331
    -0.00004333          -0.00004331           0.00011296
 #*EXTRAS*# Step:           1  Bead:     34  
     0.00011426          -0.00004400          -0.00004383
    -0.00004400           0.00011399          -0.00004379
    -0.00004383          -0.00004379           0.00011430
 #*EXTRAS*# Step:           2  Bead:     34  
     0.00011526          -0.00004435          -0.00004410
    -0.00004435           0.00011489          -0.00004403
    -0.00004410          -0.00004403           0.00011529
 #*EXTRAS*# Step:           3  Bead:     34  
     0.00011535          -0.00004437          -0.00004412
    -0.00004437           0.00011497          -0.00004404
    -0.00004412          -0.00004404           0.00011537
 #*EXTRAS*# Step:           4  Bead:     34  
     0.00011549          -0.00004441          -0.00004415
    -0.00004441           0.00011510          -0.00004407
    -0.00004415          -0.00004407           0.00011551
 #*EXTRAS*# Step:           5  Bead:     34  
     0.00011556          -0.00004442          -0.00004416
    -0.00004442           0.00011517          -0.00004408
    -0.00004416          -0.00004408           0.00011558
 #*EXTRAS*# Step:           6  Bead:     34  
     0.00011560          -0.00004443          -0.00004417
    -0.00004443           0.00011521          -0.00004409
    -0.00004417          -0.00004409           0.00011562
 #*EXTRAS*# Step:           7  Bead:     34  
     0.00011563          -0.00004444          -0.00004417
    -0.00004444           0.00011523          -0.00004409
    -0.00004417          -0.00004409           0.00011565
 #*EXTRAS*# Step:           8  Bead:     34  
     0.00011565          -0.00004445          -0.00004418
    -0.00004445           0.00011525          -0.00004409
    -0.00004418          -0.00004409           0.00011567
 #*EXTRAS*# Step:           9  Bead:     34  
     0.00011566          -0.00004445          -0.00004418
    -0.00004445           0.00011526          -0.00004409
    -0.00004418          -0.00004409           0.00011568
 #*EXTRAS*# Step:          10  Bead:     34  
     0.00011567          -0.00004445          -0.00004418
    -0.00004445           0.00011527          -0.00004410
    -0.00004418          -0.00004410           0.00011569
 #*EXTRAS*# Step:          11  Bead:     34  
     0.00011567          -0.00004445          -0.00004418
    -0.00004445           0.00011527          -0.00004410
    -0.00004418          -0.00004410           0.00011569
