 #*EXTRAS*# Step:           0  Bead:     38  
{"friction": [[0.0001100992324223387, -4.1627963427024275e-05, -4.170223714900381e-05], [-4.1627963427024275e-05, 0.00011012443903750724, -4.167507154046895e-05], [-4.170223714900381e-05, -4.167507154046895e-05, 0.00011017661577495691]]}
 #*EXTRAS*# Step:           1  Bead:     38  
{"friction": [[0.00011194363333834211, -4.2814715023164674e-05, -4.285932844207568e-05], [-4.2814715023164674e-05, 0.00011191051645482177, -4.2840704463731256e-05], [-4.285932844207568e-05, -4.2840704463731256e-05, 0.00011200651946843509]]}
 #*EXTRAS*# Step:           2  Bead:     38  
{"friction": [[0.0001133708327200139, -4.359581312965394e-05, -4.35218334272684e-05], [-4.359581312965394e-05, 0.00011319886428033085, -4.349100010359989e-05], [-4.35218334272684e-05, -4.349100010359989e-05, 0.00011341633502409409]]}
 #*EXTRAS*# Step:           3  Bead:     38  
{"friction": [[0.0001136971663963983, -4.3752367060687974e-05, -4.3645220546303374e-05], [-4.3752367060687974e-05, 0.00011348760759764768, -4.3608793884598034e-05], [-4.3645220546303374e-05, -4.3608793884598034e-05, 0.00011373897278784109]]}
 #*EXTRAS*# Step:           4  Bead:     38  
{"friction": [[0.0001139700773749525, -4.3875430249148906e-05, -4.374059441868975e-05], [-4.3875430249148906e-05, 0.00011372922260780362, -4.36988741893795e-05], [-4.374059441868975e-05, -4.36988741893795e-05, 0.00011400886835468954]]}
 #*EXTRAS*# Step:           5  Bead:     38  
{"friction": [[0.00011411907050544158, -4.3939394528734756e-05, -4.378969231863727e-05], [-4.3939394528734756e-05, 0.00011386142026698746, -4.3744870003721734e-05], [-4.378969231863727e-05, -4.3744870003721734e-05, 0.00011415624353503611]]}
 #*EXTRAS*# Step:           6  Bead:     38  
{"friction": [[0.00011421299255285906, -4.397849962328956e-05, -4.381957285514968e-05], [-4.397849962328956e-05, 0.0001139449172181694, -4.377272405136132e-05], [-4.381957285514968e-05, -4.377272405136132e-05, 0.00011424915574927427]]}
 #*EXTRAS*# Step:           7  Bead:     38  
{"friction": [[0.00011427184917235624, -4.400251485154205e-05, -4.383787797646911e-05], [-4.400251485154205e-05, 0.00011399731775600461, -4.3789732634374456e-05], [-4.383787797646911e-05, -4.3789732634374456e-05, 0.0001143073834878137]]}
 #*EXTRAS*# Step:           8  Bead:     38  
{"friction": [[0.00011430979420167188, -4.401779462863303e-05, -4.384950843679059e-05], [-4.401779462863303e-05, 0.00011403113518784377, -4.3800516679241445e-05], [-4.384950843679059e-05, -4.3800516679241445e-05, 0.00011434492467268716]]}
 #*EXTRAS*# Step:           9  Bead:     38  
{"friction": [[0.0001143344670829111, -4.4027643892669276e-05, -4.3856999129762237e-05], [-4.4027643892669276e-05, 0.00011405313963769317, -4.3807452671242466e-05], [-4.3856999129762237e-05, -4.3807452671242466e-05, 0.00011436933563224784]]}
 #*EXTRAS*# Step:          10  Bead:     38  
{"friction": [[0.00011435068123430704, -4.40340793579039e-05, -4.386189100233078e-05], [-4.40340793579039e-05, 0.00011406760705656692, -4.381197817741783e-05], [-4.386189100233078e-05, -4.381197817741783e-05, 0.00011438537794414508]]}
 #*EXTRAS*# Step:          11  Bead:     38  
{"friction": [[0.00011436139362077341, -4.4038314940364235e-05, -4.3865109603655424e-05], [-4.4038314940364235e-05, 0.00011407716846537999, -4.381495393552605e-05], [-4.3865109603655424e-05, -4.381495393552605e-05, 0.00011439597692378767]]}
