 #*EXTRAS*# Step:           0  Bead:     29  
     0.00011700          -0.00004463          -0.00004435
    -0.00004463           0.00011658          -0.00004423
    -0.00004435          -0.00004423           0.00011701
 #*EXTRAS*# Step:           1  Bead:     29  
     0.00011753          -0.00004463          -0.00004437
    -0.00004463           0.00011714          -0.00004424
    -0.00004437          -0.00004424           0.00011754
 #*EXTRAS*# Step:           2  Bead:     29  
     0.00011785          -0.00004461          -0.00004438
    -0.00004461           0.00011749          -0.00004424
    -0.00004438          -0.00004424           0.00011786
 #*EXTRAS*# Step:           3  Bead:     29  
     0.00011760          -0.00004462          -0.00004438
    -0.00004462           0.00011721          -0.00004424
    -0.00004438          -0.00004424           0.00011760
 #*EXTRAS*# Step:           4  Bead:     29  
     0.00011755          -0.00004463          -0.00004438
    -0.00004463           0.00011716          -0.00004424
    -0.00004438          -0.00004424           0.00011755
 #*EXTRAS*# Step:           5  Bead:     29  
     0.00011750          -0.00004463          -0.00004437
    -0.00004463           0.00011711          -0.00004424
    -0.00004437          -0.00004424           0.00011751
 #*EXTRAS*# Step:           6  Bead:     29  
     0.00011748          -0.00004463          -0.00004437
    -0.00004463           0.00011708          -0.00004424
    -0.00004437          -0.00004424           0.00011748
 #*EXTRAS*# Step:           7  Bead:     29  
     0.00011746          -0.00004463          -0.00004437
    -0.00004463           0.00011706          -0.00004424
    -0.00004437          -0.00004424           0.00011747
 #*EXTRAS*# Step:           8  Bead:     29  
     0.00011745          -0.00004463          -0.00004437
    -0.00004463           0.00011705          -0.00004424
    -0.00004437          -0.00004424           0.00011745
 #*EXTRAS*# Step:           9  Bead:     29  
     0.00011744          -0.00004463          -0.00004437
    -0.00004463           0.00011704          -0.00004424
    -0.00004437          -0.00004424           0.00011745
 #*EXTRAS*# Step:          10  Bead:     29  
     0.00011744          -0.00004463          -0.00004437
    -0.00004463           0.00011704          -0.00004424
    -0.00004437          -0.00004424           0.00011744
 #*EXTRAS*# Step:          11  Bead:     29  
     0.00011744          -0.00004463          -0.00004437
    -0.00004463           0.00011704          -0.00004424
    -0.00004437          -0.00004424           0.00011744
