 #*EXTRAS*# Step:           0  Bead:     33  
{"friction": [[0.00011368019507082692, -4.37444711227787e-05, -4.363905558610621e-05], [-4.37444711227787e-05, 0.00011347259446525294, -4.36029403928641e-05], [-4.363905558610621e-05, -4.36029403928641e-05, 0.00011372219122617184]]}
 #*EXTRAS*# Step:           1  Bead:     33  
{"friction": [[0.00011488557065104784, -4.4229252911492665e-05, -4.4009723651564715e-05], [-4.4229252911492665e-05, 0.00011454868533191005, -4.394698891570549e-05], [-4.4009723651564715e-05, -4.394698891570549e-05, 0.00011491472330333603]]}
 #*EXTRAS*# Step:           2  Bead:     33  
{"friction": [[0.00011576416381858035, -4.447173641787124e-05, -4.419683527688875e-05], [-4.447173641787124e-05, 0.0001153623837463286, -4.4110739881217473e-05], [-4.419683527688875e-05, -4.4110739881217473e-05, 0.00011578470989628958]]}
 #*EXTRAS*# Step:           3  Bead:     33  
{"friction": [[0.00011578484216243536, -4.447619208442007e-05, -4.420042552191256e-05], [-4.447619208442007e-05, 0.000115381990907153, -4.411375724972794e-05], [-4.420042552191256e-05, -4.411375724972794e-05, 0.00011580519278670521]]}
 #*EXTRAS*# Step:           4  Bead:     33  
{"friction": [[0.00011588863698785958, -4.449765178982637e-05, -4.421789168091407e-05], [-4.449765178982637e-05, 0.00011548077293943289, -4.412833703042674e-05], [-4.421789168091407e-05, -4.412833703042674e-05, 0.00011590801129524293]]}
 #*EXTRAS*# Step:           5  Bead:     33  
{"friction": [[0.00011593527522988086, -4.4506799468546096e-05, -4.4225439301514597e-05], [-4.4506799468546096e-05, 0.00011552536058491374, -4.413458229274719e-05], [-4.4225439301514597e-05, -4.413458229274719e-05, 0.00011595421341667227]]}
 #*EXTRAS*# Step:           6  Bead:     33  
{"friction": [[0.00011596638376652037, -4.451272942544407e-05, -4.423037046716735e-05], [-4.451272942544407e-05, 0.00011555517240377913, -4.4138643061589455e-05], [-4.423037046716735e-05, -4.4138643061589455e-05, 0.00011598503193279866]]}
 #*EXTRAS*# Step:           7  Bead:     33  
{"friction": [[0.00011598561623572341, -4.4516326575025816e-05, -4.4233377849592714e-05], [-4.4516326575025816e-05, 0.00011557363195886409, -4.414111168660611e-05], [-4.4233377849592714e-05, -4.414111168660611e-05, 0.00011600408545127837]]}
 #*EXTRAS*# Step:           8  Bead:     33  
{"friction": [[0.00011599811925141648, -4.451863674988514e-05, -4.423531606131457e-05], [-4.451863674988514e-05, 0.00011558564437634655, -4.414269939740096e-05], [-4.423531606131457e-05, -4.414269939740096e-05, 0.00011601647227469133]]}
 #*EXTRAS*# Step:           9  Bead:     33  
{"friction": [[0.00011600623030456794, -4.452012347000192e-05, -4.423656632293723e-05], [-4.452012347000192e-05, 0.000115593442190146, -4.414372217435727e-05], [-4.423656632293723e-05, -4.414372217435727e-05, 0.00011602450801105388]]}
 #*EXTRAS*# Step:          10  Bead:     33  
{"friction": [[0.00011601156724903985, -4.452109657223465e-05, -4.423738592475621e-05], [-4.452109657223465e-05, 0.00011559857519141815, -4.414439205049982e-05], [-4.423738592475621e-05, -4.414439205049982e-05, 0.00011602979542415938]]}
 #*EXTRAS*# Step:          11  Bead:     33  
{"friction": [[0.00011601509150879722, -4.452173692571863e-05, -4.423792582319335e-05], [-4.452173692571863e-05, 0.00011560196572003811, -4.414483305824063e-05], [-4.423792582319335e-05, -4.414483305824063e-05, 0.00011603328698705741]]}
