 #*EXTRAS*# Step:           0  Bead:     20  
{"friction": [[0.0001239405986518248, -4.2236453288719934e-05, -4.1819804194371584e-05], [-4.2236453288719934e-05, 0.0001240048715323352, -4.2336200609474876e-05], [-4.1819804194371584e-05, -4.2336200609474876e-05, 0.00012370560188273736]]}
 #*EXTRAS*# Step:           1  Bead:     20  
{"friction": [[0.00012295984495349003, -4.290535104625566e-05, -4.2662144065700354e-05], [-4.290535104625566e-05, 0.0001230289105766293, -4.298608316206368e-05], [-4.2662144065700354e-05, -4.298608316206368e-05, 0.00012278746720004207]]}
 #*EXTRAS*# Step:           2  Bead:     20  
{"friction": [[0.0001221230305038373, -4.335956525671425e-05, -4.325794614403937e-05], [-4.335956525671425e-05, 0.0001221777878931933, -4.3401115523885014e-05], [-4.325794614403937e-05, -4.3401115523885014e-05, 0.00012200380431317677]]}
 #*EXTRAS*# Step:           3  Bead:     20  
{"friction": [[0.00012140626289656152, -4.36791927969543e-05, -4.3655807820111423e-05], [-4.36791927969543e-05, 0.00012142380124915721, -4.366705874410578e-05], [-4.3655807820111423e-05, -4.366705874410578e-05, 0.00012132594110624523]]}
 #*EXTRAS*# Step:           4  Bead:     20  
{"friction": [[0.00012105563210146888, -4.38182513360711e-05, -4.381124127146911e-05], [-4.38182513360711e-05, 0.00012104476302488789, -4.377301521743328e-05], [-4.381124127146911e-05, -4.377301521743328e-05, 0.00012099085173621321]]}
 #*EXTRAS*# Step:           5  Bead:     20  
{"friction": [[0.00012082854503067202, -4.390337651941366e-05, -4.389891143736767e-05], [-4.390337651941366e-05, 0.00012079585094469738, -4.383461969740494e-05], [-4.389891143736767e-05, -4.383461969740494e-05, 0.00012077251292849089]]}
 #*EXTRAS*# Step:           6  Bead:     20  
{"friction": [[0.00012069028608537877, -4.3953287521160523e-05, -4.3947691463224126e-05], [-4.3953287521160523e-05, 0.00012064323796382602, -4.386960932220906e-05], [-4.3947691463224126e-05, -4.386960932220906e-05, 0.0001206391244137673]]}
 #*EXTRAS*# Step:           7  Bead:     20  
{"friction": [[0.00012060234710547045, -4.398426625409771e-05, -4.39770028188763e-05], [-4.398426625409771e-05, 0.00012054581234529774, -4.3890909826330555e-05], [-4.39770028188763e-05, -4.3890909826330555e-05, 0.00012055411688115091]]}
 #*EXTRAS*# Step:           8  Bead:     20  
{"friction": [[0.00012054586162770552, -4.400384681944954e-05, -4.3995149298204463e-05], [-4.400384681944954e-05, 0.00012048310218290587, -4.390420876579431e-05], [-4.3995149298204463e-05, -4.390420876579431e-05, 0.00012049944923572026]]}
 #*EXTRAS*# Step:           9  Bead:     20  
{"friction": [[0.00012050901068040135, -4.401648615800542e-05, -4.4006706639780997e-05], [-4.401648615800542e-05, 0.00012044213892242864, -4.391272566863104e-05], [-4.4006706639780997e-05, -4.391272566863104e-05, 0.00012046375759012989]]}
 #*EXTRAS*# Step:          10  Bead:     20  
{"friction": [[0.00012048479320915928, -4.402473410054979e-05, -4.4014182389584205e-05], [-4.402473410054979e-05, 0.00012041519794768444, -4.391825484457878e-05], [-4.4014182389584205e-05, -4.391825484457878e-05, 0.00012044029074267317]]}
 #*EXTRAS*# Step:          11  Bead:     20  
{"friction": [[0.00012046877729835047, -4.4030163292280214e-05, -4.401907477694183e-05], [-4.4030163292280214e-05, 0.0001203973720374864, -4.3921882067007375e-05], [-4.401907477694183e-05, -4.3921882067007375e-05, 0.00012042476641174526]]}
