 #*EXTRAS*# Step:           0  Bead:     41  
     0.00010826          -0.00004021          -0.00004023
    -0.00004021           0.00010826          -0.00004022
    -0.00004023          -0.00004022           0.00010830
 #*EXTRAS*# Step:           1  Bead:     41  
     0.00011041          -0.00004184          -0.00004192
    -0.00004184           0.00011043          -0.00004189
    -0.00004192          -0.00004189           0.00011048
 #*EXTRAS*# Step:           2  Bead:     41  
     0.00011209          -0.00004290          -0.00004294
    -0.00004290           0.00011205          -0.00004292
    -0.00004294          -0.00004292           0.00011215
 #*EXTRAS*# Step:           3  Bead:     41  
     0.00011258          -0.00004318          -0.00004318
    -0.00004318           0.00011249          -0.00004316
    -0.00004318          -0.00004316           0.00011263
 #*EXTRAS*# Step:           4  Bead:     41  
     0.00011294          -0.00004337          -0.00004334
    -0.00004337           0.00011281          -0.00004332
    -0.00004334          -0.00004332           0.00011299
 #*EXTRAS*# Step:           5  Bead:     41  
     0.00011314          -0.00004348          -0.00004343
    -0.00004348           0.00011299          -0.00004340
    -0.00004343          -0.00004340           0.00011319
 #*EXTRAS*# Step:           6  Bead:     41  
     0.00011326          -0.00004354          -0.00004348
    -0.00004354           0.00011311          -0.00004345
    -0.00004348          -0.00004345           0.00011331
 #*EXTRAS*# Step:           7  Bead:     41  
     0.00011334          -0.00004358          -0.00004351
    -0.00004358           0.00011318          -0.00004348
    -0.00004351          -0.00004348           0.00011339
 #*EXTRAS*# Step:           8  Bead:     41  
     0.00011340          -0.00004361          -0.00004353
    -0.00004361           0.00011322          -0.00004350
    -0.00004353          -0.00004350           0.00011344
 #*EXTRAS*# Step:           9  Bead:     41  
     0.00011343          -0.00004362          -0.00004354
    -0.00004362           0.00011325          -0.00004351
    -0.00004354          -0.00004351           0.00011347
 #*EXTRAS*# Step:          10  Bead:     41  
     0.00011345          -0.00004363          -0.00004355
    -0.00004363           0.00011327          -0.00004352
    -0.00004355          -0.00004352           0.00011350
 #*EXTRAS*# Step:          11  Bead:     41  
     0.00011347          -0.00004364          -0.00004356
    -0.00004364           0.00011328          -0.00004353
    -0.00004356          -0.00004353           0.00011351
