 #*EXTRAS*# Step:           0  Bead:     40  
     0.00010885          -0.00004069          -0.00004073
    -0.00004069           0.00010886          -0.00004071
    -0.00004073          -0.00004071           0.00010891
 #*EXTRAS*# Step:           1  Bead:     40  
     0.00011090          -0.00004217          -0.00004225
    -0.00004217           0.00011091          -0.00004222
    -0.00004225          -0.00004222           0.00011097
 #*EXTRAS*# Step:           2  Bead:     40  
     0.00011250          -0.00004314          -0.00004314
    -0.00004314           0.00011242          -0.00004312
    -0.00004314          -0.00004312           0.00011256
 #*EXTRAS*# Step:           3  Bead:     40  
     0.00011294          -0.00004337          -0.00004334
    -0.00004337           0.00011281          -0.00004332
    -0.00004334          -0.00004332           0.00011299
 #*EXTRAS*# Step:           4  Bead:     40  
     0.00011327          -0.00004355          -0.00004348
    -0.00004355           0.00011311          -0.00004345
    -0.00004348          -0.00004345           0.00011332
 #*EXTRAS*# Step:           5  Bead:     40  
     0.00011345          -0.00004364          -0.00004355
    -0.00004364           0.00011327          -0.00004352
    -0.00004355          -0.00004352           0.00011350
 #*EXTRAS*# Step:           6  Bead:     40  
     0.00011357          -0.00004369          -0.00004360
    -0.00004369           0.00011338          -0.00004356
    -0.00004360          -0.00004356           0.00011361
 #*EXTRAS*# Step:           7  Bead:     40  
     0.00011364          -0.00004373          -0.00004363
    -0.00004373           0.00011344          -0.00004359
    -0.00004363          -0.00004359           0.00011369
 #*EXTRAS*# Step:           8  Bead:     40  
     0.00011369          -0.00004375          -0.00004364
    -0.00004375           0.00011348          -0.00004361
    -0.00004364          -0.00004361           0.00011373
 #*EXTRAS*# Step:           9  Bead:     40  
     0.00011372          -0.00004376          -0.00004365
    -0.00004376           0.00011351          -0.00004362
    -0.00004365          -0.00004362           0.00011376
 #*EXTRAS*# Step:          10  Bead:     40  
     0.00011374          -0.00004377          -0.00004366
    -0.00004377           0.00011353          -0.00004362
    -0.00004366          -0.00004362           0.00011378
 #*EXTRAS*# Step:          11  Bead:     40  
     0.00011375          -0.00004378          -0.00004367
    -0.00004378           0.00011354          -0.00004363
    -0.00004367          -0.00004363           0.00011380
