 #*EXTRAS*# Step:           0  Bead:     28  
{"friction": [[0.00011787887860218989, -4.4603875439562205e-05, -4.437898686966099e-05], [-4.4603875439562205e-05, 0.00011751277754076018, -4.4235677964967273e-05], [-4.437898686966099e-05, -4.4235677964967273e-05, 0.00011788043866959533]]}
 #*EXTRAS*# Step:           1  Bead:     28  
{"friction": [[0.00011821716815919634, -4.456785647027198e-05, -4.437282688981072e-05], [-4.456785647027198e-05, 0.00011788179763208274, -4.4223498113881176e-05], [-4.437282688981072e-05, -4.4223498113881176e-05, 0.00011821527202003079]]}
 #*EXTRAS*# Step:           2  Bead:     28  
{"friction": [[0.00011838569138740155, -4.454497183562904e-05, -4.436577928393003e-05], [-4.454497183562904e-05, 0.00011806729185287206, -4.4214286372228455e-05], [-4.436577928393003e-05, -4.4214286372228455e-05, 0.00011838191209280875]]}
 #*EXTRAS*# Step:           3  Bead:     28  
{"friction": [[0.00011806148666091202, -4.458611480001459e-05, -4.437696412294825e-05], [-4.458611480001459e-05, 0.00011771137868652827, -4.423015156027718e-05], [-4.437696412294825e-05, -4.423015156027718e-05, 0.00011806122929420302]]}
 #*EXTRAS*# Step:           4  Bead:     28  
{"friction": [[0.00011797044514981993, -4.459547167406276e-05, -4.4378349868520603e-05], [-4.459547167406276e-05, 0.00011761217959256026, -4.4233214813589336e-05], [-4.4378349868520603e-05, -4.4233214813589336e-05, 0.00011797110680819052]]}
 #*EXTRAS*# Step:           5  Bead:     28  
{"friction": [[0.00011790015293083769, -4.460201406123035e-05, -4.4378906029532975e-05], [-4.460201406123035e-05, 0.00011753583820886205, -4.4235161024597545e-05], [-4.4378906029532975e-05, -4.4235161024597545e-05, 0.0001179015064396536]]}
 #*EXTRAS*# Step:           6  Bead:     28  
{"friction": [[0.00011785974412410197, -4.4605502089579566e-05, -4.437902503330294e-05], [-4.4605502089579566e-05, 0.00011749205445605932, -4.4236114258129916e-05], [-4.437902503330294e-05, -4.4236114258129916e-05, 0.0001178614888993328]]}
 #*EXTRAS*# Step:           7  Bead:     28  
{"friction": [[0.00011783396351394781, -4.46076222452649e-05, -4.437902487515595e-05], [-4.46076222452649e-05, 0.00011746416086048637, -4.423665914825199e-05], [-4.437902487515595e-05, -4.423665914825199e-05, 0.00011783595558926046]]}
 #*EXTRAS*# Step:           8  Bead:     28  
{"friction": [[0.00011781760479149767, -4.4608924804798216e-05, -4.437899415521877e-05], [-4.4608924804798216e-05, 0.00011744647788888599, -4.423697931407515e-05], [-4.437899415521877e-05, -4.423697931407515e-05, 0.00011781975288148242]]}
 #*EXTRAS*# Step:           9  Bead:     28  
{"friction": [[0.00011780694729995558, -4.4609755476478894e-05, -4.437896138291455e-05], [-4.4609755476478894e-05, 0.0001174349646375853, -4.4237177203120094e-05], [-4.437896138291455e-05, -4.4237177203120094e-05, 0.0001178091966619199]]}
 #*EXTRAS*# Step:          10  Bead:     28  
{"friction": [[0.00011779996606323877, -4.461029192429088e-05, -4.4378934466950035e-05], [-4.461029192429088e-05, 0.00011742742583315106, -4.423730225504211e-05], [-4.4378934466950035e-05, -4.423730225504211e-05, 0.00011780228160828536]]}
 #*EXTRAS*# Step:          11  Bead:     28  
{"friction": [[0.00011779535373799366, -4.4610642997903614e-05, -4.43789143206899e-05], [-4.4610642997903614e-05, 0.00011742244644622176, -4.4237382885828976e-05], [-4.43789143206899e-05, -4.4237382885828976e-05, 0.00011779771294165908]]}
