 #*EXTRAS*# Step:           0  Bead:     13  
{"friction": [[0.00012845706441002837, -3.745063354531244e-05, -3.70741901275435e-05], [-3.745063354531244e-05, 0.00012859965202404274, -3.75034377235823e-05], [-3.70741901275435e-05, -3.75034377235823e-05, 0.00012810552361980438]]}
 #*EXTRAS*# Step:           1  Bead:     13  
{"friction": [[0.0001262271027058798, -4.013230315464137e-05, -3.95837870886085e-05], [-4.013230315464137e-05, 0.00012630402487175663, -4.022122562515816e-05], [-3.95837870886085e-05, -4.022122562515816e-05, 0.00012589575207885725]]}
 #*EXTRAS*# Step:           2  Bead:     13  
{"friction": [[0.00012449576835121953, -4.179059448015686e-05, -4.129840952753301e-05], [-4.179059448015686e-05, 0.00012455611338617396, -4.189218684234193e-05], [-4.129840952753301e-05, -4.189218684234193e-05, 0.0001242295000003705]]}
 #*EXTRAS*# Step:           3  Bead:     13  
{"friction": [[0.00012345671247295615, -4.2585725412707144e-05, -4.225117511565929e-05], [-4.2585725412707144e-05, 0.0001235247722350038, -4.267913954722775e-05], [-4.225117511565929e-05, -4.267913954722775e-05, 0.00012325191069685452]]}
 #*EXTRAS*# Step:           4  Bead:     13  
{"friction": [[0.00012294741939698566, -4.291284516411205e-05, -4.267192834907532e-05], [-4.291284516411205e-05, 0.00012301644325730991, -4.299316727370822e-05], [-4.267192834907532e-05, -4.299316727370822e-05, 0.0001227758567867178]]}
 #*EXTRAS*# Step:           5  Bead:     13  
{"friction": [[0.0001226365602128012, -4.3092689398073716e-05, -4.290796607493997e-05], [-4.3092689398073716e-05, 0.00012270308940558696, -4.3161136465297886e-05], [-4.290796607493997e-05, -4.3161136465297886e-05, 0.00012248526026731912]]}
 #*EXTRAS*# Step:           6  Bead:     13  
{"friction": [[0.00012244874560659737, -4.319446946550274e-05, -4.30419748669891e-05], [-4.319446946550274e-05, 0.00012251220168642827, -4.325416581287509e-05], [-4.30419748669891e-05, -4.325416581287509e-05, 0.00012230945027908902]]}
 #*EXTRAS*# Step:           7  Bead:     13  
{"friction": [[0.0001223300494252409, -4.325625659939129e-05, -4.3123141107067376e-05], [-4.325625659939129e-05, 0.000122390859580582, -4.330978327428848e-05], [-4.3123141107067376e-05, -4.330978327428848e-05, 0.00012219819495481467]]}
 #*EXTRAS*# Step:           8  Bead:     13  
{"friction": [[0.000122253894565434, -4.3294903904359764e-05, -4.317374069674106e-05], [-4.3294903904359764e-05, 0.0001223126977418057, -4.334420602269342e-05], [-4.317374069674106e-05, -4.334420602269342e-05, 0.00012212674152514564]]}
 #*EXTRAS*# Step:           9  Bead:     13  
{"friction": [[0.00012220426625646682, -4.331968225091323e-05, -4.320608538798865e-05], [-4.331968225091323e-05, 0.00012226162574633954, -4.336611819304311e-05], [-4.320608538798865e-05, -4.336611819304311e-05, 0.00012208014308652608]]}
 #*EXTRAS*# Step:          10  Bead:     13  
{"friction": [[0.00012217165975116304, -4.333579036922635e-05, -4.322706357268622e-05], [-4.333579036922635e-05, 0.00012222801089173543, -4.3380294316146807e-05], [-4.322706357268622e-05, -4.3380294316146807e-05, 0.00012204951174641371]]}
 #*EXTRAS*# Step:          11  Bead:     13  
{"friction": [[0.00012215010066933093, -4.334636711442955e-05, -4.324081477763576e-05], [-4.334636711442955e-05, 0.0001222057586301239, -4.338957228880028e-05], [-4.324081477763576e-05, -4.338957228880028e-05, 0.00012202925161266956]]}
