 #*EXTRAS*# Step:           0  Bead:     23  
     0.00012195          -0.00004344          -0.00004336
    -0.00004344           0.00012200          -0.00004347
    -0.00004336          -0.00004347           0.00012184
 #*EXTRAS*# Step:           1  Bead:     23  
     0.00012140          -0.00004368          -0.00004366
    -0.00004368           0.00012142          -0.00004367
    -0.00004366          -0.00004367           0.00012132
 #*EXTRAS*# Step:           2  Bead:     23  
     0.00012088          -0.00004389          -0.00004388
    -0.00004389           0.00012085          -0.00004382
    -0.00004388          -0.00004382           0.00012082
 #*EXTRAS*# Step:           3  Bead:     23  
     0.00012027          -0.00004410          -0.00004408
    -0.00004410           0.00012017          -0.00004397
    -0.00004408          -0.00004397           0.00012023
 #*EXTRAS*# Step:           4  Bead:     23  
     0.00011999          -0.00004418          -0.00004415
    -0.00004418           0.00011987          -0.00004402
    -0.00004415          -0.00004402           0.00011996
 #*EXTRAS*# Step:           5  Bead:     23  
     0.00011981          -0.00004423          -0.00004419
    -0.00004423           0.00011966          -0.00004405
    -0.00004419          -0.00004405           0.00011979
 #*EXTRAS*# Step:           6  Bead:     23  
     0.00011971          -0.00004426          -0.00004421
    -0.00004426           0.00011954          -0.00004407
    -0.00004421          -0.00004407           0.00011968
 #*EXTRAS*# Step:           7  Bead:     23  
     0.00011964          -0.00004428          -0.00004422
    -0.00004428           0.00011947          -0.00004408
    -0.00004422          -0.00004408           0.00011962
 #*EXTRAS*# Step:           8  Bead:     23  
     0.00011959          -0.00004429          -0.00004423
    -0.00004429           0.00011942          -0.00004409
    -0.00004423          -0.00004409           0.00011957
 #*EXTRAS*# Step:           9  Bead:     23  
     0.00011957          -0.00004430          -0.00004423
    -0.00004430           0.00011939          -0.00004409
    -0.00004423          -0.00004409           0.00011954
 #*EXTRAS*# Step:          10  Bead:     23  
     0.00011955          -0.00004431          -0.00004424
    -0.00004431           0.00011936          -0.00004409
    -0.00004424          -0.00004409           0.00011953
 #*EXTRAS*# Step:          11  Bead:     23  
     0.00011953          -0.00004431          -0.00004424
    -0.00004431           0.00011935          -0.00004410
    -0.00004424          -0.00004410           0.00011951
