 #*EXTRAS*# Step:           0  Bead:     32  
     0.00011447          -0.00004408          -0.00004390
    -0.00004408           0.00011418          -0.00004385
    -0.00004390          -0.00004385           0.00011451
 #*EXTRAS*# Step:           1  Bead:     32  
     0.00011553          -0.00004442          -0.00004415
    -0.00004442           0.00011514          -0.00004407
    -0.00004415          -0.00004407           0.00011555
 #*EXTRAS*# Step:           2  Bead:     32  
     0.00011628          -0.00004456          -0.00004427
    -0.00004456           0.00011585          -0.00004417
    -0.00004427          -0.00004417           0.00011629
 #*EXTRAS*# Step:           3  Bead:     32  
     0.00011623          -0.00004456          -0.00004427
    -0.00004456           0.00011581          -0.00004417
    -0.00004427          -0.00004417           0.00011625
 #*EXTRAS*# Step:           4  Bead:     32  
     0.00011630          -0.00004457          -0.00004428
    -0.00004457           0.00011587          -0.00004418
    -0.00004428          -0.00004418           0.00011631
 #*EXTRAS*# Step:           5  Bead:     32  
     0.00011632          -0.00004457          -0.00004428
    -0.00004457           0.00011590          -0.00004418
    -0.00004428          -0.00004418           0.00011634
 #*EXTRAS*# Step:           6  Bead:     32  
     0.00011634          -0.00004457          -0.00004428
    -0.00004457           0.00011592          -0.00004418
    -0.00004428          -0.00004418           0.00011635
 #*EXTRAS*# Step:           7  Bead:     32  
     0.00011635          -0.00004457          -0.00004428
    -0.00004457           0.00011593          -0.00004418
    -0.00004428          -0.00004418           0.00011636
 #*EXTRAS*# Step:           8  Bead:     32  
     0.00011635          -0.00004458          -0.00004429
    -0.00004458           0.00011593          -0.00004418
    -0.00004429          -0.00004418           0.00011637
 #*EXTRAS*# Step:           9  Bead:     32  
     0.00011636          -0.00004458          -0.00004429
    -0.00004458           0.00011594          -0.00004418
    -0.00004429          -0.00004418           0.00011637
 #*EXTRAS*# Step:          10  Bead:     32  
     0.00011636          -0.00004458          -0.00004429
    -0.00004458           0.00011594          -0.00004418
    -0.00004429          -0.00004418           0.00011638
 #*EXTRAS*# Step:          11  Bead:     32  
     0.00011636          -0.00004458          -0.00004429
    -0.00004458           0.00011594          -0.00004418
    -0.00004429          -0.00004418           0.00011638
