 #*EXTRAS*# Step:           0  Bead:     37  
{"friction": [[0.00011076333879039023, -4.207916178846279e-05, -4.2157344930675944e-05], [-4.207916178846279e-05, 0.00011078149553564103, -4.213391549981982e-05], [-4.2157344930675944e-05, -4.213391549981982e-05, 0.0001108388141904826]]}
 #*EXTRAS*# Step:           1  Bead:     37  
{"friction": [[0.00011249510520123627, -4.3132228951610966e-05, -4.313938726228368e-05], [-4.3132228951610966e-05, 0.00011241659005309463, -4.3118741832230955e-05], [-4.313938726228368e-05, -4.3118741832230955e-05, 0.00011255103545476299]]}
 #*EXTRAS*# Step:           2  Bead:     37  
{"friction": [[0.00011382516907134414, -4.381101493885735e-05, -4.3690833891754304e-05], [-4.381101493885735e-05, 0.00011360087282623942, -4.365198980160124e-05], [-4.3690833891754304e-05, -4.365198980160124e-05, 0.00011386555272349105]]}
 #*EXTRAS*# Step:           3  Bead:     37  
{"friction": [[0.0001140943587468416, -4.3928947846054306e-05, -4.378169328230424e-05], [-4.3928947846054306e-05, 0.00011383947405285343, -4.373739521468227e-05], [-4.378169328230424e-05, -4.373739521468227e-05, 0.00011413179876360064]]}
 #*EXTRAS*# Step:           4  Bead:     37  
{"friction": [[0.00011433577777791734, -4.402816520886982e-05, -4.3857395477162896e-05], [-4.402816520886982e-05, 0.0001140543089283237, -4.380781945673494e-05], [-4.3857395477162896e-05, -4.380781945673494e-05, 0.00011437063242792666]]}
 #*EXTRAS*# Step:           5  Bead:     37  
{"friction": [[0.00011446568418166232, -4.407887067105941e-05, -4.389588968030583e-05], [-4.407887067105941e-05, 0.00011417038788107097, -4.384333764470163e-05], [-4.389588968030583e-05, -4.384333764470163e-05, 0.00011449916855702952]]}
 #*EXTRAS*# Step:           6  Bead:     37  
{"friction": [[0.00011454787965400728, -4.410995427484038e-05, -4.391944204716221e-05], [-4.410995427484038e-05, 0.00011424404287673417, -4.386496167893767e-05], [-4.391944204716221e-05, -4.386496167893767e-05, 0.00011458050445314908]]}
 #*EXTRAS*# Step:           7  Bead:     37  
{"friction": [[0.00011459933349353848, -4.412901170508542e-05, -4.393386988874646e-05], [-4.412901170508542e-05, 0.00011429024076784554, -4.387816537862105e-05], [-4.393386988874646e-05, -4.387816537862105e-05, 0.00011463142310961346]]}
 #*EXTRAS*# Step:           8  Bead:     37  
{"friction": [[0.00011463252271719959, -4.41411389362879e-05, -4.3943047614399236e-05], [-4.41411389362879e-05, 0.00011432007871555885, -4.388654676499809e-05], [-4.3943047614399236e-05, -4.388654676499809e-05, 0.00011466426830492323]]}
 #*EXTRAS*# Step:           9  Bead:     37  
{"friction": [[0.00011465409849182818, -4.4148952654288014e-05, -4.394895988654351e-05], [-4.4148952654288014e-05, 0.00011433949281595958, -4.389193857680145e-05], [-4.394895988654351e-05, -4.389193857680145e-05, 0.00011468562092692053]]}
 #*EXTRAS*# Step:          10  Bead:     37  
{"friction": [[0.00011466827800980202, -4.415405764359672e-05, -4.395282225816139e-05], [-4.415405764359672e-05, 0.00011435225910803007, -4.389545773017858e-05], [-4.395282225816139e-05, -4.389545773017858e-05, 0.00011469965400153468]]}
 #*EXTRAS*# Step:          11  Bead:     37  
{"friction": [[0.00011467764556483789, -4.415741704800082e-05, -4.395536382985509e-05], [-4.415741704800082e-05, 0.00011436069630016796, -4.389777205219173e-05], [-4.395536382985509e-05, -4.389777205219173e-05, 0.00011470892490221093]]}
