 #*EXTRAS*# Step:           0  Bead:      9  
     0.00013031          -0.00003464          -0.00003447
    -0.00003464           0.00013051          -0.00003465
    -0.00003447          -0.00003465           0.00012999
 #*EXTRAS*# Step:           1  Bead:      9  
     0.00012777          -0.00003835          -0.00003790
    -0.00003835           0.00012789          -0.00003841
    -0.00003790          -0.00003841           0.00012742
 #*EXTRAS*# Step:           2  Bead:      9  
     0.00012560          -0.00004078          -0.00004022
    -0.00004078           0.00012566          -0.00004088
    -0.00004022          -0.00004088           0.00012528
 #*EXTRAS*# Step:           3  Bead:      9  
     0.00012433          -0.00004193          -0.00004146
    -0.00004193           0.00012439          -0.00004203
    -0.00004146          -0.00004203           0.00012407
 #*EXTRAS*# Step:           4  Bead:      9  
     0.00012372          -0.00004240          -0.00004202
    -0.00004240           0.00012378          -0.00004250
    -0.00004202          -0.00004250           0.00012350
 #*EXTRAS*# Step:           5  Bead:      9  
     0.00012336          -0.00004265          -0.00004234
    -0.00004265           0.00012343          -0.00004274
    -0.00004234          -0.00004274           0.00012316
 #*EXTRAS*# Step:           6  Bead:      9  
     0.00012314          -0.00004279          -0.00004252
    -0.00004279           0.00012321          -0.00004288
    -0.00004252          -0.00004288           0.00012296
 #*EXTRAS*# Step:           7  Bead:      9  
     0.00012301          -0.00004288          -0.00004262
    -0.00004288           0.00012308          -0.00004296
    -0.00004262          -0.00004296           0.00012283
 #*EXTRAS*# Step:           8  Bead:      9  
     0.00012292          -0.00004293          -0.00004269
    -0.00004293           0.00012299          -0.00004301
    -0.00004269          -0.00004301           0.00012275
 #*EXTRAS*# Step:           9  Bead:      9  
     0.00012287          -0.00004296          -0.00004274
    -0.00004296           0.00012293          -0.00004304
    -0.00004274          -0.00004304           0.00012270
 #*EXTRAS*# Step:          10  Bead:      9  
     0.00012283          -0.00004298          -0.00004276
    -0.00004298           0.00012290          -0.00004306
    -0.00004276          -0.00004306           0.00012267
 #*EXTRAS*# Step:          11  Bead:      9  
     0.00012280          -0.00004300          -0.00004278
    -0.00004300           0.00012287          -0.00004307
    -0.00004278          -0.00004307           0.00012264
