 #*EXTRAS*# Step:           0  Bead:      7  
     0.00013094          -0.00003348          -0.00003337
    -0.00003348           0.00013117          -0.00003348
    -0.00003337          -0.00003348           0.00013066
 #*EXTRAS*# Step:           1  Bead:      7  
     0.00012836          -0.00003759          -0.00003720
    -0.00003759           0.00012849          -0.00003764
    -0.00003720          -0.00003764           0.00012800
 #*EXTRAS*# Step:           2  Bead:      7  
     0.00012604          -0.00004033          -0.00003978
    -0.00004033           0.00012611          -0.00004042
    -0.00003978          -0.00004042           0.00012571
 #*EXTRAS*# Step:           3  Bead:      7  
     0.00012467          -0.00004164          -0.00004113
    -0.00004164           0.00012473          -0.00004174
    -0.00004113          -0.00004174           0.00012440
 #*EXTRAS*# Step:           4  Bead:      7  
     0.00012402          -0.00004218          -0.00004175
    -0.00004218           0.00012408          -0.00004228
    -0.00004175          -0.00004228           0.00012378
 #*EXTRAS*# Step:           5  Bead:      7  
     0.00012363          -0.00004246          -0.00004210
    -0.00004246           0.00012370          -0.00004256
    -0.00004210          -0.00004256           0.00012342
 #*EXTRAS*# Step:           6  Bead:      7  
     0.00012341          -0.00004262          -0.00004229
    -0.00004262           0.00012348          -0.00004271
    -0.00004229          -0.00004271           0.00012321
 #*EXTRAS*# Step:           7  Bead:      7  
     0.00012327          -0.00004271          -0.00004241
    -0.00004271           0.00012333          -0.00004280
    -0.00004241          -0.00004280           0.00012307
 #*EXTRAS*# Step:           8  Bead:      7  
     0.00012317          -0.00004277          -0.00004249
    -0.00004277           0.00012324          -0.00004286
    -0.00004249          -0.00004286           0.00012299
 #*EXTRAS*# Step:           9  Bead:      7  
     0.00012312          -0.00004281          -0.00004254
    -0.00004281           0.00012319          -0.00004289
    -0.00004254          -0.00004289           0.00012293
 #*EXTRAS*# Step:          10  Bead:      7  
     0.00012308          -0.00004283          -0.00004257
    -0.00004283           0.00012315          -0.00004292
    -0.00004257          -0.00004292           0.00012290
 #*EXTRAS*# Step:          11  Bead:      7  
     0.00012305          -0.00004285          -0.00004259
    -0.00004285           0.00012312          -0.00004293
    -0.00004259          -0.00004293           0.00012287
