 #*EXTRAS*# Step:           0  Bead:     24  
{"friction": [[0.0001212275207465149, -4.375126119893523e-05, -4.373820812440936e-05], [-4.375126119893523e-05, 0.00012123144588354693, -4.372279618309253e-05], [-4.373820812440936e-05, -4.372279618309253e-05, 0.00012115544091225404]]}
 #*EXTRAS*# Step:           1  Bead:     24  
{"friction": [[0.00012082396073671184, -4.390505487040522e-05, -4.390058306325644e-05], [-4.390505487040522e-05, 0.00012079080262449425, -4.38358097942225e-05], [-4.390058306325644e-05, -4.38358097942225e-05, 0.00012076809544127083]]}
 #*EXTRAS*# Step:           2  Bead:     24  
{"friction": [[0.00012041306569266984, -4.404889021387063e-05, -4.4035776290729826e-05], [-4.404889021387063e-05, 0.00012033531177908212, -4.393431814702446e-05], [-4.4035776290729826e-05, -4.393431814702446e-05, 0.00012037073525325993]]}
 #*EXTRAS*# Step:           3  Bead:     24  
{"friction": [[0.00011984926901622147, -4.4224163095564996e-05, -4.4178830372939526e-05], [-4.4224163095564996e-05, 0.00011970393702232657, -4.404494611606638e-05], [-4.4178830372939526e-05, -4.404494611606638e-05, 0.00011982161268363976]]}
 #*EXTRAS*# Step:           4  Bead:     24  
{"friction": [[0.00011960859361100139, -4.4290777697296655e-05, -4.422664185917218e-05], [-4.4290777697296655e-05, 0.00011943344985139849, -4.4084123676925905e-05], [-4.422664185917218e-05, -4.4084123676925905e-05, 0.00011958607728930887]]}
 #*EXTRAS*# Step:           5  Bead:     24  
{"friction": [[0.00011944886155197352, -4.433214979378633e-05, -4.425435844759494e-05], [-4.433214979378633e-05, 0.0001192539184728417, -4.410758374623853e-05], [-4.425435844759494e-05, -4.410758374623853e-05, 0.0001194294411714044]]}
 #*EXTRAS*# Step:           6  Bead:     24  
{"friction": [[0.00011935331231028884, -4.435578741860952e-05, -4.4269468267305295e-05], [-4.435578741860952e-05, 0.00011914657668446676, -4.412066589494962e-05], [-4.4269468267305295e-05, -4.412066589494962e-05, 0.00011933563347937368]]}
 #*EXTRAS*# Step:           7  Bead:     24  
{"friction": [[0.0001192927215479473, -4.437033878343526e-05, -4.4278493864083565e-05], [-4.437033878343526e-05, 0.00011907854132262548, -4.412859656757082e-05], [-4.4278493864083565e-05, -4.412859656757082e-05, 0.00011927610659844549]]}
 #*EXTRAS*# Step:           8  Bead:     24  
{"friction": [[0.00011925398575914356, -4.437946148667519e-05, -4.4284041189802117e-05], [-4.437946148667519e-05, 0.00011903506315200893, -4.4133519046184375e-05], [-4.4284041189802117e-05, -4.4133519046184375e-05, 0.00011923803505204551]]}
 #*EXTRAS*# Step:           9  Bead:     24  
{"friction": [[0.00011922875782295523, -4.438532692695456e-05, -4.4287561515943576e-05], [-4.438532692695456e-05, 0.00011900675459934558, -4.4136663279016176e-05], [-4.4287561515943576e-05, -4.4136663279016176e-05, 0.00011921323320660534]]}
 #*EXTRAS*# Step:          10  Bead:     24  
{"friction": [[0.00011921220474778592, -4.438914275623046e-05, -4.4289831917718994e-05], [-4.438914275623046e-05, 0.0001189881838886159, -4.413869995666427e-05], [-4.4289831917718994e-05, -4.413869995666427e-05, 0.00011919695695409515]]}
 #*EXTRAS*# Step:          11  Bead:     24  
{"friction": [[0.00011920126638018202, -4.4391650007737524e-05, -4.429131513619347e-05], [-4.4391650007737524e-05, 0.00011897591392723124, -4.4140034350521716e-05], [-4.429131513619347e-05, -4.4140034350521716e-05, 0.0001191862003271652]]}
