 #*EXTRAS*# Step:           0  Bead:     17  
{"friction": [[0.00012594185509922254, -4.0430818480279955e-05, -3.987531491748839e-05], [-4.0430818480279955e-05, 0.0001260130421325445, -4.052299864131734e-05], [-3.987531491748839e-05, -4.052299864131734e-05, 0.00012561795751016416]]}
 #*EXTRAS*# Step:           1  Bead:     17  
{"friction": [[0.00012438959864401357, -4.1879451907979675e-05, -4.139975238174502e-05], [-4.1879451907979675e-05, 0.00012445049212081701, -4.198104486218396e-05], [-4.139975238174502e-05, -4.198104486218396e-05, 0.00012412896409157506]]}
 #*EXTRAS*# Step:           2  Bead:     17  
{"friction": [[0.00012320865033165957, -4.275020565511822e-05, -4.246097130418611e-05], [-4.275020565511822e-05, 0.00012327778826046055, -4.283816354740649e-05], [-4.246097130418611e-05, -4.283816354740649e-05, 0.0001230199563312979]]}
 #*EXTRAS*# Step:           3  Bead:     17  
{"friction": [[0.00012237379645341692, -4.323370686238187e-05, -4.309354999720255e-05], [-4.323370686238187e-05, 0.00012243564866549968, -4.328956592367749e-05], [-4.309354999720255e-05, -4.328956592367749e-05, 0.0001222392147070845]]}
 #*EXTRAS*# Step:           4  Bead:     17  
{"friction": [[0.00012195867403475409, -4.343778595839776e-05, -4.335870641051787e-05], [-4.343778595839776e-05, 0.00012200722059935485, -4.346870873672655e-05], [-4.335870641051787e-05, -4.346870873672655e-05, 0.0001218490930804006]]}
 #*EXTRAS*# Step:           5  Bead:     17  
{"friction": [[0.00012169608073478002, -4.355638331953843e-05, -4.3507959906463095e-05], [-4.355638331953843e-05, 0.00012173191101000938, -4.3568247953976755e-05], [-4.3507959906463095e-05, -4.3568247953976755e-05, 0.00012160107100297852]]}
 #*EXTRAS*# Step:           6  Bead:     17  
{"friction": [[0.00012153584635522432, -4.3625250982375524e-05, -4.3591889807296926e-05], [-4.3625250982375524e-05, 0.0001215621324472966, -4.3624229616322105e-05], [-4.3591889807296926e-05, -4.3624229616322105e-05, 0.00012144915147878073]]}
 #*EXTRAS*# Step:           7  Bead:     17  
{"friction": [[0.00012143386577427496, -4.366782714310562e-05, -4.3642488199643905e-05], [-4.366782714310562e-05, 0.00012145334579958563, -4.365811176322798e-05], [-4.3642488199643905e-05, -4.365811176322798e-05, 0.0001213522137684051]]}
 #*EXTRAS*# Step:           8  Bead:     17  
{"friction": [[0.00012136822017854234, -4.369475036426348e-05, -4.367390355635056e-05], [-4.369475036426348e-05, 0.0001213830124681712, -4.367923735615852e-05], [-4.367390355635056e-05, -4.367923735615852e-05, 0.00012128970694034944]]}
 #*EXTRAS*# Step:           9  Bead:     17  
{"friction": [[0.00012132534139071193, -4.3712140725117625e-05, -4.369393706176951e-05], [-4.3712140725117625e-05, 0.00012133694079897278, -4.369275621844458e-05], [-4.369393706176951e-05, -4.369275621844458e-05, 0.0001212488317468092]]}
 #*EXTRAS*# Step:          10  Bead:     17  
{"friction": [[0.00012129713224782773, -4.3723499736472284e-05, -4.370690770312432e-05], [-4.3723499736472284e-05, 0.00012130657439601862, -4.370153196718018e-05], [-4.370690770312432e-05, -4.370153196718018e-05, 0.00012122192033112598]]}
 #*EXTRAS*# Step:          11  Bead:     17  
{"friction": [[0.0001212784638381476, -4.373098198701315e-05, -4.3715400480677494e-05], [-4.373098198701315e-05, 0.0001212864535082251, -4.370728887107541e-05], [-4.3715400480677494e-05, -4.370728887107541e-05, 0.00012120410174994968]]}
