 #*EXTRAS*# Step:           0  Bead:     62  
{"friction": [[0.00010232890466352831, -3.318888996525138e-05, -3.3171590289423344e-05], [-3.318888996525138e-05, 0.00010226643313891227, -3.33668903313071e-05], [-3.3171590289423344e-05, -3.33668903313071e-05, 0.00010190637620575303]]}
 #*EXTRAS*# Step:           1  Bead:     62  
{"friction": [[0.00010493119610870736, -3.690960222648608e-05, -3.68419526225159e-05], [-3.690960222648608e-05, 0.00010493117133566126, -3.702908608317043e-05], [-3.68419526225159e-05, -3.702908608317043e-05, 0.00010467897768247295]]}
 #*EXTRAS*# Step:           2  Bead:     62  
{"friction": [[0.0001073800096357312, -3.9444937165909055e-05, -3.942858780610902e-05], [-3.9444937165909055e-05, 0.00010737610893022676, -3.945235623979784e-05], [-3.942858780610902e-05, -3.945235623979784e-05, 0.00010736533720958268]]}
 #*EXTRAS*# Step:           3  Bead:     62  
{"friction": [[0.00010842151291922681, -4.034974781250241e-05, -4.037192049143732e-05], [-4.034974781250241e-05, 0.0001084285533218993, -4.035612431593316e-05], [-4.037192049143732e-05, -4.035612431593316e-05, 0.00010846710117630905]]}
 #*EXTRAS*# Step:           4  Bead:     62  
{"friction": [[0.00010909520995018607, -4.088828150263538e-05, -4.093586285564525e-05], [-4.088828150263538e-05, 0.00010911269726537385, -4.090982519163474e-05], [-4.093586285564525e-05, -4.090982519163474e-05, 0.00010916157868434374]]}
 #*EXTRAS*# Step:           5  Bead:     62  
{"friction": [[0.00010948558239711153, -4.118450794598396e-05, -4.124470875251072e-05], [-4.118450794598396e-05, 0.00010950789874685311, -4.121670537621751e-05], [-4.124470875251072e-05, -4.121670537621751e-05, 0.00010955868005340166]]}
 #*EXTRAS*# Step:           6  Bead:     62  
{"friction": [[0.00010972704698816182, -4.1362168349263066e-05, -4.142888776319552e-05], [-4.1362168349263066e-05, 0.00010975133964274408, -4.140074673987314e-05], [-4.142888776319552e-05, -4.140074673987314e-05, 0.00010980266252099715]]}
 #*EXTRAS*# Step:           7  Bead:     62  
{"friction": [[0.00010987882237959801, -4.1471719397705736e-05, -4.154191633496635e-05], [-4.1471719397705736e-05, 0.00010990383478619501, -4.1514023266728234e-05], [-4.154191633496635e-05, -4.1514023266728234e-05, 0.00010995544853837047]]}
 #*EXTRAS*# Step:           8  Bead:     62  
{"friction": [[0.00010997642477719597, -4.154131976356126e-05, -4.161347129972085e-05], [-4.154131976356126e-05, 0.00011000165530307113, -4.1585852117568044e-05], [-4.161347129972085e-05, -4.1585852117568044e-05, 0.00011005348557759603]]}
 #*EXTRAS*# Step:           9  Bead:     62  
{"friction": [[0.00011003994741609463, -4.158626513429387e-05, -4.165956271321123e-05], [-4.158626513429387e-05, 0.00011006520864600165, -4.163216407930532e-05], [-4.165956271321123e-05, -4.163216407930532e-05, 0.00011011720536618256]]}
 #*EXTRAS*# Step:          10  Bead:     62  
{"friction": [[0.00011008168731381539, -4.161564793801208e-05, -4.1689642354305476e-05], [-4.161564793801208e-05, 0.00011010691866485967, -4.166240518661445e-05], [-4.1689642354305476e-05, -4.166240518661445e-05, 0.00011015903933372153]]}
 #*EXTRAS*# Step:          11  Bead:     62  
{"friction": [[0.00011010927407535976, -4.163500259398473e-05, -4.170943250394984e-05], [-4.163500259398473e-05, 0.00011013446324163322, -4.168230879885966e-05], [-4.170943250394984e-05, -4.168230879885966e-05, 0.00011018667320293423]]}
