 #*EXTRAS*# Step:           0  Bead:     35  
     0.00011217          -0.00004295          -0.00004298
    -0.00004295           0.00011212          -0.00004296
    -0.00004298          -0.00004296           0.00011223
 #*EXTRAS*# Step:           1  Bead:     35  
     0.00011365          -0.00004373          -0.00004363
    -0.00004373           0.00011345          -0.00004359
    -0.00004363          -0.00004359           0.00011370
 #*EXTRAS*# Step:           2  Bead:     35  
     0.00011477          -0.00004419          -0.00004398
    -0.00004419           0.00011445          -0.00004392
    -0.00004398          -0.00004392           0.00011480
 #*EXTRAS*# Step:           3  Bead:     35  
     0.00011492          -0.00004424          -0.00004402
    -0.00004424           0.00011458          -0.00004395
    -0.00004402          -0.00004395           0.00011495
 #*EXTRAS*# Step:           4  Bead:     35  
     0.00011510          -0.00004430          -0.00004406
    -0.00004430           0.00011474          -0.00004399
    -0.00004406          -0.00004399           0.00011512
 #*EXTRAS*# Step:           5  Bead:     35  
     0.00011519          -0.00004432          -0.00004408
    -0.00004432           0.00011482          -0.00004401
    -0.00004408          -0.00004401           0.00011521
 #*EXTRAS*# Step:           6  Bead:     35  
     0.00011524          -0.00004434          -0.00004409
    -0.00004434           0.00011488          -0.00004402
    -0.00004409          -0.00004402           0.00011527
 #*EXTRAS*# Step:           7  Bead:     35  
     0.00011528          -0.00004435          -0.00004410
    -0.00004435           0.00011491          -0.00004403
    -0.00004410          -0.00004403           0.00011530
 #*EXTRAS*# Step:           8  Bead:     35  
     0.00011530          -0.00004436          -0.00004411
    -0.00004436           0.00011493          -0.00004403
    -0.00004411          -0.00004403           0.00011533
 #*EXTRAS*# Step:           9  Bead:     35  
     0.00011532          -0.00004436          -0.00004411
    -0.00004436           0.00011494          -0.00004404
    -0.00004411          -0.00004404           0.00011534
 #*EXTRAS*# Step:          10  Bead:     35  
     0.00011533          -0.00004436          -0.00004411
    -0.00004436           0.00011495          -0.00004404
    -0.00004411          -0.00004404           0.00011535
 #*EXTRAS*# Step:          11  Bead:     35  
     0.00011533          -0.00004437          -0.00004411
    -0.00004437           0.00011496          -0.00004404
    -0.00004411          -0.00004404           0.00011536
