 #*EXTRAS*# Step:           0  Bead:     53  
{"friction": [[0.00010342777205096691, -3.4948757364551355e-05, -3.48915119324289e-05], [-3.4948757364551355e-05, 0.00010341266127600232, -3.513667008856002e-05], [-3.48915119324289e-05, -3.513667008856002e-05, 0.0001030382318154365]]}
 #*EXTRAS*# Step:           1  Bead:     53  
{"friction": [[0.00010609599691303195, -3.819597322211792e-05, -3.81446102538467e-05], [-3.819597322211792e-05, 0.00010609257661209749, -3.825060395285669e-05], [-3.81446102538467e-05, -3.825060395285669e-05, 0.0001059660103422631]]}
 #*EXTRAS*# Step:           2  Bead:     53  
{"friction": [[0.00010842038144812837, -4.034881331496071e-05, -4.037094161657163e-05], [-4.034881331496071e-05, 0.0001084274044080589, -4.035517150651024e-05], [-4.037094161657163e-05, -4.035517150651024e-05, 0.0001084659237797132]]}
 #*EXTRAS*# Step:           3  Bead:     53  
{"friction": [[0.00010934311960735249, -4.1077709356246505e-05, -4.1133568542785985e-05], [-4.1077709356246505e-05, 0.00010936387023376427, -4.110600739328421e-05], [-4.1133568542785985e-05, -4.110600739328421e-05, 0.00010941416301194454]]}
 #*EXTRAS*# Step:           4  Bead:     53  
{"friction": [[0.00010994784245418986, -4.152100589995588e-05, -4.1592608913119075e-05], [-4.152100589995588e-05, 0.00010997303007873796, -4.1564901043879487e-05], [-4.1592608913119075e-05, -4.1564901043879487e-05, 0.00011002479276678453]]}
 #*EXTRAS*# Step:           5  Bead:     53  
{"friction": [[0.0001102967764728108, -4.176519505159984e-05, -4.18420326143446e-05], [-4.176519505159984e-05, 0.00011032117959137537, -4.1815803886408767e-05], [-4.18420326143446e-05, -4.1815803886408767e-05, 0.0001103741933708584]]}
 #*EXTRAS*# Step:           6  Bead:     53  
{"friction": [[0.000110513159688305, -4.1912549717315214e-05, -4.199088357709438e-05], [-4.1912549717315214e-05, 0.00011053547993273332, -4.196588945827663e-05], [-4.199088357709438e-05, -4.196588945827663e-05, 0.00011058999688590044]]}
 #*EXTRAS*# Step:           7  Bead:     53  
{"friction": [[0.00011064922686583983, -4.200365880606488e-05, -4.208217266214199e-05], [-4.200365880606488e-05, 0.0001106695291467517, -4.205802062855221e-05], [-4.208217266214199e-05, -4.205802062855221e-05, 0.00011072540760139091]]}
 #*EXTRAS*# Step:           8  Bead:     53  
{"friction": [[0.00011073676917255757, -4.2061654833051176e-05, -4.2139955321469756e-05], [-4.2061654833051176e-05, 0.00011075546361518265, -4.211635718221711e-05], [-4.2139955321469756e-05, -4.211635718221711e-05, 0.00011081242067964347]]}
 #*EXTRAS*# Step:           9  Bead:     53  
{"friction": [[0.00011079374843170799, -4.209914491633419e-05, -4.217716317596078e-05], [-4.209914491633419e-05, 0.0001108112607829503, -4.21539267595911e-05], [-4.217716317596078e-05, -4.21539267595911e-05, 0.00011086901377529946]]}
 #*EXTRAS*# Step:          10  Bead:     53  
{"friction": [[0.00011083119170682856, -4.212367114181219e-05, -4.220144105138178e-05], [-4.212367114181219e-05, 0.00011084786757029157, -4.2178441781560744e-05], [-4.220144105138178e-05, -4.2178441781560744e-05, 0.000110906186284153]]}
 #*EXTRAS*# Step:          11  Bead:     53  
{"friction": [[0.00011085593903310046, -4.2139833610318514e-05, -4.221741162438055e-05], [-4.2139833610318514e-05, 0.00011087203563670366, -4.219456854556681e-05], [-4.221741162438055e-05, -4.219456854556681e-05, 0.00011093074750693787]]}
