 #*EXTRAS*# Step:           0  Bead:     14  
     0.00012788          -0.00003821          -0.00003777
    -0.00003821           0.00012800          -0.00003827
    -0.00003777          -0.00003827           0.00012753
 #*EXTRAS*# Step:           1  Bead:     14  
     0.00012578          -0.00004059          -0.00004004
    -0.00004059           0.00012585          -0.00004069
    -0.00004004          -0.00004069           0.00012546
 #*EXTRAS*# Step:           2  Bead:     14  
     0.00012419          -0.00004204          -0.00004159
    -0.00004204           0.00012425          -0.00004214
    -0.00004159          -0.00004214           0.00012394
 #*EXTRAS*# Step:           3  Bead:     14  
     0.00012321          -0.00004275          -0.00004246
    -0.00004275           0.00012327          -0.00004284
    -0.00004246          -0.00004284           0.00012302
 #*EXTRAS*# Step:           4  Bead:     14  
     0.00012272          -0.00004305          -0.00004285
    -0.00004305           0.00012279          -0.00004312
    -0.00004285          -0.00004312           0.00012256
 #*EXTRAS*# Step:           5  Bead:     14  
     0.00012242          -0.00004321          -0.00004306
    -0.00004321           0.00012249          -0.00004327
    -0.00004306          -0.00004327           0.00012228
 #*EXTRAS*# Step:           6  Bead:     14  
     0.00012224          -0.00004330          -0.00004318
    -0.00004330           0.00012230          -0.00004335
    -0.00004318          -0.00004335           0.00012212
 #*EXTRAS*# Step:           7  Bead:     14  
     0.00012213          -0.00004336          -0.00004326
    -0.00004336           0.00012218          -0.00004340
    -0.00004326          -0.00004340           0.00012201
 #*EXTRAS*# Step:           8  Bead:     14  
     0.00012205          -0.00004339          -0.00004330
    -0.00004339           0.00012211          -0.00004343
    -0.00004330          -0.00004343           0.00012194
 #*EXTRAS*# Step:           9  Bead:     14  
     0.00012201          -0.00004342          -0.00004333
    -0.00004342           0.00012206          -0.00004345
    -0.00004333          -0.00004345           0.00012189
 #*EXTRAS*# Step:          10  Bead:     14  
     0.00012197          -0.00004343          -0.00004335
    -0.00004343           0.00012202          -0.00004346
    -0.00004335          -0.00004346           0.00012186
 #*EXTRAS*# Step:          11  Bead:     14  
     0.00012195          -0.00004344          -0.00004336
    -0.00004344           0.00012200          -0.00004347
    -0.00004336          -0.00004347           0.00012184
