 #*EXTRAS*# Step:           0  Bead:     58  
     0.00010261          -0.00003368          -0.00003365
    -0.00003368           0.00010257          -0.00003386
    -0.00003365          -0.00003386           0.00010219
 #*EXTRAS*# Step:           1  Bead:     58  
     0.00010524          -0.00003726          -0.00003720
    -0.00003726           0.00010523          -0.00003736
    -0.00003720          -0.00003736           0.00010501
 #*EXTRAS*# Step:           2  Bead:     58  
     0.00010765          -0.00003969          -0.00003968
    -0.00003969           0.00010765          -0.00003969
    -0.00003968          -0.00003969           0.00010766
 #*EXTRAS*# Step:           3  Bead:     58  
     0.00010866          -0.00004055          -0.00004058
    -0.00004055           0.00010867          -0.00004056
    -0.00004058          -0.00004056           0.00010872
 #*EXTRAS*# Step:           4  Bead:     58  
     0.00010932          -0.00004106          -0.00004111
    -0.00004106           0.00010934          -0.00004109
    -0.00004111          -0.00004109           0.00010939
 #*EXTRAS*# Step:           5  Bead:     58  
     0.00010970          -0.00004134          -0.00004141
    -0.00004134           0.00010972          -0.00004138
    -0.00004141          -0.00004138           0.00010977
 #*EXTRAS*# Step:           6  Bead:     58  
     0.00010993          -0.00004151          -0.00004158
    -0.00004151           0.00010996          -0.00004155
    -0.00004158          -0.00004155           0.00011001
 #*EXTRAS*# Step:           7  Bead:     58  
     0.00011008          -0.00004161          -0.00004169
    -0.00004161           0.00011011          -0.00004166
    -0.00004169          -0.00004166           0.00011016
 #*EXTRAS*# Step:           8  Bead:     58  
     0.00011018          -0.00004168          -0.00004176
    -0.00004168           0.00011020          -0.00004173
    -0.00004176          -0.00004173           0.00011025
 #*EXTRAS*# Step:           9  Bead:     58  
     0.00011024          -0.00004172          -0.00004180
    -0.00004172           0.00011026          -0.00004177
    -0.00004180          -0.00004177           0.00011031
 #*EXTRAS*# Step:          10  Bead:     58  
     0.00011028          -0.00004175          -0.00004183
    -0.00004175           0.00011030          -0.00004180
    -0.00004183          -0.00004180           0.00011035
 #*EXTRAS*# Step:          11  Bead:     58  
     0.00011030          -0.00004177          -0.00004185
    -0.00004177           0.00011033          -0.00004182
    -0.00004185          -0.00004182           0.00011038
