 #*EXTRAS*# Step:           0  Bead:      5  
{"friction": [[0.00013140687508940286, -3.2549089934313045e-05, -3.247646875118131e-05], [-3.2549089934313045e-05, 0.00013164265398424839, -3.25304116398176e-05], [-3.247646875118131e-05, -3.25304116398176e-05, 0.0001311512838181544]]}
 #*EXTRAS*# Step:           1  Bead:      5  
{"friction": [[0.0001288079823808037, -3.69657025089011e-05, -3.662739877256669e-05], [-3.69657025089011e-05, 0.00012896267323131622, -3.7011370997848594e-05], [-3.662739877256669e-05, -3.7011370997848594e-05, 0.00012845946804188578]]}
 #*EXTRAS*# Step:           2  Bead:      5  
{"friction": [[0.00012638987269691492, -3.995763295503717e-05, -3.941518642172444e-05], [-3.995763295503717e-05, 0.00012647044851603315, -4.004453505428147e-05], [-3.941518642172444e-05, -4.004453505428147e-05, 0.00012605478446619836]]}
 #*EXTRAS*# Step:           3  Bead:      5  
{"friction": [[0.00012494519770907947, -4.139676051589508e-05, -4.086370464643624e-05], [-4.139676051589508e-05, 0.00012500505087889932, -4.149699256725794e-05], [-4.086370464643624e-05, -4.149699256725794e-05, 0.0001246571707439191]]}
 #*EXTRAS*# Step:           4  Bead:      5  
{"friction": [[0.00012425159436231653, -4.199245515910113e-05, -4.1530454345575415e-05], [-4.199245515910113e-05, 0.00012431337979354113, -4.209382066978967e-05], [-4.1530454345575415e-05, -4.209382066978967e-05, 0.00012399854140743746]]}
 #*EXTRAS*# Step:           5  Bead:      5  
{"friction": [[0.00012385070527520133, -4.230416630403199e-05, -4.190185926253294e-05], [-4.230416630403199e-05, 0.0001239157479919052, -4.240311923952935e-05], [-4.190185926253294e-05, -4.240311923952935e-05, 0.00012362114936885374]]}
 #*EXTRAS*# Step:           6  Bead:      5  
{"friction": [[0.0001236136512326929, -4.247655794534371e-05, -4.21142054956047e-05], [-4.247655794534371e-05, 0.00012368063208888997, -4.257260620623824e-05], [-4.21142054956047e-05, -4.257260620623824e-05, 0.00012339883551695907]]}
 #*EXTRAS*# Step:           7  Bead:      5  
{"friction": [[0.00012346585176892545, -4.257947677329142e-05, -4.2243284384760026e-05], [-4.257947677329142e-05, 0.0001235338555122669, -4.2673060959365136e-05], [-4.2243284384760026e-05, -4.2673060959365136e-05, 0.0001232604623169261]]}
 #*EXTRAS*# Step:           8  Bead:      5  
{"friction": [[0.00012337172708157363, -4.26431875003421e-05, -4.232401798430673e-05], [-4.26431875003421e-05, 0.00012344025844271137, -4.2734917633581366e-05], [-4.232401798430673e-05, -4.2734917633581366e-05, 0.00012317241262279352]]}
 #*EXTRAS*# Step:           9  Bead:      5  
{"friction": [[0.00012331068879949458, -4.268374204746543e-05, -4.237572460029147e-05], [-4.268374204746543e-05, 0.0001233794974330599, -4.277414538378509e-05], [-4.237572460029147e-05, -4.277414538378509e-05, 0.0001231153375424629]]}
 #*EXTRAS*# Step:          10  Bead:      5  
{"friction": [[0.0001232707065476205, -4.2709983060489255e-05, -4.2409308083192204e-05], [-4.2709983060489255e-05, 0.00012333966541455896, -4.2799462598772956e-05], [-4.2409308083192204e-05, -4.2799462598772956e-05, 0.00012307795965188948]]}
 #*EXTRAS*# Step:          11  Bead:      5  
{"friction": [[0.00012324432361285022, -4.272715861838104e-05, -4.243134184469237e-05], [-4.272715861838104e-05, 0.0001233133669475951, -4.281600441293335e-05], [-4.243134184469237e-05, -4.281600441293335e-05, 0.00012305329834496885]]}
