 #*EXTRAS*# Step:           0  Bead:      2  
     0.00013182          -0.00003163          -0.00003158
    -0.00003163           0.00013207          -0.00003160
    -0.00003158          -0.00003160           0.00013160
 #*EXTRAS*# Step:           1  Bead:      2  
     0.00012923          -0.00003635          -0.00003606
    -0.00003635           0.00012940          -0.00003639
    -0.00003606          -0.00003639           0.00012889
 #*EXTRAS*# Step:           2  Bead:      2  
     0.00012672          -0.00003959          -0.00003907
    -0.00003959           0.00012681          -0.00003967
    -0.00003907          -0.00003967           0.00012638
 #*EXTRAS*# Step:           3  Bead:      2  
     0.00012521          -0.00004115          -0.00004061
    -0.00004115           0.00012527          -0.00004125
    -0.00004061          -0.00004125           0.00012491
 #*EXTRAS*# Step:           4  Bead:      2  
     0.00012447          -0.00004181          -0.00004132
    -0.00004181           0.00012454          -0.00004191
    -0.00004132          -0.00004191           0.00012421
 #*EXTRAS*# Step:           5  Bead:      2  
     0.00012406          -0.00004215          -0.00004171
    -0.00004215           0.00012412          -0.00004225
    -0.00004171          -0.00004225           0.00012381
 #*EXTRAS*# Step:           6  Bead:      2  
     0.00012381          -0.00004234          -0.00004194
    -0.00004234           0.00012387          -0.00004243
    -0.00004194          -0.00004243           0.00012358
 #*EXTRAS*# Step:           7  Bead:      2  
     0.00012365          -0.00004245          -0.00004208
    -0.00004245           0.00012372          -0.00004254
    -0.00004208          -0.00004254           0.00012344
 #*EXTRAS*# Step:           8  Bead:      2  
     0.00012356          -0.00004252          -0.00004216
    -0.00004252           0.00012362          -0.00004261
    -0.00004216          -0.00004261           0.00012335
 #*EXTRAS*# Step:           9  Bead:      2  
     0.00012349          -0.00004256          -0.00004222
    -0.00004256           0.00012356          -0.00004265
    -0.00004222          -0.00004265           0.00012329
 #*EXTRAS*# Step:          10  Bead:      2  
     0.00012345          -0.00004259          -0.00004226
    -0.00004259           0.00012352          -0.00004268
    -0.00004226          -0.00004268           0.00012325
 #*EXTRAS*# Step:          11  Bead:      2  
     0.00012342          -0.00004261          -0.00004228
    -0.00004261           0.00012349          -0.00004270
    -0.00004228          -0.00004270           0.00012322
