 #*EXTRAS*# Step:           0  Bead:     47  
{"friction": [[0.00010528762108165504, -3.73210662070218e-05, -3.725656530783905e-05], [-3.73210662070218e-05, 0.0001052870117955876, -3.741999059478165e-05], [-3.725656530783905e-05, -3.741999059478165e-05, 0.00010507311718896647]]}
 #*EXTRAS*# Step:           1  Bead:     47  
{"friction": [[0.0001078704511116357, -3.9882300210906057e-05, -3.9883198943246924e-05], [-3.9882300210906057e-05, 0.00010787013901492297, -3.988433822695942e-05], [-3.9883198943246924e-05, -3.988433822695942e-05, 0.00010788872237563123]]}
 #*EXTRAS*# Step:           2  Bead:     47  
{"friction": [[0.00010994857898437897, -4.152153006976962e-05, -4.159314746922519e-05], [-4.152153006976962e-05, 0.00010997376793619955, -4.156544179976334e-05], [-4.159314746922519e-05, -4.156544179976334e-05, 0.0001100255323165689]]}
 #*EXTRAS*# Step:           3  Bead:     47  
{"friction": [[0.0001106927191699658, -4.2032532420192095e-05, -4.2110973217978145e-05], [-4.2032532420192095e-05, 0.00011071225375081056, -4.208709576241603e-05], [-4.2110973217978145e-05, -4.208709576241603e-05, 0.00011076864695074036]]}
 #*EXTRAS*# Step:           4  Bead:     47  
{"friction": [[0.00011119602073174465, -4.235817201253699e-05, -4.2430774754559896e-05], [-4.235817201253699e-05, 0.00011120191738594266, -4.24099525204161e-05], [-4.2430774754559896e-05, -4.24099525204161e-05, 0.00011126776433184093]]}
 #*EXTRAS*# Step:           5  Bead:     47  
{"friction": [[0.0001114842101255233, -4.253785976719452e-05, -4.260260316119028e-05], [-4.253785976719452e-05, 0.00011147793935938565, -4.258312138168878e-05], [-4.260260316119028e-05, -4.258312138168878e-05, 0.00011155277575944616]]}
 #*EXTRAS*# Step:           6  Bead:     47  
{"friction": [[0.00011166358075739829, -4.2647322034618075e-05, -4.270535930470349e-05], [-4.2647322034618075e-05, 0.00011164796412219416, -4.268643446700857e-05], [-4.270535930470349e-05, -4.268643446700857e-05, 0.0001117299887252038]]}
 #*EXTRAS*# Step:           7  Bead:     47  
{"friction": [[0.00011177637590557875, -4.2715249086544054e-05, -4.2768322211692875e-05], [-4.2715249086544054e-05, 0.00011175414774983026, -4.2749609955092125e-05], [-4.2768322211692875e-05, -4.2749609955092125e-05, 0.00011184138095541767]]}
 #*EXTRAS*# Step:           8  Bead:     47  
{"friction": [[0.00011184898614342392, -4.275861246819041e-05, -4.280817636836665e-05], [-4.275861246819041e-05, 0.00011182219248969327, -4.2789537557981594e-05], [-4.280817636836665e-05, -4.2789537557981594e-05, 0.00011191307541446234]]}
 #*EXTRAS*# Step:           9  Bead:     47  
{"friction": [[0.00011189624383936546, -4.2786683932543513e-05, -4.283382970546871e-05], [-4.2786683932543513e-05, 0.00011186634611045422, -4.281521012723448e-05], [-4.283382970546871e-05, -4.281521012723448e-05, 0.00011195973338251051]]}
 #*EXTRAS*# Step:          10  Bead:     47  
{"friction": [[0.00011192730030011488, -4.280506732624384e-05, -4.285056575450533e-05], [-4.280506732624384e-05, 0.00011189530502285922, -4.283194602735919e-05], [-4.285056575450533e-05, -4.283194602735919e-05, 0.0001119903945788839]]}
 #*EXTRAS*# Step:          11  Bead:     47  
{"friction": [[0.0001119478256290553, -4.281718908956797e-05, -4.2861573268018635e-05], [-4.281718908956797e-05, 0.00011191441879469995, -4.284294772835962e-05], [-4.2861573268018635e-05, -4.284294772835962e-05, 0.00011201065830746748]]}
