 #*EXTRAS*# Step:           0  Bead:     35  
{"friction": [[0.00011216920631531552, -4.2946540772708485e-05, -4.2977592964064865e-05], [-4.2946540772708485e-05, 0.00011211926994815254, -4.2958595375337326e-05], [-4.2977592964064865e-05, -4.2958595375337326e-05, 0.0001122292163872923]]}
 #*EXTRAS*# Step:           1  Bead:     35  
{"friction": [[0.0001136546357097823, -4.3732527334955156e-05, -4.36297190113692e-05], [-4.3732527334955156e-05, 0.00011344998512729614, -4.359406880400897e-05], [-4.36297190113692e-05, -4.359406880400897e-05, 0.00011369691815731713]]}
 #*EXTRAS*# Step:           2  Bead:     35  
{"friction": [[0.00011477177945060752, -4.419059042821466e-05, -4.3980460193950474e-05], [-4.419059042821466e-05, 0.00011444563041758137, -4.3920562977080135e-05], [-4.3980460193950474e-05, -4.3920562977080135e-05, 0.00011480209156060453]]}
 #*EXTRAS*# Step:           3  Bead:     35  
{"friction": [[0.00011492062709614939, -4.42408424664992e-05, -4.401850323772993e-05], [-4.42408424664992e-05, 0.00011458052432246342, -4.395488372987467e-05], [-4.401850323772993e-05, -4.395488372987467e-05, 0.00011494942467794017]]}
 #*EXTRAS*# Step:           4  Bead:     35  
{"friction": [[0.00011509553462571892, -4.4296364911419025e-05, -4.4060656826133835e-05], [-4.4296364911419025e-05, 0.00011474006240818068, -4.3992553617294235e-05], [-4.4060656826133835e-05, -4.3992553617294235e-05, 0.00011512257548156689]]}
 #*EXTRAS*# Step:           5  Bead:     35  
{"friction": [[0.00011518515847088456, -4.4323306500694605e-05, -4.408119656464824e-05], [-4.4323306500694605e-05, 0.00011482228076313524, -4.4010754248877724e-05], [-4.408119656464824e-05, -4.4010754248877724e-05, 0.00011521130864124455]]}
 #*EXTRAS*# Step:           6  Bead:     35  
{"friction": [[0.0001152426223086565, -4.434003423675883e-05, -4.409399014926263e-05], [-4.434003423675883e-05, 0.00011487517479454032, -4.402203441061126e-05], [-4.409399014926263e-05, -4.402203441061126e-05, 0.00011526820473958935]]}
 #*EXTRAS*# Step:           7  Bead:     35  
{"friction": [[0.0001152784708170027, -4.435025165654924e-05, -4.4101823098831026e-05], [-4.435025165654924e-05, 0.00011490824542940928, -4.4028918071838894e-05], [-4.4101823098831026e-05, -4.4028918071838894e-05, 0.00011530370037937012]]}
 #*EXTRAS*# Step:           8  Bead:     35  
{"friction": [[0.0001153016383234253, -4.435676515864481e-05, -4.410682475690998e-05], [-4.435676515864481e-05, 0.00011492964814736439, -4.403330420483617e-05], [-4.410682475690998e-05, -4.403330420483617e-05, 0.00011532664037474344]]}
 #*EXTRAS*# Step:           9  Bead:     35  
{"friction": [[0.00011531668950274123, -4.4360958936414204e-05, -4.411004876236915e-05], [-4.4360958936414204e-05, 0.00011494356577302316, -4.4036127484589396e-05], [-4.411004876236915e-05, -4.4036127484589396e-05, 0.00011534154397167577]]}
 #*EXTRAS*# Step:          10  Bead:     35  
{"friction": [[0.00011532658354057343, -4.436369948839236e-05, -4.4112157200386606e-05], [-4.436369948839236e-05, 0.00011495272026976636, -4.4037972146706877e-05], [-4.4112157200386606e-05, -4.4037972146706877e-05, 0.00011535134109082609]]}
 #*EXTRAS*# Step:          11  Bead:     35  
{"friction": [[0.00011533311890263997, -4.436550263252077e-05, -4.4113545162007574e-05], [-4.436550263252077e-05, 0.00011495876959285213, -4.403918572198884e-05], [-4.4113545162007574e-05, -4.403918572198884e-05, 0.00011535781247639964]]}
