 #*EXTRAS*# Step:           0  Bead:     37  
     0.00011076          -0.00004208          -0.00004216
    -0.00004208           0.00011078          -0.00004213
    -0.00004216          -0.00004213           0.00011084
 #*EXTRAS*# Step:           1  Bead:     37  
     0.00011250          -0.00004313          -0.00004314
    -0.00004313           0.00011242          -0.00004312
    -0.00004314          -0.00004312           0.00011255
 #*EXTRAS*# Step:           2  Bead:     37  
     0.00011383          -0.00004381          -0.00004369
    -0.00004381           0.00011360          -0.00004365
    -0.00004369          -0.00004365           0.00011387
 #*EXTRAS*# Step:           3  Bead:     37  
     0.00011409          -0.00004393          -0.00004378
    -0.00004393           0.00011384          -0.00004374
    -0.00004378          -0.00004374           0.00011413
 #*EXTRAS*# Step:           4  Bead:     37  
     0.00011434          -0.00004403          -0.00004386
    -0.00004403           0.00011405          -0.00004381
    -0.00004386          -0.00004381           0.00011437
 #*EXTRAS*# Step:           5  Bead:     37  
     0.00011447          -0.00004408          -0.00004390
    -0.00004408           0.00011417          -0.00004384
    -0.00004390          -0.00004384           0.00011450
 #*EXTRAS*# Step:           6  Bead:     37  
     0.00011455          -0.00004411          -0.00004392
    -0.00004411           0.00011424          -0.00004386
    -0.00004392          -0.00004386           0.00011458
 #*EXTRAS*# Step:           7  Bead:     37  
     0.00011460          -0.00004413          -0.00004393
    -0.00004413           0.00011429          -0.00004388
    -0.00004393          -0.00004388           0.00011463
 #*EXTRAS*# Step:           8  Bead:     37  
     0.00011463          -0.00004414          -0.00004394
    -0.00004414           0.00011432          -0.00004389
    -0.00004394          -0.00004389           0.00011466
 #*EXTRAS*# Step:           9  Bead:     37  
     0.00011465          -0.00004415          -0.00004395
    -0.00004415           0.00011434          -0.00004389
    -0.00004395          -0.00004389           0.00011469
 #*EXTRAS*# Step:          10  Bead:     37  
     0.00011467          -0.00004415          -0.00004395
    -0.00004415           0.00011435          -0.00004390
    -0.00004395          -0.00004390           0.00011470
 #*EXTRAS*# Step:          11  Bead:     37  
     0.00011468          -0.00004416          -0.00004396
    -0.00004416           0.00011436          -0.00004390
    -0.00004396          -0.00004390           0.00011471
