 #*EXTRAS*# Step:           0  Bead:     24  
     0.00012123          -0.00004375          -0.00004374
    -0.00004375           0.00012123          -0.00004372
    -0.00004374          -0.00004372           0.00012116
 #*EXTRAS*# Step:           1  Bead:     24  
     0.00012082          -0.00004391          -0.00004390
    -0.00004391           0.00012079          -0.00004384
    -0.00004390          -0.00004384           0.00012077
 #*EXTRAS*# Step:           2  Bead:     24  
     0.00012041          -0.00004405          -0.00004404
    -0.00004405           0.00012034          -0.00004393
    -0.00004404          -0.00004393           0.00012037
 #*EXTRAS*# Step:           3  Bead:     24  
     0.00011985          -0.00004422          -0.00004418
    -0.00004422           0.00011970          -0.00004404
    -0.00004418          -0.00004404           0.00011982
 #*EXTRAS*# Step:           4  Bead:     24  
     0.00011961          -0.00004429          -0.00004423
    -0.00004429           0.00011943          -0.00004408
    -0.00004423          -0.00004408           0.00011959
 #*EXTRAS*# Step:           5  Bead:     24  
     0.00011945          -0.00004433          -0.00004425
    -0.00004433           0.00011925          -0.00004411
    -0.00004425          -0.00004411           0.00011943
 #*EXTRAS*# Step:           6  Bead:     24  
     0.00011935          -0.00004436          -0.00004427
    -0.00004436           0.00011915          -0.00004412
    -0.00004427          -0.00004412           0.00011934
 #*EXTRAS*# Step:           7  Bead:     24  
     0.00011929          -0.00004437          -0.00004428
    -0.00004437           0.00011908          -0.00004413
    -0.00004428          -0.00004413           0.00011928
 #*EXTRAS*# Step:           8  Bead:     24  
     0.00011925          -0.00004438          -0.00004428
    -0.00004438           0.00011904          -0.00004413
    -0.00004428          -0.00004413           0.00011924
 #*EXTRAS*# Step:           9  Bead:     24  
     0.00011923          -0.00004439          -0.00004429
    -0.00004439           0.00011901          -0.00004414
    -0.00004429          -0.00004414           0.00011921
 #*EXTRAS*# Step:          10  Bead:     24  
     0.00011921          -0.00004439          -0.00004429
    -0.00004439           0.00011899          -0.00004414
    -0.00004429          -0.00004414           0.00011920
 #*EXTRAS*# Step:          11  Bead:     24  
     0.00011920          -0.00004439          -0.00004429
    -0.00004439           0.00011898          -0.00004414
    -0.00004429          -0.00004414           0.00011919
