 #*EXTRAS*# Step:           0  Bead:      1  
{"friction": [[0.0001318960708675288, -3.145359585337808e-05, -3.140499284046311e-05], [-3.145359585337808e-05, 0.00013214032682715794, -3.1420093958772926e-05], [-3.140499284046311e-05, -3.1420093958772926e-05, 0.00013167914079224472]]}
 #*EXTRAS*# Step:           1  Bead:      1  
{"friction": [[0.00012930486527308808, -3.624364186203017e-05, -3.5961128719340115e-05], [-3.624364186203017e-05, 0.00012947681871798488, -3.627859614075686e-05], [-3.5961128719340115e-05, -3.627859614075686e-05, 0.0001289638307171534]]}
 #*EXTRAS*# Step:           2  Bead:      1  
{"friction": [[0.00012677727532838827, -3.95291769519208e-05, -3.9006493758668574e-05], [-3.95291769519208e-05, 0.00012686750943694891, -3.961083324174769e-05], [-3.9006493758668574e-05, -3.961083324174769e-05, 0.000126434752641205]]}
 #*EXTRAS*# Step:           3  Bead:      1  
{"friction": [[0.0001252522044209213, -4.111228799292027e-05, -4.0563165840992805e-05], [-4.111228799292027e-05, 0.00012531383636208075, -4.1210660802913846e-05], [-4.0563165840992805e-05, -4.1210660802913846e-05, 0.00012495138018070654]]}
 #*EXTRAS*# Step:           4  Bead:      1  
{"friction": [[0.00012451262225947747, -4.177633752878506e-05, -4.12822648084072e-05], [-4.177633752878506e-05, 0.00012457289294147213, -4.1877916832661114e-05], [-4.12822648084072e-05, -4.1877916832661114e-05, 0.00012424547608927923]]}
 #*EXTRAS*# Step:           5  Bead:      1  
{"friction": [[0.0001240895912781255, -4.2121426075714985e-05, -4.168216801064642e-05], [-4.2121426075714985e-05, 0.00012415261611248347, -4.2222155022916904e-05], [-4.168216801064642e-05, -4.2222155022916904e-05, 0.00012384578652790577]]}
 #*EXTRAS*# Step:           6  Bead:      1  
{"friction": [[0.0001238406336562388, -4.2311673096820816e-05, -4.191100320291615e-05], [-4.2311673096820816e-05, 0.00012390576239946526, -4.241052700823726e-05], [-4.191100320291615e-05, -4.241052700823726e-05, 0.00012361169285551881]]}
 #*EXTRAS*# Step:           7  Bead:      1  
{"friction": [[0.00012368586506925164, -4.242499505517851e-05, -4.205017809637978e-05], [-4.242499505517851e-05, 0.00012375228266420344, -4.2522059161828516e-05], [-4.205017809637978e-05, -4.2522059161828516e-05, 0.00012346650445006457]]}
 #*EXTRAS*# Step:           8  Bead:      1  
{"friction": [[0.00012358746769280731, -4.249504681170327e-05, -4.213726912695905e-05], [-4.249504681170327e-05, 0.0001236546439039854, -4.259069691838904e-05], [-4.213726912695905e-05, -4.259069691838904e-05, 0.00012337431037132303]]}
 #*EXTRAS*# Step:           9  Bead:      1  
{"friction": [[0.00012352372896883305, -4.253959331620743e-05, -4.219306357588242e-05], [-4.253959331620743e-05, 0.0001235913567927779, -4.263420583935721e-05], [-4.219306357588242e-05, -4.263420583935721e-05, 0.0001233146301200287]]}
 #*EXTRAS*# Step:          10  Bead:      1  
{"friction": [[0.00012348200670407654, -4.256839857831431e-05, -4.222930984571026e-05], [-4.256839857831431e-05, 0.00012354990911802243, -4.266227820118861e-05], [-4.222930984571026e-05, -4.266227820118861e-05, 0.00012327557970750935]]}
 #*EXTRAS*# Step:          11  Bead:      1  
{"friction": [[0.00012345448820706993, -4.258724413443976e-05, -4.2253093858474775e-05], [-4.258724413443976e-05, 0.0001235225614565618, -4.26806165627e-05], [-4.2253093858474775e-05, -4.26806165627e-05, 0.0001232498295318448]]}
