 #*EXTRAS*# Step:           0  Bead:      8  
{"friction": [[0.00013064797267198423, -3.4032980337971224e-05, -3.389659333410311e-05], [-3.4032980337971224e-05, 0.00013086402099283612, -3.4035338460508096e-05], [-3.389659333410311e-05, -3.4035338460508096e-05, 0.00013034931536429637]]}
 #*EXTRAS*# Step:           1  Bead:      8  
{"friction": [[0.00012807844777806376, -3.7952690617213006e-05, -3.7537113405919383e-05], [-3.7952690617213006e-05, 0.00012820823778086655, -3.801278499668635e-05], [-3.7537113405919383e-05, -3.801278499668635e-05, 0.00012772561270434643]]}
 #*EXTRAS*# Step:           2  Bead:      8  
{"friction": [[0.00012582830157257792, -4.0546962956973825e-05, -3.999009480683545e-05], [-4.0546962956973825e-05, 0.00012589746645040435, -4.064033389794325e-05], [-3.999009480683545e-05, -4.064033389794325e-05, 0.00012550769944875078]]}
 #*EXTRAS*# Step:           3  Bead:      8  
{"friction": [[0.00012450684084900325, -4.178123273873033e-05, -4.128780462218461e-05], [-4.178123273873033e-05, 0.00012456713662149682, -4.188281690759607e-05], [-4.128780462218461e-05, -4.188281690759607e-05, 0.00012423999528004116]]}
 #*EXTRAS*# Step:           4  Bead:      8  
{"friction": [[0.00012387446933287608, -4.228639016586386e-05, -4.188024386586463e-05], [-4.228639016586386e-05, 0.00012393930866904483, -4.23855686299664e-05], [-4.188024386586463e-05, -4.23855686299664e-05, 0.00012364346639037112]]}
 #*EXTRAS*# Step:           5  Bead:      8  
{"friction": [[0.00012350311942539195, -4.255385727120116e-05, -4.221099589317006e-05], [-4.255385727120116e-05, 0.0001235708851367965, -4.2648113153896825e-05], [-4.221099589317006e-05, -4.2648113153896825e-05, 0.00012329533896103358]]}
 #*EXTRAS*# Step:           6  Bead:      8  
{"friction": [[0.00012328204245769692, -4.2702569098886565e-05, -4.239980974800376e-05], [-4.2702569098886565e-05, 0.00012335096139176415, -4.279231501217347e-05], [-4.239980974800376e-05, -4.279231501217347e-05, 0.00012308855656145668]]}
 #*EXTRAS*# Step:           7  Bead:      8  
{"friction": [[0.0001231436265300466, -4.27916940463016e-05, -4.251448599054845e-05], [-4.27916940463016e-05, 0.00012321287489139567, -4.287794020685383e-05], [-4.251448599054845e-05, -4.287794020685383e-05, 0.00012295918996700454]]}
 #*EXTRAS*# Step:           8  Bead:      8  
{"friction": [[0.00012305526835327274, -4.2846998892748e-05, -4.2586154561260595e-05], [-4.2846998892748e-05, 0.0001231245262563514, -4.293072105665344e-05], [-4.2586154561260595e-05, -4.293072105665344e-05, 0.00012287662775687958]]}
 #*EXTRAS*# Step:           9  Bead:      8  
{"friction": [[0.00012299788029272214, -4.2882262262130436e-05, -4.263203406479509e-05], [-4.2882262262130436e-05, 0.00012306704928060705, -4.2964219653746374e-05], [-4.263203406479509e-05, -4.2964219653746374e-05, 0.00012282300653855123]]}
 #*EXTRAS*# Step:          10  Bead:      8  
{"friction": [[0.00012296025260169076, -4.290510477991387e-05, -4.266182263279629e-05], [-4.290510477991387e-05, 0.000123029319527319, -4.29858502653951e-05], [-4.266182263279629e-05, -4.29858502653951e-05, 0.00012278784810298502]]}
 #*EXTRAS*# Step:          11  Bead:      8  
{"friction": [[0.00012293540740692708, -4.2920067152123586e-05, -4.268136234449961e-05], [-4.2920067152123586e-05, 0.00012300438706518878, -4.299998831663051e-05], [-4.268136234449961e-05, -4.299998831663051e-05, 0.00012276463264196565]]}
