 #*EXTRAS*# Step:           0  Bead:     46  
     0.00010571          -0.00003778          -0.00003773
    -0.00003778           0.00010570          -0.00003786
    -0.00003773          -0.00003786           0.00010554
 #*EXTRAS*# Step:           1  Bead:     46  
     0.00010824          -0.00004020          -0.00004022
    -0.00004020           0.00010825          -0.00004020
    -0.00004022          -0.00004020           0.00010828
 #*EXTRAS*# Step:           2  Bead:     46  
     0.00011026          -0.00004174          -0.00004182
    -0.00004174           0.00011029          -0.00004179
    -0.00004182          -0.00004179           0.00011034
 #*EXTRAS*# Step:           3  Bead:     46  
     0.00011097          -0.00004221          -0.00004229
    -0.00004221           0.00011098          -0.00004227
    -0.00004229          -0.00004227           0.00011105
 #*EXTRAS*# Step:           4  Bead:     46  
     0.00011145          -0.00004252          -0.00004258
    -0.00004252           0.00011145          -0.00004257
    -0.00004258          -0.00004257           0.00011152
 #*EXTRAS*# Step:           5  Bead:     46  
     0.00011173          -0.00004269          -0.00004274
    -0.00004269           0.00011171          -0.00004272
    -0.00004274          -0.00004272           0.00011179
 #*EXTRAS*# Step:           6  Bead:     46  
     0.00011190          -0.00004279          -0.00004284
    -0.00004279           0.00011187          -0.00004282
    -0.00004284          -0.00004282           0.00011196
 #*EXTRAS*# Step:           7  Bead:     46  
     0.00011201          -0.00004285          -0.00004289
    -0.00004285           0.00011197          -0.00004288
    -0.00004289          -0.00004288           0.00011207
 #*EXTRAS*# Step:           8  Bead:     46  
     0.00011208          -0.00004289          -0.00004293
    -0.00004289           0.00011204          -0.00004291
    -0.00004293          -0.00004291           0.00011214
 #*EXTRAS*# Step:           9  Bead:     46  
     0.00011212          -0.00004292          -0.00004295
    -0.00004292           0.00011208          -0.00004294
    -0.00004295          -0.00004294           0.00011218
 #*EXTRAS*# Step:          10  Bead:     46  
     0.00011215          -0.00004294          -0.00004297
    -0.00004294           0.00011210          -0.00004295
    -0.00004297          -0.00004295           0.00011221
 #*EXTRAS*# Step:          11  Bead:     46  
     0.00011217          -0.00004295          -0.00004298
    -0.00004295           0.00011212          -0.00004296
    -0.00004298          -0.00004296           0.00011223
