 #*EXTRAS*# Step:           0  Bead:     63  
     0.00010230          -0.00003314          -0.00003313
    -0.00003314           0.00010224          -0.00003332
    -0.00003313          -0.00003332           0.00010188
 #*EXTRAS*# Step:           1  Bead:     63  
     0.00010491          -0.00003688          -0.00003681
    -0.00003688           0.00010491          -0.00003700
    -0.00003681          -0.00003700           0.00010465
 #*EXTRAS*# Step:           2  Bead:     63  
     0.00010736          -0.00003943          -0.00003941
    -0.00003943           0.00010736          -0.00003944
    -0.00003941          -0.00003944           0.00010734
 #*EXTRAS*# Step:           3  Bead:     63  
     0.00010840          -0.00004034          -0.00004036
    -0.00004034           0.00010841          -0.00004034
    -0.00004036          -0.00004034           0.00010845
 #*EXTRAS*# Step:           4  Bead:     63  
     0.00010908          -0.00004088          -0.00004092
    -0.00004088           0.00010910          -0.00004090
    -0.00004092          -0.00004090           0.00010915
 #*EXTRAS*# Step:           5  Bead:     63  
     0.00010947          -0.00004117          -0.00004123
    -0.00004117           0.00010949          -0.00004120
    -0.00004123          -0.00004120           0.00010954
 #*EXTRAS*# Step:           6  Bead:     63  
     0.00010971          -0.00004135          -0.00004142
    -0.00004135           0.00010974          -0.00004139
    -0.00004142          -0.00004139           0.00010979
 #*EXTRAS*# Step:           7  Bead:     63  
     0.00010986          -0.00004146          -0.00004153
    -0.00004146           0.00010989          -0.00004150
    -0.00004153          -0.00004150           0.00010994
 #*EXTRAS*# Step:           8  Bead:     63  
     0.00010996          -0.00004153          -0.00004160
    -0.00004153           0.00010999          -0.00004158
    -0.00004160          -0.00004158           0.00011004
 #*EXTRAS*# Step:           9  Bead:     63  
     0.00011003          -0.00004158          -0.00004165
    -0.00004158           0.00011005          -0.00004162
    -0.00004165          -0.00004162           0.00011010
 #*EXTRAS*# Step:          10  Bead:     63  
     0.00011007          -0.00004161          -0.00004168
    -0.00004161           0.00011009          -0.00004165
    -0.00004168          -0.00004165           0.00011014
 #*EXTRAS*# Step:          11  Bead:     63  
     0.00011010          -0.00004163          -0.00004170
    -0.00004163           0.00011012          -0.00004167
    -0.00004170          -0.00004167           0.00011017
