 #*EXTRAS*# Step:           0  Bead:     13  
     0.00012846          -0.00003745          -0.00003707
    -0.00003745           0.00012860          -0.00003750
    -0.00003707          -0.00003750           0.00012811
 #*EXTRAS*# Step:           1  Bead:     13  
     0.00012623          -0.00004013          -0.00003958
    -0.00004013           0.00012630          -0.00004022
    -0.00003958          -0.00004022           0.00012590
 #*EXTRAS*# Step:           2  Bead:     13  
     0.00012450          -0.00004179          -0.00004130
    -0.00004179           0.00012456          -0.00004189
    -0.00004130          -0.00004189           0.00012423
 #*EXTRAS*# Step:           3  Bead:     13  
     0.00012346          -0.00004259          -0.00004225
    -0.00004259           0.00012352          -0.00004268
    -0.00004225          -0.00004268           0.00012325
 #*EXTRAS*# Step:           4  Bead:     13  
     0.00012295          -0.00004291          -0.00004267
    -0.00004291           0.00012302          -0.00004299
    -0.00004267          -0.00004299           0.00012278
 #*EXTRAS*# Step:           5  Bead:     13  
     0.00012264          -0.00004309          -0.00004291
    -0.00004309           0.00012270          -0.00004316
    -0.00004291          -0.00004316           0.00012249
 #*EXTRAS*# Step:           6  Bead:     13  
     0.00012245          -0.00004319          -0.00004304
    -0.00004319           0.00012251          -0.00004325
    -0.00004304          -0.00004325           0.00012231
 #*EXTRAS*# Step:           7  Bead:     13  
     0.00012233          -0.00004326          -0.00004312
    -0.00004326           0.00012239          -0.00004331
    -0.00004312          -0.00004331           0.00012220
 #*EXTRAS*# Step:           8  Bead:     13  
     0.00012225          -0.00004329          -0.00004317
    -0.00004329           0.00012231          -0.00004334
    -0.00004317          -0.00004334           0.00012213
 #*EXTRAS*# Step:           9  Bead:     13  
     0.00012220          -0.00004332          -0.00004321
    -0.00004332           0.00012226          -0.00004337
    -0.00004321          -0.00004337           0.00012208
 #*EXTRAS*# Step:          10  Bead:     13  
     0.00012217          -0.00004334          -0.00004323
    -0.00004334           0.00012223          -0.00004338
    -0.00004323          -0.00004338           0.00012205
 #*EXTRAS*# Step:          11  Bead:     13  
     0.00012215          -0.00004335          -0.00004324
    -0.00004335           0.00012221          -0.00004339
    -0.00004324          -0.00004339           0.00012203
