 #*EXTRAS*# Step:           0  Bead:     18  
     0.00012526          -0.00004110          -0.00004055
    -0.00004110           0.00012533          -0.00004120
    -0.00004055          -0.00004120           0.00012496
 #*EXTRAS*# Step:           1  Bead:     18  
     0.00012392          -0.00004225          -0.00004184
    -0.00004225           0.00012398          -0.00004235
    -0.00004184          -0.00004235           0.00012369
 #*EXTRAS*# Step:           2  Bead:     18  
     0.00012286          -0.00004296          -0.00004274
    -0.00004296           0.00012293          -0.00004304
    -0.00004274          -0.00004304           0.00012269
 #*EXTRAS*# Step:           3  Bead:     18  
     0.00012207          -0.00004339          -0.00004329
    -0.00004339           0.00012212          -0.00004342
    -0.00004329          -0.00004342           0.00012195
 #*EXTRAS*# Step:           4  Bead:     18  
     0.00012167          -0.00004357          -0.00004352
    -0.00004357           0.00012171          -0.00004358
    -0.00004352          -0.00004358           0.00012158
 #*EXTRAS*# Step:           5  Bead:     18  
     0.00012142          -0.00004367          -0.00004365
    -0.00004367           0.00012144          -0.00004366
    -0.00004365          -0.00004366           0.00012134
 #*EXTRAS*# Step:           6  Bead:     18  
     0.00012127          -0.00004373          -0.00004372
    -0.00004373           0.00012128          -0.00004371
    -0.00004372          -0.00004371           0.00012120
 #*EXTRAS*# Step:           7  Bead:     18  
     0.00012117          -0.00004377          -0.00004376
    -0.00004377           0.00012117          -0.00004374
    -0.00004376          -0.00004374           0.00012110
 #*EXTRAS*# Step:           8  Bead:     18  
     0.00012111          -0.00004380          -0.00004379
    -0.00004380           0.00012110          -0.00004376
    -0.00004379          -0.00004376           0.00012104
 #*EXTRAS*# Step:           9  Bead:     18  
     0.00012107          -0.00004381          -0.00004381
    -0.00004381           0.00012106          -0.00004377
    -0.00004381          -0.00004377           0.00012100
 #*EXTRAS*# Step:          10  Bead:     18  
     0.00012104          -0.00004382          -0.00004382
    -0.00004382           0.00012103          -0.00004378
    -0.00004382          -0.00004378           0.00012098
 #*EXTRAS*# Step:          11  Bead:     18  
     0.00012102          -0.00004383          -0.00004382
    -0.00004383           0.00012101          -0.00004378
    -0.00004382          -0.00004378           0.00012096
