 #*EXTRAS*# Step:           0  Bead:     39  
{"friction": [[0.00010946055557351727, -4.116585373381819e-05, -4.12253165138265e-05], [-4.116585373381819e-05, 0.00010948261620819361, -4.119736995851763e-05], [-4.12253165138265e-05, -4.119736995851763e-05, 0.0001095333241093075]]}
 #*EXTRAS*# Step:           1  Bead:     39  
{"friction": [[0.00011141159638801519, -4.2493033750126976e-05, -4.2560088914835746e-05], [-4.2493033750126976e-05, 0.00011140871432497702, -4.2540315164077124e-05], [-4.2560088914835746e-05, -4.2540315164077124e-05, 0.0001114810014116761]]}
 #*EXTRAS*# Step:           2  Bead:     39  
{"friction": [[0.00011292999421529916, -4.336965081821405e-05, -4.3338754470814793e-05], [-4.336965081821405e-05, 0.00011280724275856742, -4.3314011866908754e-05], [-4.3338754470814793e-05, -4.3314011866908754e-05, 0.0001129806507574064]]}
 #*EXTRAS*# Step:           3  Bead:     39  
{"friction": [[0.00011331140497466551, -4.356626803399791e-05, -4.349825801789088e-05], [-4.356626803399791e-05, 0.00011314622335372278, -4.346834882600959e-05], [-4.349825801789088e-05, -4.346834882600959e-05, 0.00011335759114211881]]}
 #*EXTRAS*# Step:           4  Bead:     39  
{"friction": [[0.00011361462206565993, -4.371370393907156e-05, -4.361497690093434e-05], [-4.371370393907156e-05, 0.00011341459091107873, -4.358004463654571e-05], [-4.361497690093434e-05, -4.358004463654571e-05, 0.00011365735392300711]]}
 #*EXTRAS*# Step:           5  Bead:     39  
{"friction": [[0.0001137819846701434, -4.3791409177305185e-05, -4.3675619607273276e-05], [-4.3791409177305185e-05, 0.0001135626522477285, -4.363760436114409e-05], [-4.3675619607273276e-05, -4.363760436114409e-05, 0.00011382284663834568]]}
 #*EXTRAS*# Step:           6  Bead:     39  
{"friction": [[0.00011388719577663617, -4.383884859220974e-05, -4.3712376761074234e-05], [-4.383884859220974e-05, 0.00011365579065055473, -4.367231918343187e-05], [-4.3712376761074234e-05, -4.367231918343187e-05, 0.0001139268953782979]]}
 #*EXTRAS*# Step:           7  Bead:     39  
{"friction": [[0.00011395318054620925, -4.386802970241525e-05, -4.3734894436463085e-05], [-4.386802970241525e-05, 0.00011371424695943752, -4.3693516914553645e-05], [-4.3734894436463085e-05, -4.3693516914553645e-05, 0.00011399215626277792]]}
 #*EXTRAS*# Step:           8  Bead:     39  
{"friction": [[0.00011399570586264119, -4.388659868164089e-05, -4.3749188541682515e-05], [-4.388659868164089e-05, 0.00011375194286914677, -4.370694490374824e-05], [-4.3749188541682515e-05, -4.370694490374824e-05, 0.00011403421712854468]]}
 #*EXTRAS*# Step:           9  Bead:     39  
{"friction": [[0.00011402336202303768, -4.3898573996878015e-05, -4.375839318733072e-05], [-4.3898573996878015e-05, 0.00011377646898687425, -4.371557991114739e-05], [-4.375839318733072e-05, -4.371557991114739e-05, 0.00011406157210326666]]}
 #*EXTRAS*# Step:          10  Bead:     39  
{"friction": [[0.00011404153625273443, -4.3906399952986944e-05, -4.3764402816469894e-05], [-4.3906399952986944e-05, 0.00011379259127704848, -4.372121250950688e-05], [-4.3764402816469894e-05, -4.372121250950688e-05, 0.00011407954878028764]]}
 #*EXTRAS*# Step:          11  Bead:     39  
{"friction": [[0.00011405354429581377, -4.391155164169097e-05, -4.376835644624532e-05], [-4.391155164169097e-05, 0.00011380324582853161, -4.3724915866887684e-05], [-4.376835644624532e-05, -4.3724915866887684e-05, 0.00011409142645798362]]}
