 #*EXTRAS*# Step:           0  Bead:     21  
{"friction": [[0.00012328931016894538, -4.269780502417281e-05, -4.239371038048879e-05], [-4.269780502417281e-05, 0.00012335820237912475, -4.278771985526015e-05], [-4.239371038048879e-05, -4.278771985526015e-05, 0.00012309535072690375]]}
 #*EXTRAS*# Step:           1  Bead:     21  
{"friction": [[0.00012246308505234, -4.318687430765704e-05, -4.303198209536257e-05], [-4.318687430765704e-05, 0.00012252682254249207, -4.32472821375287e-05], [-4.303198209536257e-05, -4.32472821375287e-05, 0.00012232288238727613]]}
 #*EXTRAS*# Step:           2  Bead:     21  
{"friction": [[0.00012172939169122137, -4.3541746717750115e-05, -4.348983117499435e-05], [-4.3541746717750115e-05, 0.0001217670330810301, -4.355617081143887e-05], [-4.348983117499435e-05, -4.355617081143887e-05, 0.00012163259612644521]]}
 #*EXTRAS*# Step:           3  Bead:     21  
{"friction": [[0.0001210464730957474, -4.382175946205089e-05, -4.38149669713396e-05], [-4.382175946205089e-05, 0.00012103477114590811, -4.377560253298005e-05], [-4.38149669713396e-05, -4.377560253298005e-05, 0.00012098206469008646]]}
 #*EXTRAS*# Step:           4  Bead:     21  
{"friction": [[0.00012071850496068567, -4.394321981597958e-05, -4.393800669511929e-05], [-4.394321981597958e-05, 0.00012067444464194389, -4.3862618263766004e-05], [-4.393800669511929e-05, -4.3862618263766004e-05, 0.00012066637569714348]]}
 #*EXTRAS*# Step:           5  Bead:     21  
{"friction": [[0.00012050554498062824, -4.401766933926631e-05, -4.4007782257430294e-05], [-4.401766933926631e-05, 0.00012043828447249314, -4.3913520227573155e-05], [-4.4007782257430294e-05, -4.3913520227573155e-05, 0.00012046039985312542]]}
 #*EXTRAS*# Step:           6  Bead:     21  
{"friction": [[0.00012037642364680413, -4.406107217807297e-05, -4.404649588006806e-05], [-4.406107217807297e-05, 0.00012029445185690897, -4.394234509684928e-05], [-4.404649588006806e-05, -4.394234509684928e-05, 0.00012033517389078765]]}
 #*EXTRAS*# Step:           7  Bead:     21  
{"friction": [[0.00012029439420672766, -4.408795270428611e-05, -4.406974456438949e-05], [-4.408795270428611e-05, 0.00012020286821421504, -4.395988150617115e-05], [-4.406974456438949e-05, -4.395988150617115e-05, 0.00012025549506331134]]}
 #*EXTRAS*# Step:           8  Bead:     21  
{"friction": [[0.00012024176891754239, -4.4104911100511086e-05, -4.4084123911558525e-05], [-4.4104911100511086e-05, 0.00012014403909831063, -4.3970819888037813e-05], [-4.4084123911558525e-05, -4.3970819888037813e-05, 0.00012020432916720873]]}
 #*EXTRAS*# Step:           9  Bead:     21  
{"friction": [[0.0001202074553747348, -4.411584706086809e-05, -4.40932780938064e-05], [-4.411584706086809e-05, 0.00012010565195146894, -4.3977822149084234e-05], [-4.40932780938064e-05, -4.3977822149084234e-05, 0.0001201709472870358]]}
 #*EXTRAS*# Step:          10  Bead:     21  
{"friction": [[0.00012018491528648401, -4.412297829658066e-05, -4.409919716884625e-05], [-4.412297829658066e-05, 0.00012008042450668626, -4.398236638329607e-05], [-4.409919716884625e-05, -4.398236638329607e-05, 0.00012014901079214064]]}
 #*EXTRAS*# Step:          11  Bead:     21  
{"friction": [[0.00012017001237899396, -4.4127670372561816e-05, -4.410306998531786e-05], [-4.4127670372561816e-05, 0.00012006374001821727, -4.3985346866267195e-05], [-4.410306998531786e-05, -4.3985346866267195e-05, 0.00012013450334813203]]}
