 #*EXTRAS*# Step:           0  Bead:     10  
{"friction": [[0.00012991703273927124, -3.528883604745308e-05, -3.507531490942497e-05], [-3.528883604745308e-05, 0.00013010988907306278, -3.530960766886239e-05], [-3.507531490942497e-05, -3.530960766886239e-05, 0.00012959089167726413]]}
 #*EXTRAS*# Step:           1  Bead:     10  
{"friction": [[0.00012742539155316816, -3.8771335543429635e-05, -3.8295516641351626e-05], [-3.8771335543429635e-05, 0.00012753423046271491, -3.884296188867691e-05], [-3.8295516641351626e-05, -3.884296188867691e-05, 0.00012707491852690858]]}
 #*EXTRAS*# Step:           2  Bead:     10  
{"friction": [[0.00012534366717780842, -4.102524135119598e-05, -4.04730769542187e-05], [-4.102524135119598e-05, 0.00012540615664225692, -4.112294476480821e-05], [-4.04730769542187e-05, -4.112294476480821e-05, 0.0001250393466387531]]}
 #*EXTRAS*# Step:           3  Bead:     10  
{"friction": [[0.00012413011502413723, -4.208954296022476e-05, -4.1644407568842224e-05], [-4.208954296022476e-05, 0.00012419281485011302, -4.219047124071295e-05], [-4.1644407568842224e-05, -4.219047124071295e-05, 0.0001238839633815352]]}
 #*EXTRAS*# Step:           4  Bead:     10  
{"friction": [[0.00012354576358908833, -4.252426743214523e-05, -4.217383215084322e-05], [-4.252426743214523e-05, 0.0001236132394121735, -4.2619249743472965e-05], [-4.217383215084322e-05, -4.2619249743472965e-05, 0.0001233352584098023]]}
 #*EXTRAS*# Step:           5  Bead:     10  
{"friction": [[0.00012319779289495726, -4.275717995655686e-05, -4.2469951573945315e-05], [-4.275717995655686e-05, 0.0001232669549616819, -4.2844860463195404e-05], [-4.2469951573945315e-05, -4.2844860463195404e-05, 0.00012300980912272966]]}
 #*EXTRAS*# Step:           6  Bead:     10  
{"friction": [[0.00012298946417810597, -4.2887390510741024e-05, -4.263871716582828e-05], [-4.2887390510741024e-05, 0.0001230586134236721, -4.296908063385957e-05], [-4.263871716582828e-05, -4.296908063385957e-05, 0.00012281514279489683]]}
 #*EXTRAS*# Step:           7  Bead:     10  
{"friction": [[0.00012285856919798114, -4.296573951758017e-05, -4.274112938323291e-05], [-4.296573951758017e-05, 0.00012292717381312678, -4.3042988127908014e-05], [-4.274112938323291e-05, -4.3042988127908014e-05, 0.0001226928285482115]]}
 #*EXTRAS*# Step:           8  Bead:     10  
{"friction": [[0.00012277484844699785, -4.301447864268962e-05, -4.280508325625387e-05], [-4.301447864268962e-05, 0.00012284285195297435, -4.308859935578991e-05], [-4.280508325625387e-05, -4.308859935578991e-05, 0.00012261457620868174]]}
 #*EXTRAS*# Step:           9  Bead:     10  
{"friction": [[0.00012272040232302414, -4.3045609472226036e-05, -4.284600533289691e-05], [-4.3045609472226036e-05, 0.00012278789978531225, -4.31175726831689e-05], [-4.284600533289691e-05, -4.31175726831689e-05, 0.00012256367311203086]]}
 #*EXTRAS*# Step:          10  Bead:     10  
{"friction": [[0.00012268467522164476, -4.306579782479984e-05, -4.2872566184039735e-05], [-4.306579782479984e-05, 0.00012275178879229387, -4.3136291668084726e-05], [-4.2872566184039735e-05, -4.3136291668084726e-05, 0.00012253026387990798]]}
 #*EXTRAS*# Step:          11  Bead:     10  
{"friction": [[0.00012266107254071265, -4.307903178963066e-05, -4.288998495556303e-05], [-4.307903178963066e-05, 0.00012272790926048976, -4.314853138009429e-05], [-4.288998495556303e-05, -4.314853138009429e-05, 0.00012250818902632428]]}
