 #*EXTRAS*# Step:           0  Bead:     19  
     0.00012460          -0.00004170          -0.00004120
    -0.00004170           0.00012466          -0.00004181
    -0.00004120          -0.00004181           0.00012432
 #*EXTRAS*# Step:           1  Bead:     19  
     0.00012344          -0.00004259          -0.00004226
    -0.00004259           0.00012351          -0.00004269
    -0.00004226          -0.00004269           0.00012324
 #*EXTRAS*# Step:           2  Bead:     19  
     0.00012250          -0.00004317          -0.00004301
    -0.00004317           0.00012256          -0.00004323
    -0.00004301          -0.00004323           0.00012236
 #*EXTRAS*# Step:           3  Bead:     19  
     0.00012175          -0.00004353          -0.00004348
    -0.00004353           0.00012178          -0.00004355
    -0.00004348          -0.00004355           0.00012165
 #*EXTRAS*# Step:           4  Bead:     19  
     0.00012137          -0.00004369          -0.00004367
    -0.00004369           0.00012139          -0.00004368
    -0.00004367          -0.00004368           0.00012130
 #*EXTRAS*# Step:           5  Bead:     19  
     0.00012113          -0.00004379          -0.00004378
    -0.00004379           0.00012113          -0.00004375
    -0.00004378          -0.00004375           0.00012107
 #*EXTRAS*# Step:           6  Bead:     19  
     0.00012099          -0.00004384          -0.00004384
    -0.00004384           0.00012097          -0.00004379
    -0.00004384          -0.00004379           0.00012093
 #*EXTRAS*# Step:           7  Bead:     19  
     0.00012090          -0.00004388          -0.00004387
    -0.00004388           0.00012087          -0.00004382
    -0.00004387          -0.00004382           0.00012084
 #*EXTRAS*# Step:           8  Bead:     19  
     0.00012084          -0.00004390          -0.00004390
    -0.00004390           0.00012080          -0.00004383
    -0.00004390          -0.00004383           0.00012078
 #*EXTRAS*# Step:           9  Bead:     19  
     0.00012080          -0.00004392          -0.00004391
    -0.00004392           0.00012076          -0.00004384
    -0.00004391          -0.00004384           0.00012074
 #*EXTRAS*# Step:          10  Bead:     19  
     0.00012077          -0.00004392          -0.00004392
    -0.00004392           0.00012073          -0.00004385
    -0.00004392          -0.00004385           0.00012072
 #*EXTRAS*# Step:          11  Bead:     19  
     0.00012075          -0.00004393          -0.00004393
    -0.00004393           0.00012071          -0.00004385
    -0.00004393          -0.00004385           0.00012070
