 #*EXTRAS*# Step:           0  Bead:     54  
     0.00010322          -0.00003464          -0.00003459
    -0.00003464           0.00010320          -0.00003483
    -0.00003459          -0.00003483           0.00010282
 #*EXTRAS*# Step:           1  Bead:     54  
     0.00010588          -0.00003797          -0.00003791
    -0.00003797           0.00010588          -0.00003803
    -0.00003791          -0.00003803           0.00010573
 #*EXTRAS*# Step:           2  Bead:     54  
     0.00010823          -0.00004019          -0.00004020
    -0.00004019           0.00010823          -0.00004019
    -0.00004020          -0.00004019           0.00010827
 #*EXTRAS*# Step:           3  Bead:     54  
     0.00010917          -0.00004095          -0.00004100
    -0.00004095           0.00010919          -0.00004097
    -0.00004100          -0.00004097           0.00010924
 #*EXTRAS*# Step:           4  Bead:     54  
     0.00010979          -0.00004141          -0.00004148
    -0.00004141           0.00010982          -0.00004145
    -0.00004148          -0.00004145           0.00010987
 #*EXTRAS*# Step:           5  Bead:     54  
     0.00011015          -0.00004166          -0.00004174
    -0.00004166           0.00011017          -0.00004171
    -0.00004174          -0.00004171           0.00011023
 #*EXTRAS*# Step:           6  Bead:     54  
     0.00011037          -0.00004181          -0.00004189
    -0.00004181           0.00011039          -0.00004187
    -0.00004189          -0.00004187           0.00011045
 #*EXTRAS*# Step:           7  Bead:     54  
     0.00011051          -0.00004191          -0.00004199
    -0.00004191           0.00011053          -0.00004196
    -0.00004199          -0.00004196           0.00011058
 #*EXTRAS*# Step:           8  Bead:     54  
     0.00011060          -0.00004197          -0.00004205
    -0.00004197           0.00011062          -0.00004202
    -0.00004205          -0.00004202           0.00011067
 #*EXTRAS*# Step:           9  Bead:     54  
     0.00011066          -0.00004201          -0.00004209
    -0.00004201           0.00011068          -0.00004206
    -0.00004209          -0.00004206           0.00011073
 #*EXTRAS*# Step:          10  Bead:     54  
     0.00011069          -0.00004203          -0.00004211
    -0.00004203           0.00011071          -0.00004209
    -0.00004211          -0.00004209           0.00011077
 #*EXTRAS*# Step:          11  Bead:     54  
     0.00011072          -0.00004205          -0.00004213
    -0.00004205           0.00011074          -0.00004210
    -0.00004213          -0.00004210           0.00011079
