 #*EXTRAS*# Step:           0  Bead:     46  
{"friction": [[0.00010570677276922272, -3.778420803142114e-05, -3.7725549753719546e-05], [-3.778420803142114e-05, 0.0001057047887977086, -3.7859417660977375e-05], [-3.7725549753719546e-05, -3.7859417660977375e-05, 0.00010553660403377729]]}
 #*EXTRAS*# Step:           1  Bead:     46  
{"friction": [[0.00010824233242971631, -4.0200475562310954e-05, -4.0215623482820447e-05], [-4.0200475562310954e-05, 0.00010824669528540214, -4.020437836892297e-05], [-4.0215623482820447e-05, -4.020437836892297e-05, 0.00010828014508954347]]}
 #*EXTRAS*# Step:           2  Bead:     46  
{"friction": [[0.00011026462014657351, -4.174303422146751e-05, -4.181952937569787e-05], [-4.174303422146751e-05, 0.00011028922221048206, -4.1793133448417936e-05], [-4.181952937569787e-05, -4.1793133448417936e-05, 0.00011034207011276024]]}
 #*EXTRAS*# Step:           3  Bead:     46  
{"friction": [[0.00011097114489146206, -4.2214579690599524e-05, -4.229096778242044e-05], [-4.2214579690599524e-05, 0.00011098426184669523, -4.2268841391150894e-05], [-4.229096778242044e-05, -4.2268841391150894e-05, 0.00011104501609383273]]}
 #*EXTRAS*# Step:           4  Bead:     46  
{"friction": [[0.0001114534578977028, -4.251891222437449e-05, -4.258466253376924e-05], [-4.251891222437449e-05, 0.00011144864949534345, -4.256506137534343e-05], [-4.258466253376924e-05, -4.256506137534343e-05, 0.00011152238176292117]]}
 #*EXTRAS*# Step:           5  Bead:     46  
{"friction": [[0.00011172904665970957, -4.2686830873687415e-05, -4.274205852575965e-05], [-4.2686830873687415e-05, 0.00011170966323768848, -4.2723271124024345e-05], [-4.274205852575965e-05, -4.2723271124024345e-05, 0.00011179464375741968]]}
 #*EXTRAS*# Step:           6  Bead:     46  
{"friction": [[0.00011190071030750553, -4.2789330925817436e-05, -4.283624263432756e-05], [-4.2789330925817436e-05, 0.00011187051373963898, -4.281762366778519e-05], [-4.283624263432756e-05, -4.281762366778519e-05, 0.00011196414305280242]]}
 #*EXTRAS*# Step:           7  Bead:     46  
{"friction": [[0.00011200864949655341, -4.2852980629950976e-05, -4.2893942750402515e-05], [-4.2852980629950976e-05, 0.00011197094056671673, -4.287527250277649e-05], [-4.2893942750402515e-05, -4.287527250277649e-05, 0.00011207070591016548]]}
 #*EXTRAS*# Step:           8  Bead:     46  
{"friction": [[0.00011207814111548145, -4.289363743411503e-05, -4.293046776688013e-05], [-4.289363743411503e-05, 0.00011203529650948634, -4.291169424226401e-05], [-4.293046776688013e-05, -4.291169424226401e-05, 0.00011213931036372298]]}
 #*EXTRAS*# Step:           9  Bead:     46  
{"friction": [[0.00011212336752035216, -4.291996410945537e-05, -4.295397673201995e-05], [-4.291996410945537e-05, 0.00011207705258158327, -4.293510483331291e-05], [-4.295397673201995e-05, -4.293510483331291e-05, 0.00011218396031317572]]}
 #*EXTRAS*# Step:          10  Bead:     46  
{"friction": [[0.00011215308917756725, -4.293720846251329e-05, -4.29693136108016e-05], [-4.293720846251329e-05, 0.00011210443813053993, -4.2950363245731e-05], [-4.29693136108016e-05, -4.2950363245731e-05, 0.00011221330391794694]]}
 #*EXTRAS*# Step:          11  Bead:     46  
{"friction": [[0.00011217273202854153, -4.2948580512310046e-05, -4.2979400615524976e-05], [-4.2948580512310046e-05, 0.00011212251274861597, -4.296039225366435e-05], [-4.2979400615524976e-05, -4.296039225366435e-05, 0.00011223269736382091]]}
