 #*EXTRAS*# Step:           0  Bead:     30  
     0.00011614          -0.00004454          -0.00004426
    -0.00004454           0.00011572          -0.00004416
    -0.00004426          -0.00004416           0.00011615
 #*EXTRAS*# Step:           1  Bead:     30  
     0.00011685          -0.00004462          -0.00004434
    -0.00004462           0.00011643          -0.00004422
    -0.00004434          -0.00004422           0.00011686
 #*EXTRAS*# Step:           2  Bead:     30  
     0.00011732          -0.00004463          -0.00004437
    -0.00004463           0.00011692          -0.00004424
    -0.00004437          -0.00004424           0.00011733
 #*EXTRAS*# Step:           3  Bead:     30  
     0.00011714          -0.00004463          -0.00004436
    -0.00004463           0.00011673          -0.00004423
    -0.00004436          -0.00004423           0.00011715
 #*EXTRAS*# Step:           4  Bead:     30  
     0.00011713          -0.00004463          -0.00004436
    -0.00004463           0.00011671          -0.00004423
    -0.00004436          -0.00004423           0.00011714
 #*EXTRAS*# Step:           5  Bead:     30  
     0.00011710          -0.00004463          -0.00004436
    -0.00004463           0.00011669          -0.00004423
    -0.00004436          -0.00004423           0.00011711
 #*EXTRAS*# Step:           6  Bead:     30  
     0.00011709          -0.00004463          -0.00004435
    -0.00004463           0.00011668          -0.00004423
    -0.00004435          -0.00004423           0.00011710
 #*EXTRAS*# Step:           7  Bead:     30  
     0.00011709          -0.00004463          -0.00004435
    -0.00004463           0.00011667          -0.00004423
    -0.00004435          -0.00004423           0.00011709
 #*EXTRAS*# Step:           8  Bead:     30  
     0.00011708          -0.00004463          -0.00004435
    -0.00004463           0.00011667          -0.00004423
    -0.00004435          -0.00004423           0.00011709
 #*EXTRAS*# Step:           9  Bead:     30  
     0.00011708          -0.00004463          -0.00004435
    -0.00004463           0.00011666          -0.00004423
    -0.00004435          -0.00004423           0.00011709
 #*EXTRAS*# Step:          10  Bead:     30  
     0.00011708          -0.00004463          -0.00004435
    -0.00004463           0.00011666          -0.00004423
    -0.00004435          -0.00004423           0.00011709
 #*EXTRAS*# Step:          11  Bead:     30  
     0.00011708          -0.00004463          -0.00004435
    -0.00004463           0.00011666          -0.00004423
    -0.00004435          -0.00004423           0.00011708
