# Hessian matrix (atomic units)
0.6665147843135949 2.947600059016359e-05 1.740433306634154e-10 -0.33317945414195455 -0.2552673584955937 9.721872510830709e-05 -0.33315305260896766 0.2552948298511627 -9.721773303895343e-05
2.947600059016359e-05 0.43003735585228403 -6.25435171474549e-05 -0.19808674657809616 -0.2149347334966198 -0.0002408920499232976 0.19804508835849738 -0.21489789701855053 -0.00024089164506191577
1.740433306634154e-10 -6.25435171474549e-05 9.36597575640316e-06 2.6534741738039506e-06 3.127169194684618e-05 -4.719749624075709e-06 -2.653648217134764e-06 3.127182520060873e-05 -4.719749701098309e-06
-0.33317945414195455 -0.19808674657809616 2.6534741738039506e-06 0.3601888542011788 0.22663897095640034 -3.913219091218954e-05 -0.027101025524503337 -0.028594852772165173 5.80948804487414e-05
-0.2552673584955937 -0.2149347334966198 3.127169194684618e-05 0.22663897095640034 0.20517885514729176 8.322896859055109e-05 0.028564691580586336 0.009631724754238598 0.00015766249912026938
9.721872510830709e-05 -0.0002408920499232976 -4.719749624075709e-06 -3.913219091218954e-05 8.322896859055109e-05 1.604248831150867e-06 -5.808653419611754e-05 0.00015766308133274653 3.152265672245559e-06
-0.33315305260896766 0.19804508835849738 -2.653648217134764e-06 -0.027101025524503337 0.028564691580586336 -5.808653419611754e-05 0.36016342603607754 -0.22662409890138194 3.9122852590212103e-05
0.2552948298511627 -0.21489789701855053 3.127182520060873e-05 -0.028594852772165173 0.009631724754238598 0.00015766308133274653 -0.22662409890138194 0.20518560052228768 8.322914594164637e-05
-9.721773303895343e-05 -0.00024089164506191577 -4.719749701098309e-06 5.80948804487414e-05 0.00015766249912026938 3.152265672245559e-06 3.9122852590212103e-05 8.322914594164637e-05 1.604242718302893e-06
