 #*EXTRAS*# Step:           0  Bead:     11  
     0.00010562          -0.00003769          -0.00003763
    -0.00003769           0.00010562          -0.00003777
    -0.00003763          -0.00003777           0.00010544
 #*EXTRAS*# Step:           1  Bead:     11  
     0.00010349          -0.00003504          -0.00003498
    -0.00003504           0.00010347          -0.00003522
    -0.00003498          -0.00003522           0.00010310
 #*EXTRAS*# Step:           2  Bead:     11  
     0.00010203          -0.00003265          -0.00003265
    -0.00003265           0.00010195          -0.00003282
    -0.00003265          -0.00003282           0.00010162
 #*EXTRAS*# Step:           3  Bead:     11  
     0.00010344          -0.00003496          -0.00003490
    -0.00003496           0.00010342          -0.00003515
    -0.00003490          -0.00003515           0.00010305
 #*EXTRAS*# Step:           4  Bead:     11  
     0.00010346          -0.00003499          -0.00003494
    -0.00003499           0.00010345          -0.00003518
    -0.00003494          -0.00003518           0.00010307
 #*EXTRAS*# Step:           5  Bead:     11  
     0.00010363          -0.00003524          -0.00003518
    -0.00003524           0.00010362          -0.00003542
    -0.00003518          -0.00003542           0.00010326
 #*EXTRAS*# Step:           6  Bead:     11  
     0.00010367          -0.00003529          -0.00003523
    -0.00003529           0.00010366          -0.00003548
    -0.00003523          -0.00003548           0.00010330
 #*EXTRAS*# Step:           7  Bead:     11  
     0.00010370          -0.00003533          -0.00003527
    -0.00003533           0.00010369          -0.00003551
    -0.00003527          -0.00003551           0.00010333
 #*EXTRAS*# Step:           8  Bead:     11  
     0.00010371          -0.00003534          -0.00003528
    -0.00003534           0.00010370          -0.00003552
    -0.00003528          -0.00003552           0.00010334
