 #*EXTRAS*# Step:           0  Bead:      4  
     0.00012608          -0.00004029          -0.00003974
    -0.00004029           0.00012615          -0.00004038
    -0.00003974          -0.00004038           0.00012575
 #*EXTRAS*# Step:           1  Bead:      4  
     0.00012916          -0.00003646          -0.00003616
    -0.00003646           0.00012933          -0.00003650
    -0.00003616          -0.00003650           0.00012882
 #*EXTRAS*# Step:           2  Bead:      4  
     0.00013255          -0.00002975          -0.00002970
    -0.00002975           0.00013280          -0.00002969
    -0.00002970          -0.00002969           0.00013240
 #*EXTRAS*# Step:           3  Bead:      4  
     0.00013218          -0.00003075          -0.00003070
    -0.00003075           0.00013243          -0.00003070
    -0.00003070          -0.00003070           0.00013199
 #*EXTRAS*# Step:           4  Bead:      4  
     0.00013271          -0.00002928          -0.00002923
    -0.00002928           0.00013296          -0.00002922
    -0.00002923          -0.00002922           0.00013258
 #*EXTRAS*# Step:           5  Bead:      4  
     0.00013273          -0.00002923          -0.00002918
    -0.00002923           0.00013298          -0.00002917
    -0.00002918          -0.00002917           0.00013260
 #*EXTRAS*# Step:           6  Bead:      4  
     0.00013278          -0.00002907          -0.00002902
    -0.00002907           0.00013303          -0.00002901
    -0.00002902          -0.00002901           0.00013266
 #*EXTRAS*# Step:           7  Bead:      4  
     0.00013279          -0.00002903          -0.00002898
    -0.00002903           0.00013304          -0.00002897
    -0.00002898          -0.00002897           0.00013268
 #*EXTRAS*# Step:           8  Bead:      4  
     0.00013280          -0.00002901          -0.00002895
    -0.00002901           0.00013305          -0.00002894
    -0.00002895          -0.00002894           0.00013269
