 #*EXTRAS*# Step:           0  Bead:     11  
{"friction": [[0.00010562036954718544, -3.769046910141249e-05, -3.763042875179934e-05], [-3.769046910141249e-05, 0.00010561870141779494, -3.7770470863789636e-05], [-3.763042875179934e-05, -3.7770470863789636e-05, 0.0001054411173289977]]}
 #*EXTRAS*# Step:           1  Bead:     11  
{"friction": [[0.00010348761360071319, -3.503542064480136e-05, -3.497684435890506e-05], [-3.503542064480136e-05, 0.0001034740250603811, -3.522188858887473e-05], [-3.497684435890506e-05, -3.522188858887473e-05, 0.00010310216196176272]]}
 #*EXTRAS*# Step:           2  Bead:     11  
{"friction": [[0.00010202927103065378, -3.265415452690861e-05, -3.2650615638337266e-05], [-3.265415452690861e-05, 0.00010195011871326056, -3.2816616869330545e-05], [-3.2650615638337266e-05, -3.2816616869330545e-05, 0.00010161603651286742]]}
 #*EXTRAS*# Step:           3  Bead:     11  
{"friction": [[0.00010343713004017408, -3.49623672535585e-05, -3.490490753004566e-05], [-3.49623672535585e-05, 0.00010342226463747947, -3.515006529103178e-05], [-3.490490753004566e-05, -3.515006529103178e-05, 0.00010304821743298625]]}
 #*EXTRAS*# Step:           4  Bead:     11  
{"friction": [[0.00010345956656237301, -3.499491078171204e-05, -3.4936946642200153e-05], [-3.499491078171204e-05, 0.00010344527831379907, -3.5182076953966355e-05], [-3.4936946642200153e-05, -3.5182076953966355e-05, 0.00010307217663010795]]}
 #*EXTRAS*# Step:           5  Bead:     11  
{"friction": [[0.00010363068095214582, -3.523918246007258e-05, -3.517779206125835e-05], [-3.523918246007258e-05, 0.0001036203041081349, -3.542154689443435e-05], [-3.517779206125835e-05, -3.542154689443435e-05, 0.00010325568445369107]]}
 #*EXTRAS*# Step:           6  Bead:     11  
{"friction": [[0.00010367010120253335, -3.5294507275976526e-05, -3.523242914364329e-05], [-3.5294507275976526e-05, 0.00010366051001621782, -3.547559251172429e-05], [-3.523242914364329e-05, -3.547559251172429e-05, 0.00010329814176424597]]}
 #*EXTRAS*# Step:           7  Bead:     11  
{"friction": [[0.00010369565617608655, -3.533018948496009e-05, -3.526768510217769e-05], [-3.533018948496009e-05, 0.0001036865526496562, -3.551041350279949e-05], [-3.526768510217769e-05, -3.551041350279949e-05, 0.00010332569933593052]]}
 #*EXTRAS*# Step:           8  Bead:     11  
{"friction": [[0.00010370511258939588, -3.5343357263702424e-05, -3.528069901176963e-05], [-3.5343357263702424e-05, 0.00010369618528505914, -3.5523256383589847e-05], [-3.528069901176963e-05, -3.5523256383589847e-05, 0.00010333590336834901]]}
