 #*EXTRAS*# Step:           0  Bead:     14  
{"friction": [[0.0001025334360101724, -3.35409127376559e-05, -3.351447758652769e-05], [-3.35409127376559e-05, 0.00010248196407672836, -3.372632209749448e-05], [-3.351447758652769e-05, -3.372632209749448e-05, 0.00010210975134216749]]}
 #*EXTRAS*# Step:           1  Bead:     14  
{"friction": [[0.00010045753428263073, -2.9598913664620585e-05, -2.9630244306177948e-05], [-2.9598913664620585e-05, 0.00010033413916083015, -2.9602512159249237e-05], [-2.9630244306177948e-05, -2.9602512159249237e-05, 0.00010027889924373719]]}
 #*EXTRAS*# Step:           2  Bead:     14  
{"friction": [[9.846641718517142e-05, -2.5645723860343796e-05, -2.549205806325441e-05], [-2.5645723860343796e-05, 9.856660411301771e-05, -2.5389137557014936e-05], [-2.549205806325441e-05, -2.5389137557014936e-05, 9.900889378179689e-05]]}
 #*EXTRAS*# Step:           3  Bead:     14  
{"friction": [[9.977974733760773e-05, -2.8264965534873702e-05, -2.826341144315718e-05], [-2.8264965534873702e-05, 9.969465488029932e-05, -2.8178048740786784e-05], [-2.826341144315718e-05, -2.8178048740786784e-05, 9.980683477679885e-05]]}
 #*EXTRAS*# Step:           4  Bead:     14  
{"friction": [[9.965002135450125e-05, -2.8014937904855224e-05, -2.800267432049681e-05], [-2.8014937904855224e-05, 9.957760768039353e-05, -2.791057338107884e-05], [-2.800267432049681e-05, -2.791057338107884e-05, 9.972283055715417e-05]]}
 #*EXTRAS*# Step:           5  Bead:     14  
{"friction": [[9.979042505329167e-05, -2.8285599580978485e-05, -2.828486814641975e-05], [-2.8285599580978485e-05, 9.970436104539265e-05, -2.8200121046125185e-05], [-2.828486814641975e-05, -2.8200121046125185e-05, 9.981382786283588e-05]]}
 #*EXTRAS*# Step:           6  Bead:     14  
{"friction": [[9.980538000673983e-05, -2.8314517219414108e-05, -2.8314922260621385e-05], [-2.8314517219414108e-05, 9.971797441681535e-05, -2.8231053498155316e-05], [-2.8314922260621385e-05, -2.8231053498155316e-05, 9.982364340630994e-05]]}
 #*EXTRAS*# Step:           7  Bead:     14  
{"friction": [[9.982294649514996e-05, -2.834851338211944e-05, -2.8350229639486725e-05], [-2.834851338211944e-05, 9.973399390365758e-05, -2.8267416891423644e-05], [-2.8350229639486725e-05, -2.8267416891423644e-05, 9.983520505494521e-05]]}
 #*EXTRAS*# Step:           8  Bead:     14  
{"friction": [[9.982812292399858e-05, -2.83585374899337e-05, -2.836063519030475e-05], [-2.83585374899337e-05, 9.973872047265023e-05, -2.8278138675487352e-05], [-2.836063519030475e-05, -2.8278138675487352e-05, 9.98386186881815e-05]]}
