 #*EXTRAS*# Step:           0  Bead:      8  
     0.00011322          -0.00004352          -0.00004346
    -0.00004352           0.00011306          -0.00004343
    -0.00004346          -0.00004343           0.00011326
 #*EXTRAS*# Step:           1  Bead:      8  
     0.00011255          -0.00004316          -0.00004317
    -0.00004316           0.00011247          -0.00004314
    -0.00004317          -0.00004314           0.00011260
 #*EXTRAS*# Step:           2  Bead:      8  
     0.00011281          -0.00004330          -0.00004328
    -0.00004330           0.00011270          -0.00004326
    -0.00004328          -0.00004326           0.00011286
 #*EXTRAS*# Step:           3  Bead:      8  
     0.00011444          -0.00004407          -0.00004389
    -0.00004407           0.00011415          -0.00004384
    -0.00004389          -0.00004384           0.00011447
 #*EXTRAS*# Step:           4  Bead:      8  
     0.00011491          -0.00004424          -0.00004402
    -0.00004424           0.00011457          -0.00004395
    -0.00004402          -0.00004395           0.00011494
 #*EXTRAS*# Step:           5  Bead:      8  
     0.00011511          -0.00004430          -0.00004406
    -0.00004430           0.00011475          -0.00004399
    -0.00004406          -0.00004399           0.00011513
 #*EXTRAS*# Step:           6  Bead:      8  
     0.00011520          -0.00004433          -0.00004409
    -0.00004433           0.00011484          -0.00004401
    -0.00004409          -0.00004401           0.00011523
 #*EXTRAS*# Step:           7  Bead:      8  
     0.00011524          -0.00004434          -0.00004409
    -0.00004434           0.00011487          -0.00004402
    -0.00004409          -0.00004402           0.00011527
 #*EXTRAS*# Step:           8  Bead:      8  
     0.00011526          -0.00004434          -0.00004410
    -0.00004434           0.00011489          -0.00004403
    -0.00004410          -0.00004403           0.00011529
