 #*EXTRAS*# Step:           0  Bead:      8  
{"friction": [[0.00011321589094004546, -4.351814646398022e-05, -4.345964836559014e-05], [-4.351814646398022e-05, 0.00011306154132995574, -4.343115956369095e-05], [-4.345964836559014e-05, -4.343115956369095e-05, 0.00011326318332248197]]}
 #*EXTRAS*# Step:           1  Bead:      8  
{"friction": [[0.00011254918292050029, -4.316243939422925e-05, -4.316520295598142e-05], [-4.316243939422925e-05, 0.00011246549909959065, -4.3144161407362884e-05], [-4.316520295598142e-05, -4.3144161407362884e-05, 0.00011260444690783562]]}
 #*EXTRAS*# Step:           2  Bead:      8  
{"friction": [[0.00011280634231605482, -4.330348128256488e-05, -4.328397752837003e-05], [-4.330348128256488e-05, 0.00011269673018217933, -4.326060576583219e-05], [-4.328397752837003e-05, -4.326060576583219e-05, 0.00011285847888635022]]}
 #*EXTRAS*# Step:           3  Bead:      8  
{"friction": [[0.00011443782095465676, -4.406815682033918e-05, -4.388776453379777e-05], [-4.406815682033918e-05, 0.00011414545785474514, -4.383585835559629e-05], [-4.388776453379777e-05, -4.383585835559629e-05, 0.00011447159801876669]]}
 #*EXTRAS*# Step:           4  Bead:      8  
{"friction": [[0.00011490889838863745, -4.423698197134576e-05, -4.4015578219284754e-05], [-4.423698197134576e-05, 0.0001145698671843195, -4.395225526526253e-05], [-4.4015578219284754e-05, -4.395225526526253e-05, 0.00011493781465384376]]}
 #*EXTRAS*# Step:           5  Bead:      8  
{"friction": [[0.00011510610153504759, -4.4299595045300337e-05, -4.40631157529807e-05], [-4.4299595045300337e-05, 0.00011474973901092989, -4.399473815620762e-05], [-4.40631157529807e-05, -4.399473815620762e-05, 0.0001151330370449228]]}
 #*EXTRAS*# Step:           6  Bead:      8  
{"friction": [[0.0001152021349035972, -4.4328292995944204e-05, -4.408500665338837e-05], [-4.4328292995944204e-05, 0.0001148378923560084, -4.401411830990458e-05], [-4.408500665338837e-05, -4.401411830990458e-05, 0.00011522811707731956]]}
 #*EXTRAS*# Step:           7  Bead:      8  
{"friction": [[0.00011524128732347879, -4.433965049905932e-05, -4.409369625519902e-05], [-4.433965049905932e-05, 0.0001148739443500732, -4.4021775792487194e-05], [-4.409369625519902e-05, -4.4021775792487194e-05, 0.00011526688291454595]]}
 #*EXTRAS*# Step:           8  Bead:      8  
{"friction": [[0.00011525960476942507, -4.434489548063291e-05, -4.409771502253044e-05], [-4.434489548063291e-05, 0.0001148908342153642, -4.4025310061854805e-05], [-4.409771502253044e-05, -4.4025310061854805e-05, 0.00011528501991106724]]}
