 #*EXTRAS*# Step:           0  Bead:     15  
     0.00010230          -0.00003314          -0.00003313
    -0.00003314           0.00010224          -0.00003332
    -0.00003313          -0.00003332           0.00010188
 #*EXTRAS*# Step:           1  Bead:     15  
     0.00010018          -0.00002905          -0.00002907
    -0.00002905           0.00010007          -0.00002902
    -0.00002907          -0.00002902           0.00010008
 #*EXTRAS*# Step:           2  Bead:     15  
     0.00009813          -0.00002486          -0.00002466
    -0.00002486           0.00009829          -0.00002457
    -0.00002466          -0.00002457           0.00009881
 #*EXTRAS*# Step:           3  Bead:     15  
     0.00009939          -0.00002752          -0.00002748
    -0.00002752           0.00009935          -0.00002738
    -0.00002748          -0.00002738           0.00009956
 #*EXTRAS*# Step:           4  Bead:     15  
     0.00009925          -0.00002723          -0.00002718
    -0.00002723           0.00009922          -0.00002708
    -0.00002718          -0.00002708           0.00009947
 #*EXTRAS*# Step:           5  Bead:     15  
     0.00009939          -0.00002751          -0.00002747
    -0.00002751           0.00009934          -0.00002737
    -0.00002747          -0.00002737           0.00009956
 #*EXTRAS*# Step:           6  Bead:     15  
     0.00009940          -0.00002753          -0.00002750
    -0.00002753           0.00009936          -0.00002739
    -0.00002750          -0.00002739           0.00009956
 #*EXTRAS*# Step:           7  Bead:     15  
     0.00009942          -0.00002757          -0.00002753
    -0.00002757           0.00009937          -0.00002743
    -0.00002753          -0.00002743           0.00009958
 #*EXTRAS*# Step:           8  Bead:     15  
     0.00009942          -0.00002757          -0.00002754
    -0.00002757           0.00009937          -0.00002744
    -0.00002754          -0.00002744           0.00009958
