 #*EXTRAS*# Step:           0  Bead:      2  
{"friction": [[0.0001305169912654799, -3.426881693488592e-05, -3.4119381770048507e-05], [-3.426881693488592e-05, 0.0001307291042872236, -3.427459924542595e-05], [-3.4119381770048507e-05, -3.427459924542595e-05, 0.00013021252399325722]]}
 #*EXTRAS*# Step:           1  Bead:      2  
{"friction": [[0.0001333421958542713, -2.721058277411568e-05, -2.7110687558216453e-05], [-2.721058277411568e-05, 0.00013357972977769557, -2.7127363461520503e-05], [-2.7110687558216453e-05, -2.7127363461520503e-05, 0.00013331183750996584]]}
 #*EXTRAS*# Step:           2  Bead:      2  
{"friction": [[0.00013531490655029104, -1.7731381075050537e-05, -1.7286276380385558e-05], [-1.7731381075050537e-05, 0.00013544307036614567, -1.7593172998998247e-05], [-1.7286276380385558e-05, -1.7593172998998247e-05, 0.0001357309253988662]]}
 #*EXTRAS*# Step:           3  Bead:      2  
{"friction": [[0.0001347357222289454, -2.0969690891298787e-05, -2.0633871563717828e-05], [-2.0969690891298787e-05, 0.00013490587286603701, -2.084090341880157e-05], [-2.0633871563717828e-05, -2.084090341880157e-05, 0.00013500801100379162]]}
 #*EXTRAS*# Step:           4  Bead:      2  
{"friction": [[0.00013504485961717802, -1.9271988745538337e-05, -1.887488096892055e-05], [-1.9271988745538337e-05, 0.00013519293339583072, -1.913702867957289e-05], [-1.887488096892055e-05, -1.913702867957289e-05, 0.00013539448378420538]]}
 #*EXTRAS*# Step:           5  Bead:      2  
{"friction": [[0.00013503912983159528, -1.9304193527458456e-05, -1.890817541314613e-05], [-1.9304193527458456e-05, 0.0001351876231709267, -1.9169325269716634e-05], [-1.890817541314613e-05, -1.9169325269716634e-05, 0.0001353873250454647]]}
 #*EXTRAS*# Step:           6  Bead:      2  
{"friction": [[0.00013506393885172595, -1.9164581595844938e-05, -1.876386305372332e-05], [-1.9164581595844938e-05, 0.00013521061382802799, -1.902932241492807e-05], [-1.876386305372332e-05, -1.902932241492807e-05, 0.00013541831724196514]]}
 #*EXTRAS*# Step:           7  Bead:      2  
{"friction": [[0.00013506842913240275, -1.9139265931955758e-05, -1.8737701640547414e-05], [-1.9139265931955758e-05, 0.000135214774536433, -1.9003937836132406e-05], [-1.8737701640547414e-05, -1.9003937836132406e-05, 0.00013542392548549084]]}
 #*EXTRAS*# Step:           8  Bead:      2  
{"friction": [[0.0001350719710107683, -1.911928733224865e-05, -1.8717057035135313e-05], [-1.911928733224865e-05, 0.00013521805635962274, -1.8983905277351872e-05], [-1.8717057035135313e-05, -1.8983905277351872e-05, 0.00013542834893299835]]}
