 #*EXTRAS*# Step:           0  Bead:      5  
     0.00012329          -0.00004270          -0.00004239
    -0.00004270           0.00012336          -0.00004279
    -0.00004239          -0.00004279           0.00012310
 #*EXTRAS*# Step:           1  Bead:      5  
     0.00012524          -0.00004112          -0.00004057
    -0.00004112           0.00012530          -0.00004122
    -0.00004057          -0.00004122           0.00012494
 #*EXTRAS*# Step:           2  Bead:      5  
     0.00012869          -0.00003713          -0.00003678
    -0.00003713           0.00012884          -0.00003717
    -0.00003678          -0.00003717           0.00012834
 #*EXTRAS*# Step:           3  Bead:      5  
     0.00012881          -0.00003696          -0.00003663
    -0.00003696           0.00012896          -0.00003701
    -0.00003663          -0.00003701           0.00012846
 #*EXTRAS*# Step:           4  Bead:      5  
     0.00012960          -0.00003580          -0.00003555
    -0.00003580           0.00012978          -0.00003582
    -0.00003555          -0.00003582           0.00012926
 #*EXTRAS*# Step:           5  Bead:      5  
     0.00012966          -0.00003569          -0.00003545
    -0.00003569           0.00012985          -0.00003572
    -0.00003545          -0.00003572           0.00012933
 #*EXTRAS*# Step:           6  Bead:      5  
     0.00012976          -0.00003554          -0.00003531
    -0.00003554           0.00012995          -0.00003557
    -0.00003531          -0.00003557           0.00012943
 #*EXTRAS*# Step:           7  Bead:      5  
     0.00012979          -0.00003550          -0.00003527
    -0.00003550           0.00012997          -0.00003552
    -0.00003527          -0.00003552           0.00012946
 #*EXTRAS*# Step:           8  Bead:      5  
     0.00012980          -0.00003548          -0.00003525
    -0.00003548           0.00012999          -0.00003550
    -0.00003525          -0.00003550           0.00012947
