 #*EXTRAS*# Step:           0  Bead:      9  
     0.00011023          -0.00004172          -0.00004180
    -0.00004172           0.00011025          -0.00004177
    -0.00004180          -0.00004177           0.00011031
 #*EXTRAS*# Step:           1  Bead:      9  
     0.00010885          -0.00004070          -0.00004074
    -0.00004070           0.00010887          -0.00004071
    -0.00004074          -0.00004071           0.00010891
 #*EXTRAS*# Step:           2  Bead:      9  
     0.00010821          -0.00004017          -0.00004019
    -0.00004017           0.00010821          -0.00004018
    -0.00004019          -0.00004018           0.00010824
 #*EXTRAS*# Step:           3  Bead:      9  
     0.00010994          -0.00004152          -0.00004159
    -0.00004152           0.00010996          -0.00004156
    -0.00004159          -0.00004156           0.00011002
 #*EXTRAS*# Step:           4  Bead:      9  
     0.00011023          -0.00004172          -0.00004180
    -0.00004172           0.00011026          -0.00004177
    -0.00004180          -0.00004177           0.00011031
 #*EXTRAS*# Step:           5  Bead:      9  
     0.00011043          -0.00004186          -0.00004194
    -0.00004186           0.00011046          -0.00004191
    -0.00004194          -0.00004191           0.00011051
 #*EXTRAS*# Step:           6  Bead:      9  
     0.00011051          -0.00004191          -0.00004199
    -0.00004191           0.00011053          -0.00004196
    -0.00004199          -0.00004196           0.00011059
 #*EXTRAS*# Step:           7  Bead:      9  
     0.00011054          -0.00004193          -0.00004201
    -0.00004193           0.00011057          -0.00004199
    -0.00004201          -0.00004199           0.00011062
 #*EXTRAS*# Step:           8  Bead:      9  
     0.00011056          -0.00004194          -0.00004202
    -0.00004194           0.00011058          -0.00004200
    -0.00004202          -0.00004200           0.00011064
