 #*EXTRAS*# Step:           0  Bead:     10  
     0.00010769          -0.00003973          -0.00003972
    -0.00003973           0.00010769          -0.00003973
    -0.00003972          -0.00003973           0.00010770
 #*EXTRAS*# Step:           1  Bead:     10  
     0.00010577          -0.00003785          -0.00003780
    -0.00003785           0.00010577          -0.00003793
    -0.00003780          -0.00003793           0.00010561
 #*EXTRAS*# Step:           2  Bead:     10  
     0.00010449          -0.00003638          -0.00003631
    -0.00003638           0.00010449          -0.00003652
    -0.00003631          -0.00003652           0.00010419
 #*EXTRAS*# Step:           3  Bead:     10  
     0.00010621          -0.00003832          -0.00003827
    -0.00003832           0.00010621          -0.00003837
    -0.00003827          -0.00003837           0.00010610
 #*EXTRAS*# Step:           4  Bead:     10  
     0.00010636          -0.00003846          -0.00003842
    -0.00003846           0.00010635          -0.00003851
    -0.00003842          -0.00003851           0.00010626
 #*EXTRAS*# Step:           5  Bead:     10  
     0.00010656          -0.00003867          -0.00003863
    -0.00003867           0.00010656          -0.00003870
    -0.00003863          -0.00003870           0.00010648
 #*EXTRAS*# Step:           6  Bead:     10  
     0.00010662          -0.00003873          -0.00003869
    -0.00003873           0.00010662          -0.00003876
    -0.00003869          -0.00003876           0.00010654
 #*EXTRAS*# Step:           7  Bead:     10  
     0.00010665          -0.00003876          -0.00003872
    -0.00003876           0.00010665          -0.00003879
    -0.00003872          -0.00003879           0.00010658
 #*EXTRAS*# Step:           8  Bead:     10  
     0.00010667          -0.00003877          -0.00003873
    -0.00003877           0.00010666          -0.00003880
    -0.00003873          -0.00003880           0.00010659
