 #*EXTRAS*# Step:           0  Bead:      3  
{"friction": [[0.0001286764741586319, -3.714973769009648e-05, -3.679697296268993e-05], [-3.714973769009648e-05, 0.0001288266109833087, -3.7198122442431674e-05], [-3.679697296268993e-05, -3.7198122442431674e-05, 0.00012832661431276367]]}
 #*EXTRAS*# Step:           1  Bead:      3  
{"friction": [[0.00013191977533222, -3.13970076878384e-05, -3.1349103889760666e-05], [-3.13970076878384e-05, 0.00013216432768522565, -3.136275911216881e-05], [-3.1349103889760666e-05, -3.136275911216881e-05, 0.00013170498747656282]]}
 #*EXTRAS*# Step:           2  Bead:      3  
{"friction": [[0.00013433977145286933, -2.29948709154431e-05, -2.2738932745629637e-05], [-2.29948709154431e-05, 0.00013453534014958122, -2.2876981505907903e-05], [-2.2738932745629637e-05, -2.2876981505907903e-05, 0.00013451548097735057]]}
 #*EXTRAS*# Step:           3  Bead:      3  
{"friction": [[0.00013384743571721785, -2.523414830719826e-05, -2.5066497021623274e-05], [-2.523414830719826e-05, 0.00013406797008689572, -2.5132707681851815e-05], [-2.5066497021623274e-05, -2.5132707681851815e-05, 0.0001339134312752118]]}
 #*EXTRAS*# Step:           4  Bead:      3  
{"friction": [[0.0001342103213001641, -2.3614516675869967e-05, -2.3383471561309267e-05], [-2.3614516675869967e-05, 0.00013441323289915791, -2.350072184567294e-05], [-2.3383471561309267e-05, -2.350072184567294e-05, 0.00013435584182325486]]}
 #*EXTRAS*# Step:           5  Bead:      3  
{"friction": [[0.00013421150627610878, -2.360894385672489e-05, -2.3377675400495666e-05], [-2.360894385672489e-05, 0.0001344143530812138, -2.349511062997733e-05], [-2.3377675400495666e-05, -2.349511062997733e-05, 0.0001343572991992221]]}
 #*EXTRAS*# Step:           6  Bead:      3  
{"friction": [[0.0001342434454434474, -2.3458042730717532e-05, -2.3220720987423197e-05], [-2.3458042730717532e-05, 0.0001344445287256725, -2.3343180621906002e-05], [-2.3220720987423197e-05, -2.3343180621906002e-05, 0.00013439660884210155]]}
 #*EXTRAS*# Step:           7  Bead:      3  
{"friction": [[0.00013425017478119327, -2.342607843833155e-05, -2.318747327526734e-05], [-2.342607843833155e-05, 0.00013445088231866728, -2.331100107022074e-05], [-2.318747327526734e-05, -2.331100107022074e-05, 0.00013440489797196685]]}
 #*EXTRAS*# Step:           8  Bead:      3  
{"friction": [[0.00013425492671827313, -2.340347107654896e-05, -2.3163957982854646e-05], [-2.340347107654896e-05, 0.0001344553680509689, -2.3288242028624953e-05], [-2.3163957982854646e-05, -2.3288242028624953e-05, 0.00013441075278418816]]}
