 #*EXTRAS*# Step:           0  Bead:     12  
     0.00010410          -0.00003588          -0.00003581
    -0.00003588           0.00010410          -0.00003604
    -0.00003581          -0.00003604           0.00010377
 #*EXTRAS*# Step:           1  Bead:     12  
     0.00010201          -0.00003262          -0.00003262
    -0.00003262           0.00010193          -0.00003278
    -0.00003262          -0.00003278           0.00010160
 #*EXTRAS*# Step:           2  Bead:     12  
     0.00010043          -0.00002954          -0.00002957
    -0.00002954           0.00010030          -0.00002953
    -0.00002957          -0.00002953           0.00010026
 #*EXTRAS*# Step:           3  Bead:     12  
     0.00010169          -0.00003203          -0.00003204
    -0.00003203           0.00010159          -0.00003216
    -0.00003204          -0.00003216           0.00010130
 #*EXTRAS*# Step:           4  Bead:     12  
     0.00010164          -0.00003194          -0.00003195
    -0.00003194           0.00010154          -0.00003207
    -0.00003195          -0.00003207           0.00010126
 #*EXTRAS*# Step:           5  Bead:     12  
     0.00010178          -0.00003220          -0.00003221
    -0.00003220           0.00010169          -0.00003235
    -0.00003221          -0.00003235           0.00010139
 #*EXTRAS*# Step:           6  Bead:     12  
     0.00010181          -0.00003225          -0.00003225
    -0.00003225           0.00010172          -0.00003239
    -0.00003225          -0.00003239           0.00010141
 #*EXTRAS*# Step:           7  Bead:     12  
     0.00010183          -0.00003228          -0.00003229
    -0.00003228           0.00010174          -0.00003243
    -0.00003229          -0.00003243           0.00010143
 #*EXTRAS*# Step:           8  Bead:     12  
     0.00010183          -0.00003229          -0.00003230
    -0.00003229           0.00010174          -0.00003244
    -0.00003230          -0.00003244           0.00010143
