 #*EXTRAS*# Step:           0  Bead:      1  
     0.00013155          -0.00003225          -0.00003218
    -0.00003225           0.00013179          -0.00003222
    -0.00003218          -0.00003222           0.00013130
 #*EXTRAS*# Step:           1  Bead:      1  
     0.00013405          -0.00002436          -0.00002416
    -0.00002436           0.00013426          -0.00002425
    -0.00002416          -0.00002425           0.00013416
 #*EXTRAS*# Step:           2  Bead:      1  
     0.00013592          -0.00001423          -0.00001372
    -0.00001423           0.00013600          -0.00001410
    -0.00001372          -0.00001410           0.00013647
 #*EXTRAS*# Step:           3  Bead:      1  
     0.00013525          -0.00001812          -0.00001769
    -0.00001812           0.00013538          -0.00001799
    -0.00001769          -0.00001799           0.00013565
 #*EXTRAS*# Step:           4  Bead:      1  
     0.00013555          -0.00001640          -0.00001592
    -0.00001640           0.00013566          -0.00001626
    -0.00001592          -0.00001626           0.00013602
 #*EXTRAS*# Step:           5  Bead:      1  
     0.00013554          -0.00001645          -0.00001598
    -0.00001645           0.00013565          -0.00001631
    -0.00001598          -0.00001631           0.00013600
 #*EXTRAS*# Step:           6  Bead:      1  
     0.00013556          -0.00001632          -0.00001584
    -0.00001632           0.00013567          -0.00001618
    -0.00001584          -0.00001618           0.00013603
 #*EXTRAS*# Step:           7  Bead:      1  
     0.00013556          -0.00001630          -0.00001582
    -0.00001630           0.00013567          -0.00001616
    -0.00001582          -0.00001616           0.00013603
 #*EXTRAS*# Step:           8  Bead:      1  
     0.00013556          -0.00001629          -0.00001580
    -0.00001629           0.00013567          -0.00001615
    -0.00001580          -0.00001615           0.00013604
