 #*EXTRAS*# Step:           0  Bead:      3  
     0.00012868          -0.00003715          -0.00003680
    -0.00003715           0.00012883          -0.00003720
    -0.00003680          -0.00003720           0.00012833
 #*EXTRAS*# Step:           1  Bead:      3  
     0.00013192          -0.00003140          -0.00003135
    -0.00003140           0.00013216          -0.00003136
    -0.00003135          -0.00003136           0.00013170
 #*EXTRAS*# Step:           2  Bead:      3  
     0.00013434          -0.00002299          -0.00002274
    -0.00002299           0.00013454          -0.00002288
    -0.00002274          -0.00002288           0.00013452
 #*EXTRAS*# Step:           3  Bead:      3  
     0.00013385          -0.00002523          -0.00002507
    -0.00002523           0.00013407          -0.00002513
    -0.00002507          -0.00002513           0.00013391
 #*EXTRAS*# Step:           4  Bead:      3  
     0.00013421          -0.00002361          -0.00002338
    -0.00002361           0.00013441          -0.00002350
    -0.00002338          -0.00002350           0.00013436
 #*EXTRAS*# Step:           5  Bead:      3  
     0.00013421          -0.00002361          -0.00002338
    -0.00002361           0.00013441          -0.00002350
    -0.00002338          -0.00002350           0.00013436
 #*EXTRAS*# Step:           6  Bead:      3  
     0.00013424          -0.00002346          -0.00002322
    -0.00002346           0.00013444          -0.00002334
    -0.00002322          -0.00002334           0.00013440
 #*EXTRAS*# Step:           7  Bead:      3  
     0.00013425          -0.00002343          -0.00002319
    -0.00002343           0.00013445          -0.00002331
    -0.00002319          -0.00002331           0.00013440
 #*EXTRAS*# Step:           8  Bead:      3  
     0.00013425          -0.00002340          -0.00002316
    -0.00002340           0.00013446          -0.00002329
    -0.00002316          -0.00002329           0.00013441
