 #*EXTRAS*# Step:           0  Bead:     13  
     0.00010310          -0.00003446          -0.00003442
    -0.00003446           0.00010308          -0.00003466
    -0.00003442          -0.00003466           0.00010270
 #*EXTRAS*# Step:           1  Bead:     13  
     0.00010106          -0.00003079          -0.00003082
    -0.00003079           0.00010093          -0.00003087
    -0.00003082          -0.00003087           0.00010075
 #*EXTRAS*# Step:           2  Bead:     13  
     0.00009923          -0.00002720          -0.00002715
    -0.00002720           0.00009921          -0.00002704
    -0.00002715          -0.00002704           0.00009946
 #*EXTRAS*# Step:           3  Bead:     13  
     0.00010054          -0.00002977          -0.00002980
    -0.00002977           0.00010042          -0.00002978
    -0.00002980          -0.00002978           0.00010034
 #*EXTRAS*# Step:           4  Bead:     13  
     0.00010045          -0.00002958          -0.00002961
    -0.00002958           0.00010033          -0.00002958
    -0.00002961          -0.00002958           0.00010027
 #*EXTRAS*# Step:           5  Bead:     13  
     0.00010058          -0.00002985          -0.00002989
    -0.00002985           0.00010046          -0.00002987
    -0.00002989          -0.00002987           0.00010037
 #*EXTRAS*# Step:           6  Bead:     13  
     0.00010060          -0.00002989          -0.00002992
    -0.00002989           0.00010048          -0.00002991
    -0.00002992          -0.00002991           0.00010039
 #*EXTRAS*# Step:           7  Bead:     13  
     0.00010062          -0.00002992          -0.00002996
    -0.00002992           0.00010049          -0.00002995
    -0.00002996          -0.00002995           0.00010040
 #*EXTRAS*# Step:           8  Bead:     13  
     0.00010063          -0.00002993          -0.00002997
    -0.00002993           0.00010050          -0.00002996
    -0.00002997          -0.00002996           0.00010041
