 #*EXTRAS*# Step:           0  Bead:      0  
     0.00013194          -0.00003135          -0.00003130
    -0.00003135           0.00013218          -0.00003131
    -0.00003130          -0.00003131           0.00013173
 #*EXTRAS*# Step:           1  Bead:      0  
     0.00013433          -0.00002303          -0.00002278
    -0.00002303           0.00013453          -0.00002291
    -0.00002278          -0.00002291           0.00013451
 #*EXTRAS*# Step:           2  Bead:      0  
     0.00013622          -0.00001252          -0.00001199
    -0.00001252           0.00013629          -0.00001239
    -0.00001199          -0.00001239           0.00013683
 #*EXTRAS*# Step:           3  Bead:      0  
     0.00013549          -0.00001671          -0.00001624
    -0.00001671           0.00013561          -0.00001658
    -0.00001624          -0.00001658           0.00013595
 #*EXTRAS*# Step:           4  Bead:      0  
     0.00013579          -0.00001498          -0.00001447
    -0.00001498           0.00013588          -0.00001484
    -0.00001447          -0.00001484           0.00013631
 #*EXTRAS*# Step:           5  Bead:      0  
     0.00013578          -0.00001505          -0.00001454
    -0.00001505           0.00013587          -0.00001491
    -0.00001454          -0.00001491           0.00013630
 #*EXTRAS*# Step:           6  Bead:      0  
     0.00013580          -0.00001492          -0.00001441
    -0.00001492           0.00013589          -0.00001478
    -0.00001441          -0.00001478           0.00013632
 #*EXTRAS*# Step:           7  Bead:      0  
     0.00013580          -0.00001490          -0.00001440
    -0.00001490           0.00013590          -0.00001477
    -0.00001440          -0.00001477           0.00013633
 #*EXTRAS*# Step:           8  Bead:      0  
     0.00013580          -0.00001489          -0.00001438
    -0.00001489           0.00013590          -0.00001475
    -0.00001438          -0.00001475           0.00013633
