 #*EXTRAS*# Step:           0  Bead:      5  
{"friction": [[0.00012328931016894538, -4.269780502417281e-05, -4.239371038048879e-05], [-4.269780502417281e-05, 0.00012335820237912475, -4.278771985526015e-05], [-4.239371038048879e-05, -4.278771985526015e-05, 0.00012309535072690375]]}
 #*EXTRAS*# Step:           1  Bead:      5  
{"friction": [[0.00012524174352568902, -4.112217748095818e-05, -4.057345154621127e-05], [-4.112217748095818e-05, 0.00012530328643784738, -4.122062361627243e-05], [-4.057345154621127e-05, -4.122062361627243e-05, 0.0001249413281591193]]}
 #*EXTRAS*# Step:           2  Bead:      5  
{"friction": [[0.00012869361339990943, -3.712591209730373e-05, -3.6775021785806604e-05], [-3.712591209730373e-05, 0.0001288443427447816, -3.717394569400575e-05], [-3.6775021785806604e-05, -3.717394569400575e-05, 0.00012834391438783729]]}
 #*EXTRAS*# Step:           3  Bead:      5  
{"friction": [[0.00012880940349611984, -3.696369827082483e-05, -3.662555173834946e-05], [-3.696369827082483e-05, 0.00012896414364333724, -3.70093371328214e-05], [-3.662555173834946e-05, -3.70093371328214e-05, 0.00012846090510532763]]}
 #*EXTRAS*# Step:           4  Bead:      5  
{"friction": [[0.000129598168644794, -3.579587980885944e-05, -3.5546594890148564e-05], [-3.579587980885944e-05, 0.0001297802328293621, -3.5824175283994236e-05], [-3.5546594890148564e-05, -3.5824175283994236e-05, 0.0001292634388336609]]}
 #*EXTRAS*# Step:           5  Bead:      5  
{"friction": [[0.0001296648498303819, -3.569165958659948e-05, -3.5449902784487e-05], [-3.569165958659948e-05, 0.00012984919207512823, -3.5718406362556186e-05], [-3.5449902784487e-05, -3.5718406362556186e-05, 0.00012933176199810443]]}
 #*EXTRAS*# Step:           6  Bead:      5  
{"friction": [[0.00012975945919063456, -3.5542172287482884e-05, -3.5311059497915575e-05], [-3.5542172287482884e-05, 0.00012994701604101812, -3.5566699393191735e-05], [-3.5311059497915575e-05, -3.5566699393191735e-05, 0.00012942883887239875]]}
 #*EXTRAS*# Step:           7  Bead:      5  
{"friction": [[0.00012978590640224725, -3.550003819371587e-05, -3.527189120738363e-05], [-3.550003819371587e-05, 0.00012997435777114185, -3.5523940106106974e-05], [-3.527189120738363e-05, -3.5523940106106974e-05, 0.0001294560052654466]]}
 #*EXTRAS*# Step:           8  Bead:      5  
{"friction": [[0.0001298013813935833, -3.547531313262659e-05, -3.5248899288938976e-05], [-3.547531313262659e-05, 0.00012999035527845652, -3.549884827080739e-05], [-3.5248899288938976e-05, -3.549884827080739e-05, 0.00012947190710448135]]}
