 #*EXTRAS*# Step:           0  Bead:      6  
{"friction": [[0.00012028748904337296, -4.4090190695074945e-05, -4.407165498061319e-05], [-4.4090190695074945e-05, 0.00012019515217934021, -4.396133059277882e-05], [-4.407165498061319e-05, -4.396133059277882e-05, 0.00012024878352738596]]}
 #*EXTRAS*# Step:           1  Bead:      6  
{"friction": [[0.00012145407206483506, -4.36594650306861e-05, -4.3632636413704307e-05], [-4.36594650306861e-05, 0.00012147494648405821, -4.36515025590799e-05], [-4.3632636413704307e-05, -4.36515025590799e-05, 0.00012137143681311038]]}
 #*EXTRAS*# Step:           2  Bead:      6  
{"friction": [[0.0001235448745571419, -4.2524887299287357e-05, -4.2174609255368744e-05], [-4.2524887299287357e-05, 0.00012361235660101615, -4.26198549194068e-05], [-4.2174609255368744e-05, -4.26198549194068e-05, 0.00012333442605315625]]}
 #*EXTRAS*# Step:           3  Bead:      6  
{"friction": [[0.00012421148542347664, -4.2024759833114514e-05, -4.1568199107195194e-05], [-4.2024759833114514e-05, 0.0001242735613923723, -4.21260067308781e-05], [-4.1568199107195194e-05, -4.21260067308781e-05, 0.00012396068828996064]]}
 #*EXTRAS*# Step:           4  Bead:      6  
{"friction": [[0.0001248686064523669, -4.1465830720107914e-05, -4.0938297559525664e-05], [-4.1465830720107914e-05, 0.00012492829878418794, -4.156642492842184e-05], [-4.0938297559525664e-05, -4.156642492842184e-05, 0.0001245840371275614]]}
 #*EXTRAS*# Step:           5  Bead:      6  
{"friction": [[0.00012497632652204392, -4.136846768549615e-05, -4.083334364254299e-05], [-4.136846768549615e-05, 0.00012503627748784233, -4.146854001333588e-05], [-4.083334364254299e-05, -4.146854001333588e-05, 0.00012468692478294943]]}
 #*EXTRAS*# Step:           6  Bead:      6  
{"friction": [[0.00012507489479930057, -4.127805107825864e-05, -4.0737051840557874e-05], [-4.127805107825864e-05, 0.00012513528198639266, -4.137757347499097e-05], [-4.0737051840557874e-05, -4.137757347499097e-05, 0.00012478125670705895]]}
 #*EXTRAS*# Step:           7  Bead:      6  
{"friction": [[0.0001251064567061992, -4.1248835732025334e-05, -4.070616621868756e-05], [-4.1248835732025334e-05, 0.00012516702329372418, -4.134816828432282e-05], [-4.070616621868756e-05, -4.134816828432282e-05, 0.00012481149913710996]]}
 #*EXTRAS*# Step:           8  Bead:      6  
{"friction": [[0.0001251235824522183, -4.1232930136881925e-05, -4.0689395966985576e-05], [-4.1232930136881925e-05, 0.00012518425421827227, -4.133215694720476e-05], [-4.0689395966985576e-05, -4.133215694720476e-05, 0.00012482791632483918]]}
