 #*EXTRAS*# Step:           0  Bead:     10  
{"friction": [[0.00010769201875396802, -3.972555413098312e-05, -3.9719950576865164e-05], [-3.972555413098312e-05, 0.00010769006591528216, -3.9728539753675745e-05], [-3.9719950576865164e-05, -3.9728539753675745e-05, 0.00010769920684122335]]}
 #*EXTRAS*# Step:           1  Bead:     10  
{"friction": [[0.0001057721423295425, -3.78545515320464e-05, -3.7796997696729915e-05], [-3.78545515320464e-05, 0.00010576991461882027, -3.79261815546144e-05], [-3.7796997696729915e-05, -3.79261815546144e-05, 0.00010560881423484789]]}
 #*EXTRAS*# Step:           2  Bead:     10  
{"friction": [[0.00010449000500139373, -3.637523863065668e-05, -3.630630183780285e-05], [-3.637523863065668e-05, 0.00010448927880300736, -3.6519355057688e-05], [-3.630630183780285e-05, -3.6519355057688e-05, 0.00010419237666424612]]}
 #*EXTRAS*# Step:           3  Bead:     10  
{"friction": [[0.00010621385722659852, -3.831740356874446e-05, -3.826857923142562e-05], [-3.831740356874446e-05, 0.00010621004126137114, -3.836621588831704e-05], [-3.826857923142562e-05, -3.836621588831704e-05, 0.00010609571529716862]]}
 #*EXTRAS*# Step:           4  Bead:     10  
{"friction": [[0.00010635891569301347, -3.846486442209238e-05, -3.841936481057238e-05], [-3.846486442209238e-05, 0.00010635466720509825, -3.8506838671620094e-05], [-3.841936481057238e-05, -3.8506838671620094e-05, 0.00010625508805064093]]}
 #*EXTRAS*# Step:           5  Bead:     10  
{"friction": [[0.00010656184168632478, -3.8667565200767354e-05, -3.8627075492118905e-05], [-3.8667565200767354e-05, 0.00010655712630285816, -3.870064797296415e-05], [-3.8627075492118905e-05, -3.870064797296415e-05, 0.00010647747652884425]]}
 #*EXTRAS*# Step:           6  Bead:     10  
{"friction": [[0.00010662167027733569, -3.872654749032652e-05, -3.868761255457008e-05], [-3.872654749032652e-05, 0.00010661685513516313, -3.875717362387767e-05], [-3.868761255457008e-05, -3.875717362387767e-05, 0.00010654290390950731]]}
 #*EXTRAS*# Step:           7  Bead:     10  
{"friction": [[0.0001066541268558249, -3.875839874917558e-05, -3.87203217864592e-05], [-3.875839874917558e-05, 0.00010664926578572724, -3.8787725586677235e-05], [-3.87203217864592e-05, -3.8787725586677235e-05, 0.0001065783693082501]]}
 #*EXTRAS*# Step:           8  Bead:     10  
{"friction": [[0.00010666715605311408, -3.877115618343743e-05, -3.873342649438059e-05], [-3.877115618343743e-05, 0.00010666227823436151, -3.8799968190310435e-05], [-3.873342649438059e-05, -3.8799968190310435e-05, 0.00010659260057903704]]}
