 #*EXTRAS*# Step:           0  Bead:      7  
     0.00011665          -0.00004461          -0.00004432
    -0.00004461           0.00011623          -0.00004421
    -0.00004432          -0.00004421           0.00011666
 #*EXTRAS*# Step:           1  Bead:      7  
     0.00011691          -0.00004462          -0.00004434
    -0.00004462           0.00011649          -0.00004422
    -0.00004434          -0.00004422           0.00011692
 #*EXTRAS*# Step:           2  Bead:      7  
     0.00011833          -0.00004455          -0.00004437
    -0.00004455           0.00011801          -0.00004422
    -0.00004437          -0.00004422           0.00011833
 #*EXTRAS*# Step:           3  Bead:      7  
     0.00011968          -0.00004427          -0.00004421
    -0.00004427           0.00011951          -0.00004407
    -0.00004421          -0.00004407           0.00011965
 #*EXTRAS*# Step:           4  Bead:      7  
     0.00012029          -0.00004409          -0.00004407
    -0.00004409           0.00012020          -0.00004396
    -0.00004407          -0.00004396           0.00012025
 #*EXTRAS*# Step:           5  Bead:      7  
     0.00012045          -0.00004404          -0.00004402
    -0.00004404           0.00012038          -0.00004393
    -0.00004402          -0.00004393           0.00012041
 #*EXTRAS*# Step:           6  Bead:      7  
     0.00012055          -0.00004400          -0.00004399
    -0.00004400           0.00012049          -0.00004390
    -0.00004399          -0.00004390           0.00012050
 #*EXTRAS*# Step:           7  Bead:      7  
     0.00012059          -0.00004399          -0.00004398
    -0.00004399           0.00012053          -0.00004389
    -0.00004398          -0.00004389           0.00012054
 #*EXTRAS*# Step:           8  Bead:      7  
     0.00012060          -0.00004398          -0.00004398
    -0.00004398           0.00012055          -0.00004389
    -0.00004398          -0.00004389           0.00012056
