 #*EXTRAS*# Step:           0  Bead:      1  
{"friction": [[0.00013154835182754853, -3.2245612347009654e-05, -3.218171211344349e-05], [-3.2245612347009654e-05, 0.00013178701661774967, -3.222276035226155e-05], [-3.218171211344349e-05, -3.222276035226155e-05, 0.00013130290733224788]]}
 #*EXTRAS*# Step:           1  Bead:      1  
{"friction": [[0.00013404800539914356, -2.436037887371007e-05, -2.415899864701066e-05], [-2.436037887371007e-05, 0.00013425935339702558, -2.4251978728149912e-05], [-2.415899864701066e-05, -2.4251978728149912e-05, 0.00013415696335680426]]}
 #*EXTRAS*# Step:           2  Bead:      1  
{"friction": [[0.00013591755732220224, -1.4234991320132281e-05, -1.371873807356159e-05], [-1.4234991320132281e-05, 0.00013600355259382716, -1.4097704601413974e-05], [-1.371873807356159e-05, -1.4097704601413974e-05, 0.0001364677476022238]]}
 #*EXTRAS*# Step:           3  Bead:      1  
{"friction": [[0.00013524657105314206, -1.812481719770889e-05, -1.7691148695722927e-05], [-1.812481719770889e-05, 0.00013537977721473854, -1.7987225520532583e-05], [-1.7691148695722927e-05, -1.7987225520532583e-05, 0.00013564601497308176]]}
 #*EXTRAS*# Step:           4  Bead:      1  
{"friction": [[0.0001355450056975202, -1.6396530953391097e-05, -1.591741415317564e-05], [-1.6396530953391097e-05, 0.00013565641809378282, -1.625731938638031e-05], [-1.591741415317564e-05, -1.625731938638031e-05, 0.0001360151427437123]]}
 #*EXTRAS*# Step:           5  Bead:      1  
{"friction": [[0.0001355352813789965, -1.6453118447610952e-05, -1.5975283472627247e-05], [-1.6453118447610952e-05, 0.0001356473903732143, -1.6313915356692954e-05], [-1.5975283472627247e-05, -1.6313915356692954e-05, 0.00013600319345187937]]}
 #*EXTRAS*# Step:           6  Bead:      1  
{"friction": [[0.0001355575350584718, -1.6323612614509698e-05, -1.5842865982210645e-05], [-1.6323612614509698e-05, 0.00013566805183654317, -1.618439456637294e-05], [-1.5842865982210645e-05, -1.618439456637294e-05, 0.00013603052986069702]]}
 #*EXTRAS*# Step:           7  Bead:      1  
{"friction": [[0.0001355610358521006, -1.6303237443329304e-05, -1.582203982961405e-05], [-1.6303237443329304e-05, 0.00013567130278302, -1.6164018478018974e-05], [-1.582203982961405e-05, -1.6164018478018974e-05, 0.00013603482729681386]]}
 #*EXTRAS*# Step:           8  Bead:      1  
{"friction": [[0.0001355641025040489, -1.628538867452416e-05, -1.580379759533389e-05], [-1.628538867452416e-05, 0.00013567415071609625, -1.614616922652582e-05], [-1.580379759533389e-05, -1.614616922652582e-05, 0.00013603859113422458]]}
