 #*EXTRAS*# Step:           0  Bead:      7  
{"friction": [[0.00011665083949596382, -4.4607528816683966e-05, -4.431825914901668e-05], [-4.4607528816683966e-05, 0.0001162267076263409, -4.4207173972077276e-05], [-4.431825914901668e-05, -4.4207173972077276e-05, 0.00011666327977368902]]}
 #*EXTRAS*# Step:           1  Bead:      7  
{"friction": [[0.00011690567754713395, -4.462486812304193e-05, -4.4341095634371984e-05], [-4.462486812304193e-05, 0.0001164850838147236, -4.422278371703446e-05], [-4.4341095634371984e-05, -4.422278371703446e-05, 0.00011691588812359782]]}
 #*EXTRAS*# Step:           2  Bead:      7  
{"friction": [[0.00011832949096438044, -4.45529575046454e-05, -4.436843069541386e-05], [-4.45529575046454e-05, 0.00011800532179359694, -4.4217590435120216e-05], [-4.436843069541386e-05, -4.4217590435120216e-05, 0.00011832635331643656]]}
 #*EXTRAS*# Step:           3  Bead:      7  
{"friction": [[0.0001196784855374387, -4.427195657573872e-05, -4.421352131142412e-05], [-4.427195657573872e-05, 0.0001195120146170067, -4.407322522886284e-05], [-4.421352131142412e-05, -4.407322522886284e-05, 0.0001196545377292183]]}
 #*EXTRAS*# Step:           4  Bead:      7  
{"friction": [[0.0001202933229784124, -4.408830014675597e-05, -4.407004140621317e-05], [-4.408830014675597e-05, 0.00012020167125612617, -4.396010658379329e-05], [-4.407004140621317e-05, -4.396010658379329e-05, 0.00012025445391588654]]}
 #*EXTRAS*# Step:           5  Bead:      7  
{"friction": [[0.00012045040626937716, -4.403636580288439e-05, -4.4024636311831246e-05], [-4.403636580288439e-05, 0.00012037691640357787, -4.392601393703019e-05], [-4.4024636311831246e-05, -4.392601393703019e-05, 0.00012040695455346231]]}
 #*EXTRAS*# Step:           6  Bead:      7  
{"friction": [[0.00012055080215192555, -4.400214417375305e-05, -4.3993583037086455e-05], [-4.400214417375305e-05, 0.00012048859101988257, -4.390305739800719e-05], [-4.3993583037086455e-05, -4.390305739800719e-05, 0.0001205042327488948]]}
 #*EXTRAS*# Step:           7  Bead:      7  
{"friction": [[0.00012058673645645107, -4.398970261248895e-05, -4.398207052982151e-05], [-4.398970261248895e-05, 0.00012052849124395085, -4.389461491524374e-05], [-4.398207052982151e-05, -4.389461491524374e-05, 0.0001205390136251474]]}
 #*EXTRAS*# Step:           8  Bead:      7  
{"friction": [[0.00012060477353813617, -4.398341954849152e-05, -4.397621148730388e-05], [-4.398341954849152e-05, 0.00012054850395012206, -4.3890331880578624e-05], [-4.397621148730388e-05, -4.3890331880578624e-05, 0.00012055646410073887]]}
