 #*EXTRAS*# Step:           0  Bead:     15  
{"friction": [[0.00010230241023370649, -3.314250126533514e-05, -3.3126410324985165e-05], [-3.314250126533514e-05, 0.00010223847872837513, -3.331935139787916e-05], [-3.3126410324985165e-05, -3.331935139787916e-05, 0.00010188032678501224]]}
 #*EXTRAS*# Step:           1  Bead:     15  
{"friction": [[0.00010018186664153547, -2.905119740158293e-05, -2.907382683122514e-05], [-2.905119740158293e-05, 0.00010006841254719833, -2.9018404051194462e-05], [-2.907382683122514e-05, -2.9018404051194462e-05, 0.0001000796950585405]]}
 #*EXTRAS*# Step:           2  Bead:     15  
{"friction": [[9.812930691293408e-05, -2.486433241599585e-05, -2.4661652939648045e-05], [-2.486433241599585e-05, 9.829241905848725e-05, -2.456951566119453e-05], [-2.4661652939648045e-05, -2.456951566119453e-05, 9.881193456873603e-05]]}
 #*EXTRAS*# Step:           3  Bead:     15  
{"friction": [[9.939177943105922e-05, -2.7518132635428465e-05, -2.7481021140446154e-05], [-2.7518132635428465e-05, 9.93489880132999e-05, -2.7379261898305943e-05], [-2.7481021140446154e-05, -2.7379261898305943e-05, 9.956021835651802e-05]]}
 #*EXTRAS*# Step:           4  Bead:     15  
{"friction": [[9.924531406422703e-05, -2.723479875154812e-05, -2.7181785583972395e-05], [-2.723479875154812e-05, 9.922162436164377e-05, -2.707655874342292e-05], [-2.7181785583972395e-05, -2.707655874342292e-05, 9.94702608589478e-05]]}
 #*EXTRAS*# Step:           5  Bead:     15  
{"friction": [[9.938585266052157e-05, -2.750670403379218e-05, -2.7468972728109366e-05], [-2.750670403379218e-05, 9.934380367568316e-05, -2.73670462020629e-05], [-2.7468972728109366e-05, -2.73670462020629e-05, 9.955654925448419e-05]]}
 #*EXTRAS*# Step:           6  Bead:     15  
{"friction": [[9.939896994049158e-05, -2.753199493294469e-05, -2.7495632619649693e-05], [-2.753199493294469e-05, 9.935528135180367e-05, -2.7394079461541272e-05], [-2.7495632619649693e-05, -2.7394079461541272e-05, 9.956467326920548e-05]]}
 #*EXTRAS*# Step:           7  Bead:     15  
{"friction": [[9.94163355937843e-05, -2.7565459999022713e-05, -2.7530894310112865e-05], [-2.7565459999022713e-05, 9.937049649995253e-05, -2.74298530901322e-05], [-2.7530894310112865e-05, -2.74298530901322e-05, 9.957544807321247e-05]]}
 #*EXTRAS*# Step:           8  Bead:     15  
{"friction": [[9.942128111579153e-05, -2.757498715948014e-05, -2.754092981262477e-05], [-2.757498715948014e-05, 9.937483381181673e-05, -2.7440038086575633e-05], [-2.754092981262477e-05, -2.7440038086575633e-05, 9.957852074394017e-05]]}
