 #*EXTRAS*# Step:           0  Bead:     12  
{"friction": [[0.00010410059478635681, -3.587758594138993e-05, -3.5810247906280144e-05], [-3.587758594138993e-05, 0.00010409721165943899, -3.604130532787345e-05], [-3.5810247906280144e-05, -3.604130532787345e-05, 0.00010376542350754372]]}
 #*EXTRAS*# Step:           1  Bead:     12  
{"friction": [[0.00010201247487144806, -3.262354319305223e-05, -3.262077151375494e-05], [-3.262354319305223e-05, 0.00010193238868493448, -3.278497164745526e-05], [-3.262077151375494e-05, -3.278497164745526e-05, 0.00010160004958930738]]}
 #*EXTRAS*# Step:           2  Bead:     12  
{"friction": [[0.00010042570025337742, -2.9535442820139492e-05, -2.956607705434336e-05], [-2.9535442820139492e-05, 0.00010030308189167838, -2.953489779035083e-05], [-2.956607705434336e-05, -2.953489779035083e-05, 0.00010025536563768875]]}
 #*EXTRAS*# Step:           3  Bead:     12  
{"friction": [[0.000101691014836043, -3.202579122971117e-05, -3.2037127193822185e-05], [-3.202579122971117e-05, 0.00010159367507116184, -3.2164204440557716e-05], [-3.2037127193822185e-05, -3.2164204440557716e-05, 0.00010130047289456198]]}
 #*EXTRAS*# Step:           4  Bead:     12  
{"friction": [[0.00010164452370351483, -3.193760339307928e-05, -3.195083895108882e-05], [-3.193760339307928e-05, 0.0001015448470299712, -3.207219493936574e-05], [-3.195083895108882e-05, -3.207219493936574e-05, 0.00010125819670674425]]}
 #*EXTRAS*# Step:           5  Bead:     12  
{"friction": [[0.00010178384513937206, -3.2200627649962355e-05, -3.220804123004875e-05], [-3.2200627649962355e-05, 0.00010169131928070299, -3.234630629993251e-05], [-3.220804123004875e-05, -3.234630629993251e-05, 0.00010138570003551383]]}
 #*EXTRAS*# Step:           6  Bead:     12  
{"friction": [[0.00010180831046105114, -3.224641749606478e-05, -3.22527723417854e-05], [-3.224641749606478e-05, 0.00010171708155735564, -3.2393928587599995e-05], [-3.22527723417854e-05, -3.2393928587599995e-05, 0.00010140833900254269]]}
 #*EXTRAS*# Step:           7  Bead:     12  
{"friction": [[0.00010182762546836929, -3.228248052859509e-05, -3.228799305560916e-05], [-3.228248052859509e-05, 0.0001017374277213326, -3.243141374556784e-05], [-3.228799305560916e-05, -3.243141374556784e-05, 0.00010142626367664276]]}
 #*EXTRAS*# Step:           8  Bead:     12  
{"friction": [[0.00010183418991213734, -3.229471926624222e-05, -3.2299944288260775e-05], [-3.229471926624222e-05, 0.00010174434398874803, -3.244413085578851e-05], [-3.2299944288260775e-05, -3.244413085578851e-05, 0.00010143236589790384]]}
