 #*EXTRAS*# Step:           0  Bead:      9  
{"friction": [[0.00011023000206976872, -4.1719099977050135e-05, -4.179519325177442e-05], [-4.1719099977050135e-05, 0.00011025478793267088, -4.1768623177242506e-05], [-4.179519325177442e-05, -4.1768623177242506e-05, 0.00011030747133180427]]}
 #*EXTRAS*# Step:           1  Bead:      9  
{"friction": [[0.0001088530991364734, -4.069880420453629e-05, -4.073760919444428e-05], [-4.069880420453629e-05, 0.00010886695037594943, -4.071412661461412e-05], [-4.073760919444428e-05, -4.071412661461412e-05, 0.00010891343847498907]]}
 #*EXTRAS*# Step:           2  Bead:      9  
{"friction": [[0.00010820791967953468, -4.0171509275046815e-05, -4.018531301274981e-05], [-4.0171509275046815e-05, 0.00010821179247971602, -4.0175042536591634e-05], [-4.018531301274981e-05, -4.0175042536591634e-05, 0.000108244120728227]]}
 #*EXTRAS*# Step:           3  Bead:      9  
{"friction": [[0.00010993960158630413, -4.1515138528648044e-05, -4.158657967591049e-05], [-4.1515138528648044e-05, 0.00010996477356742037, -4.1558847507488136e-05], [-4.158657967591049e-05, -4.1558847507488136e-05, 0.00011001651748715463]]}
 #*EXTRAS*# Step:           4  Bead:      9  
{"friction": [[0.000110230941139765, -4.171975028584762e-05, -4.1795854912505604e-05], [-4.171975028584762e-05, 0.00011025572242726744, -4.1769289478255534e-05], [-4.1795854912505604e-05, -4.1769289478255534e-05, 0.00011030841010447916]]}
 #*EXTRAS*# Step:           5  Bead:      9  
{"friction": [[0.00011043290881662265, -4.185825633626275e-05, -4.1936203434194356e-05], [-4.185825633626275e-05, 0.00011045615719484379, -4.191073238593357e-05], [-4.1936203434194356e-05, -4.191073238593357e-05, 0.0001105100309062005]]}
 #*EXTRAS*# Step:           6  Bead:      9  
{"friction": [[0.00011050903392794061, -4.1909768612844365e-05, -4.198808757022613e-05], [-4.1909768612844365e-05, 0.00011053140652433243, -4.196306849984698e-05], [-4.198808757022613e-05, -4.196306849984698e-05, 0.00011058588768548832]]}
 #*EXTRAS*# Step:           7  Bead:      9  
{"friction": [[0.00011054450019550659, -4.1933640026952586e-05, -4.201206919069996e-05], [-4.1933640026952586e-05, 0.00011056640605521217, -4.198726592806423e-05], [-4.201206919069996e-05, -4.198726592806423e-05, 0.00011062120500468696]]}
 #*EXTRAS*# Step:           8  Bead:      9  
{"friction": [[0.00011055989721789381, -4.1943978192678186e-05, -4.202244251025011e-05], [-4.1943978192678186e-05, 0.00011058158859663468, -4.199773380156925e-05], [-4.202244251025011e-05, -4.199773380156925e-05, 0.0001106365327702565]]}
