 #*EXTRAS*# Step:           0  Bead:      4  
{"friction": [[0.000126076844382827, -4.029075427069417e-05, -3.973794837135237e-05], [-4.029075427069417e-05, 0.000126150633634249, -4.038143906978131e-05], [-3.973794837135237e-05, -4.038143906978131e-05, 0.00012574927445048358]]}
 #*EXTRAS*# Step:           1  Bead:      4  
{"friction": [[0.00012916032508804648, -3.6458225563158106e-05, -3.615935859269742e-05], [-3.6458225563158106e-05, 0.00012932726140209104, -3.649636992782728e-05], [-3.615935859269742e-05, -3.649636992782728e-05, 0.00012881671220173058]]}
 #*EXTRAS*# Step:           2  Bead:      4  
{"friction": [[0.0001325510175585019, -2.9749316428185093e-05, -2.9702321549309065e-05], [-2.9749316428185093e-05, 0.00013279895321071728, -2.9694247485264653e-05], [-2.9702321549309065e-05, -2.9694247485264653e-05, 0.00013240364099129632]]}
 #*EXTRAS*# Step:           3  Bead:      4  
{"friction": [[0.0001321817719200597, -3.074742930420066e-05, -3.0704152949807736e-05], [-3.074742930420066e-05, 0.00013242882098973667, -3.070475462516475e-05], [-3.0704152949807736e-05, -3.070475462516475e-05, 0.00013199246526964938]]}
 #*EXTRAS*# Step:           4  Bead:      4  
{"friction": [[0.0001327107674198355, -2.9283941788712823e-05, -2.923137267902519e-05], [-2.9283941788712823e-05, 0.00013295803618974233, -2.9223338001015876e-05], [-2.923137267902519e-05, -2.9223338001015876e-05, 0.0001325838937358768]]}
 #*EXTRAS*# Step:           5  Bead:      4  
{"friction": [[0.0001327290806396648, -2.9229193714563068e-05, -2.9175826149668666e-05], [-2.9229193714563068e-05, 0.00013297622972392048, -2.9167949398532285e-05], [-2.9175826149668666e-05, -2.9167949398532285e-05, 0.00013260465334777457]]}
 #*EXTRAS*# Step:           6  Bead:      4  
{"friction": [[0.0001327813236003448, -2.9071377621087906e-05, -2.9015549204634447e-05], [-2.9071377621087906e-05, 0.00013302808105940012, -2.900829961724895e-05], [-2.9015549204634447e-05, -2.900829961724895e-05, 0.00013266398603481637]]}
 #*EXTRAS*# Step:           7  Bead:      4  
{"friction": [[0.0001327940340261804, -2.9032611588393457e-05, -2.897614324060199e-05], [-2.9032611588393457e-05, 0.00013304068485569975, -2.8969086055272503e-05], [-2.897614324060199e-05, -2.8969086055272503e-05, 0.0001326784463475374]]}
 #*EXTRAS*# Step:           8  Bead:      4  
{"friction": [[0.00013280214627510851, -2.900779318337574e-05, -2.895090793637561e-05], [-2.900779318337574e-05, 0.00013304872670841133, -2.894398174060807e-05], [-2.895090793637561e-05, -2.894398174060807e-05, 0.0001326876805833189]]}
