 #*EXTRAS*# Step:           0  Bead:     13  
{"friction": [[0.00010310461147450481, -3.446489117457354e-05, -3.44165270104119e-05], [-3.446489117457354e-05, 0.00010307920642357731, -3.4657347226921115e-05], [-3.44165270104119e-05, -3.4657347226921115e-05, 0.00010269639584043074]]}
 #*EXTRAS*# Step:           1  Bead:     13  
{"friction": [[0.00010105610748830827, -3.079237532374079e-05, -3.082369145202307e-05], [-3.079237532374079e-05, 0.00010093383027621988, -3.086900404080006e-05], [-3.082369145202307e-05, -3.086900404080006e-05, 0.00010074802376076155]]}
 #*EXTRAS*# Step:           2  Bead:     13  
{"friction": [[9.922798230259201e-05, -2.720111575444535e-05, -2.7146143543515786e-05], [-2.720111575444535e-05, 9.920665371975914e-05, -2.704059602174001e-05], [-2.7146143543515786e-05, -2.704059602174001e-05, 9.945970885460705e-05]]}
 #*EXTRAS*# Step:           3  Bead:     13  
{"friction": [[0.00010054212097041622, -2.976773135891528e-05, -2.980053894288423e-05], [-2.976773135891528e-05, 0.0001004171108862999, -2.978224314231892e-05], [-2.980053894288423e-05, -2.978224314231892e-05, 0.00010034211556951886]]}
 #*EXTRAS*# Step:           4  Bead:     13  
{"friction": [[0.00010044925646621702, -2.9582405397081683e-05, -2.9613562444920224e-05], [-2.9582405397081683e-05, 0.00010032605431458083, -2.958492824937375e-05], [-2.9613562444920224e-05, -2.958492824937375e-05, 0.00010027276628737106]]}
 #*EXTRAS*# Step:           5  Bead:     13  
{"friction": [[0.00010058425768568506, -2.985189137298372e-05, -2.9885236909808787e-05], [-2.985189137298372e-05, 0.00010045868071659685, -2.9871782038939736e-05], [-2.9885236909808787e-05, -2.9871782038939736e-05, 0.00010037398048117427]]}
 #*EXTRAS*# Step:           6  Bead:     13  
{"friction": [[0.00010060233839611672, -2.988801195002687e-05, -2.9921548912667568e-05], [-2.988801195002687e-05, 0.00010047656549181346, -2.9910197969582903e-05], [-2.9921548912667568e-05, -2.9910197969582903e-05, 0.00010038773022463971]]}
 #*EXTRAS*# Step:           7  Bead:     13  
{"friction": [[0.00010061991249763063, -2.992312334073741e-05, -2.9956823981258088e-05], [-2.992312334073741e-05, 0.00010049397601341848, -2.9947532788298766e-05], [-2.9956823981258088e-05, -2.9947532788298766e-05, 0.00010040113891931563]]}
 #*EXTRAS*# Step:           8  Bead:     13  
{"friction": [[0.00010062542722465122, -2.993414165546153e-05, -2.996788914158192e-05], [-2.993414165546153e-05, 0.00010049944482865864, -2.995924723261611e-05], [-2.996788914158192e-05, -2.995924723261611e-05, 0.00010040535554239079]]}
