 #*EXTRAS*# Step:           0  Bead:      6  
{"friction": [[0.00012028748904337296, -4.4090190695074945e-05, -4.407165498061319e-05], [-4.4090190695074945e-05, 0.00012019515217934021, -4.396133059277882e-05], [-4.407165498061319e-05, -4.396133059277882e-05, 0.00012024878352738596]]}
 #*EXTRAS*# Step:           1  Bead:      6  
{"friction": [[0.0001198548064858176, -4.422257112080887e-05, -4.417764172601042e-05], [-4.422257112080887e-05, 0.00011971015746790889, -4.404398961956702e-05], [-4.417764172601042e-05, -4.404398961956702e-05, 0.00011982702469475154]]}
 #*EXTRAS*# Step:           2  Bead:      6  
{"friction": [[0.0001194689463364501, -4.43270745688243e-05, -4.425104392503369e-05], [-4.43270745688243e-05, 0.0001192764884432658, -4.410474369105259e-05], [-4.425104392503369e-05, -4.410474369105259e-05, 0.00011944914962116194]]}
 #*EXTRAS*# Step:           3  Bead:      6  
{"friction": [[0.00011879942837598193, -4.447569033330348e-05, -4.433666840123911e-05], [-4.447569033330348e-05, 0.00011852639312732992, -4.41828002795822e-05], [-4.433666840123911e-05, -4.41828002795822e-05, 0.00011879043551673835]]}
 #*EXTRAS*# Step:           4  Bead:      6  
{"friction": [[0.00011838906579207015, -4.4544481216329614e-05, -4.436561040598471e-05], [-4.4544481216329614e-05, 0.00011807101603000202, -4.421408059771616e-05], [-4.436561040598471e-05, -4.421408059771616e-05, 0.00011838524751619824]]}
 #*EXTRAS*# Step:           5  Bead:      6  
{"friction": [[0.00011812328152236298, -4.457920488123231e-05, -4.4375590980226725e-05], [-4.457920488123231e-05, 0.00011777890834419397, -4.4227724165082204e-05], [-4.4375590980226725e-05, -4.4227724165082204e-05, 0.00011812238435852369]]}
 #*EXTRAS*# Step:           6  Bead:      6  
{"friction": [[0.00011792511627966524, -4.45997593420968e-05, -4.437875944497409e-05], [-4.45997593420968e-05, 0.00011756292425060756, -4.4234511707933374e-05], [-4.437875944497409e-05, -4.4234511707933374e-05, 0.00011792622576389648]]}
 #*EXTRAS*# Step:           7  Bead:      6  
{"friction": [[0.0001177749338028414, -4.4612165249048866e-05, -4.4378802566602044e-05], [-4.4612165249048866e-05, 0.0001174004140284537, -4.423772084784118e-05], [-4.4378802566602044e-05, -4.423772084784118e-05, 0.00011777748566482419]]}
 #*EXTRAS*# Step:           8  Bead:      6  
{"friction": [[0.0001176543282831259, -4.46200780362073e-05, -4.437739655338743e-05], [-4.46200780362073e-05, 0.00011727071580110775, -4.423908288866641e-05], [-4.437739655338743e-05, -4.423908288866641e-05, 0.00011765799854730069]]}
 #*EXTRAS*# Step:           9  Bead:      6  
{"friction": [[0.00011755494720907587, -4.4625186704846266e-05, -4.437528884218614e-05], [-4.4625186704846266e-05, 0.00011716442208890498, -4.423938674290609e-05], [-4.437528884218614e-05, -4.423938674290609e-05, 0.00011755951709906983]]}
 #*EXTRAS*# Step:          10  Bead:      6  
{"friction": [[0.00011747108737750134, -4.462848145340952e-05, -4.4372851407657126e-05], [-4.462848145340952e-05, 0.00011707516023593863, -4.4239064319350594e-05], [-4.4372851407657126e-05, -4.4239064319350594e-05, 0.00011747640371098227]]}
 #*EXTRAS*# Step:          11  Bead:      6  
{"friction": [[0.00011739912166735163, -4.463055214413687e-05, -4.437028357263012e-05], [-4.463055214413687e-05, 0.00011699888790535713, -4.423836274440028e-05], [-4.437028357263012e-05, -4.423836274440028e-05, 0.00011740507101514014]]}
 #*EXTRAS*# Step:          12  Bead:      6  
{"friction": [[0.00011733650530765713, -4.463177496743265e-05, -4.4367694445107935e-05], [-4.463177496743265e-05, 0.00011693278144625965, -4.423743126460891e-05], [-4.4367694445107935e-05, -4.423743126460891e-05, 0.00011734300084776743]]}
 #*EXTRAS*# Step:          13  Bead:      6  
{"friction": [[0.00011728143723398357, -4.463239820916022e-05, -4.436514635208854e-05], [-4.463239820916022e-05, 0.00011687484821853032, -4.423636389661547e-05], [-4.436514635208854e-05, -4.423636389661547e-05, 0.0001172884103336274]]}
 #*EXTRAS*# Step:          14  Bead:      6  
{"friction": [[0.00011723258891014006, -4.463259192183014e-05, -4.4362674940704685e-05], [-4.463259192183014e-05, 0.00011682362289701377, -4.423522175116332e-05], [-4.4362674940704685e-05, -4.423522175116332e-05, 0.00011723998395364425]]}
 #*EXTRAS*# Step:          15  Bead:      6  
{"friction": [[0.0001171889585994066, -4.4632475895211614e-05, -4.436030053926903e-05], [-4.4632475895211614e-05, 0.00011677800357496698, -4.423404564307429e-05], [-4.436030053926903e-05, -4.423404564307429e-05, 0.00011719672954166438]]}
 #*EXTRAS*# Step:          16  Bead:      6  
{"friction": [[0.00011714977143171659, -4.463213656706563e-05, -4.435803419334234e-05], [-4.463213656706563e-05, 0.00011673714017734707, -4.423286332517414e-05], [-4.435803419334234e-05, -4.423286332517414e-05, 0.0001171578794701899]]}
 #*EXTRAS*# Step:          17  Bead:      6  
{"friction": [[0.00011711441581450753, -4.463163752987774e-05, -4.435588123170152e-05], [-4.463163752987774e-05, 0.00011670036350199838, -4.423169389987634e-05], [-4.435588123170152e-05, -4.423169389987634e-05, 0.00011712282775561857]]}
 #*EXTRAS*# Step:          18  Bead:      6  
{"friction": [[0.0001170823997381476, -4.463102629730139e-05, -4.435384335577709e-05], [-4.463102629730139e-05, 0.0001166671366157721, -4.4230550563920194e-05], [-4.435384335577709e-05, -4.4230550563920194e-05, 0.00011709108682652692]]}
 #*EXTRAS*# Step:          19  Bead:      6  
{"friction": [[0.000117053320737941, -4.463033879214942e-05, -4.435191993185581e-05], [-4.463033879214942e-05, 0.00011663702148968597, -4.4229442385850947e-05], [-4.435191993185581e-05, -4.4229442385850947e-05, 0.00011706225779692236]]}
 #*EXTRAS*# Step:          20  Bead:      6  
{"friction": [[0.00011702684457383589, -4.462960240342753e-05, -4.435010880166702e-05], [-4.462960240342753e-05, 0.00011660965535874563, -4.4228375484561925e-05], [-4.435010880166702e-05, -4.4228375484561925e-05, 0.00011703600936226446]]}
 #*EXTRAS*# Step:          21  Bead:      6  
{"friction": [[0.00011700268988415533, -4.462883812119166e-05, -4.434840680802213e-05], [-4.462883812119166e-05, 0.00011658473372508604, -4.4227353833745014e-05], [-4.434840680802213e-05, -4.4227353833745014e-05, 0.00011701206260611028]]}
 #*EXTRAS*# Step:          22  Bead:      6  
{"friction": [[0.00011698061692714172, -4.462806206107202e-05, -4.434681014303348e-05], [-4.462806206107202e-05, 0.00011656199790045469, -4.4226379823907074e-05], [-4.434681014303348e-05, -4.4226379823907074e-05, 0.00011699017985198396]]}
 #*EXTRAS*# Step:          23  Bead:      6  
{"friction": [[0.00011696041920220626, -4.462728657595344e-05, -4.4345314584923794e-05], [-4.462728657595344e-05, 0.0001165412257406137, -4.42254546644035e-05], [-4.4345314584923794e-05, -4.42254546644035e-05, 0.00011697015636548172]]}
 #*EXTRAS*# Step:          24  Bead:      6  
{"friction": [[0.00011694191712405422, -4.462652108216246e-05, -4.4343915662737736e-05], [-4.462652108216246e-05, 0.00011652222465235028, -4.422457867712795e-05], [-4.4343915662737736e-05, -4.422457867712795e-05, 0.00011695181408856141]]}
 #*EXTRAS*# Step:          25  Bead:      6  
{"friction": [[0.00011692495318472664, -4.4625772685412006e-05, -4.434260877322443e-05], [-4.4625772685412006e-05, 0.00011650482624477993, -4.4223751515349625e-05], [-4.434260877322443e-05, -4.4223751515349625e-05, 0.0001169349968468792]]}
 #*EXTRAS*# Step:          26  Bead:      6  
{"friction": [[0.00011690938817540727, -4.4625046732035465e-05, -4.434138924825843e-05], [-4.4625046732035465e-05, 0.00011648888208337185, -4.422297233210126e-05], [-4.434138924825843e-05, -4.422297233210126e-05, 0.00011691956660147006]]}
 #*EXTRAS*# Step:          27  Bead:      6  
{"friction": [[0.00011689509825383158, -4.462434718331205e-05, -4.4340252417437815e-05], [-4.462434718331205e-05, 0.00011647426044718899, -4.4222239907871954e-05], [-4.4340252417437815e-05, -4.4222239907871954e-05, 0.00011690540054290346]]}
 #*EXTRAS*# Step:          28  Bead:      6  
{"friction": [[0.0001168819726834083, -4.462367677411842e-05, -4.433919368824602e-05], [-4.462367677411842e-05, 0.00011646084396151559, -4.422155274519579e-05], [-4.433919368824602e-05, -4.422155274519579e-05, 0.00011689238886047363]]}
 #*EXTRAS*# Step:          29  Bead:      6  
{"friction": [[0.00011686991196662621, -4.462303725875829e-05, -4.433820857833586e-05], [-4.462303725875829e-05, 0.00011644852752266723, -4.4220909147309025e-05], [-4.433820857833586e-05, -4.4220909147309025e-05, 0.00011688043289142464]]}
 #*EXTRAS*# Step:          30  Bead:      6  
{"friction": [[0.00011685882633253899, -4.462242961819965e-05, -4.433729273748883e-05], [-4.462242961819965e-05, 0.00011643721660690309, -4.4220307281025854e-05], [-4.433729273748883e-05, -4.4220307281025854e-05, 0.00011686944362041007]]}
