 #*EXTRAS*# Step:           0  Bead:     14  
     0.00010253          -0.00003354          -0.00003351
    -0.00003354           0.00010248          -0.00003373
    -0.00003351          -0.00003373           0.00010211
 #*EXTRAS*# Step:           1  Bead:     14  
     0.00010519          -0.00003721          -0.00003715
    -0.00003721           0.00010519          -0.00003732
    -0.00003715          -0.00003732           0.00010497
 #*EXTRAS*# Step:           2  Bead:     14  
     0.00010833          -0.00004028          -0.00004030
    -0.00004028           0.00010834          -0.00004028
    -0.00004030          -0.00004028           0.00010838
 #*EXTRAS*# Step:           3  Bead:     14  
     0.00011008          -0.00004162          -0.00004169
    -0.00004162           0.00011011          -0.00004166
    -0.00004169          -0.00004166           0.00011016
 #*EXTRAS*# Step:           4  Bead:     14  
     0.00011129          -0.00004242          -0.00004249
    -0.00004242           0.00011129          -0.00004247
    -0.00004249          -0.00004247           0.00011136
 #*EXTRAS*# Step:           5  Bead:     14  
     0.00011215          -0.00004293          -0.00004297
    -0.00004293           0.00011210          -0.00004295
    -0.00004297          -0.00004295           0.00011221
 #*EXTRAS*# Step:           6  Bead:     14  
     0.00011278          -0.00004329          -0.00004327
    -0.00004329           0.00011267          -0.00004325
    -0.00004327          -0.00004325           0.00011283
 #*EXTRAS*# Step:           7  Bead:     14  
     0.00011328          -0.00004355          -0.00004348
    -0.00004355           0.00011311          -0.00004345
    -0.00004348          -0.00004345           0.00011332
 #*EXTRAS*# Step:           8  Bead:     14  
     0.00011367          -0.00004374          -0.00004364
    -0.00004374           0.00011347          -0.00004360
    -0.00004364          -0.00004360           0.00011371
 #*EXTRAS*# Step:           9  Bead:     14  
     0.00011400          -0.00004389          -0.00004375
    -0.00004389           0.00011376          -0.00004371
    -0.00004375          -0.00004371           0.00011404
 #*EXTRAS*# Step:          10  Bead:     14  
     0.00011428          -0.00004400          -0.00004384
    -0.00004400           0.00011400          -0.00004379
    -0.00004384          -0.00004379           0.00011431
 #*EXTRAS*# Step:          11  Bead:     14  
     0.00011452          -0.00004410          -0.00004391
    -0.00004410           0.00011422          -0.00004386
    -0.00004391          -0.00004386           0.00011455
 #*EXTRAS*# Step:          12  Bead:     14  
     0.00011472          -0.00004417          -0.00004397
    -0.00004417           0.00011440          -0.00004391
    -0.00004397          -0.00004391           0.00011476
 #*EXTRAS*# Step:          13  Bead:     14  
     0.00011491          -0.00004424          -0.00004402
    -0.00004424           0.00011457          -0.00004395
    -0.00004402          -0.00004395           0.00011494
 #*EXTRAS*# Step:          14  Bead:     14  
     0.00011507          -0.00004429          -0.00004405
    -0.00004429           0.00011472          -0.00004399
    -0.00004405          -0.00004399           0.00011510
 #*EXTRAS*# Step:          15  Bead:     14  
     0.00011522          -0.00004433          -0.00004409
    -0.00004433           0.00011485          -0.00004402
    -0.00004409          -0.00004402           0.00011524
 #*EXTRAS*# Step:          16  Bead:     14  
     0.00011535          -0.00004437          -0.00004412
    -0.00004437           0.00011497          -0.00004404
    -0.00004412          -0.00004404           0.00011537
 #*EXTRAS*# Step:          17  Bead:     14  
     0.00011546          -0.00004440          -0.00004414
    -0.00004440           0.00011508          -0.00004406
    -0.00004414          -0.00004406           0.00011549
 #*EXTRAS*# Step:          18  Bead:     14  
     0.00011557          -0.00004443          -0.00004416
    -0.00004443           0.00011518          -0.00004408
    -0.00004416          -0.00004408           0.00011559
 #*EXTRAS*# Step:          19  Bead:     14  
     0.00011567          -0.00004445          -0.00004418
    -0.00004445           0.00011527          -0.00004410
    -0.00004418          -0.00004410           0.00011569
 #*EXTRAS*# Step:          20  Bead:     14  
     0.00011575          -0.00004447          -0.00004420
    -0.00004447           0.00011535          -0.00004411
    -0.00004420          -0.00004411           0.00011577
 #*EXTRAS*# Step:          21  Bead:     14  
     0.00011583          -0.00004449          -0.00004421
    -0.00004449           0.00011543          -0.00004412
    -0.00004421          -0.00004412           0.00011585
 #*EXTRAS*# Step:          22  Bead:     14  
     0.00011591          -0.00004450          -0.00004422
    -0.00004450           0.00011550          -0.00004413
    -0.00004422          -0.00004413           0.00011593
 #*EXTRAS*# Step:          23  Bead:     14  
     0.00011597          -0.00004451          -0.00004423
    -0.00004451           0.00011556          -0.00004414
    -0.00004423          -0.00004414           0.00011599
 #*EXTRAS*# Step:          24  Bead:     14  
     0.00011604          -0.00004453          -0.00004424
    -0.00004453           0.00011562          -0.00004415
    -0.00004424          -0.00004415           0.00011605
 #*EXTRAS*# Step:          25  Bead:     14  
     0.00011609          -0.00004454          -0.00004425
    -0.00004454           0.00011568          -0.00004415
    -0.00004425          -0.00004415           0.00011611
 #*EXTRAS*# Step:          26  Bead:     14  
     0.00011614          -0.00004454          -0.00004426
    -0.00004454           0.00011573          -0.00004416
    -0.00004426          -0.00004416           0.00011616
 #*EXTRAS*# Step:          27  Bead:     14  
     0.00011619          -0.00004455          -0.00004426
    -0.00004455           0.00011577          -0.00004417
    -0.00004426          -0.00004417           0.00011621
 #*EXTRAS*# Step:          28  Bead:     14  
     0.00011623          -0.00004456          -0.00004427
    -0.00004456           0.00011582          -0.00004417
    -0.00004427          -0.00004417           0.00011625
 #*EXTRAS*# Step:          29  Bead:     14  
     0.00011627          -0.00004456          -0.00004427
    -0.00004456           0.00011585          -0.00004417
    -0.00004427          -0.00004417           0.00011629
 #*EXTRAS*# Step:          30  Bead:     14  
     0.00011631          -0.00004457          -0.00004428
    -0.00004457           0.00011589          -0.00004418
    -0.00004428          -0.00004418           0.00011633
