 #*EXTRAS*# Step:           0  Bead:     11  
{"friction": [[0.00010562036954718544, -3.769046910141249e-05, -3.763042875179934e-05], [-3.769046910141249e-05, 0.00010561870141779494, -3.7770470863789636e-05], [-3.763042875179934e-05, -3.7770470863789636e-05, 0.0001054411173289977]]}
 #*EXTRAS*# Step:           1  Bead:     11  
{"friction": [[0.00010821236836118526, -4.017525929535722e-05, -4.01892366340863e-05], [-4.017525929535722e-05, 0.0001082163039907463, -4.01788382840068e-05], [-4.01892366340863e-05, -4.01788382840068e-05, 0.00010824877993734805]]}
 #*EXTRAS*# Step:           2  Bead:     11  
{"friction": [[0.00011087321121944126, -4.2151091695803704e-05, -4.2228522571900055e-05], [-4.2151091695803704e-05, 0.00011088889095304024, -4.220578815264125e-05], [-4.2228522571900055e-05, -4.220578815264125e-05, 0.00011094788651397632]]}
 #*EXTRAS*# Step:           3  Bead:     11  
{"friction": [[0.00011213417529862159, -4.292623993049148e-05, -4.295956406562726e-05], [-4.292623993049148e-05, 0.00011208701598576566, -4.29406649174682e-05], [-4.295956406562726e-05, -4.29406649174682e-05, 0.00011219463053401914]]}
 #*EXTRAS*# Step:           4  Bead:     11  
{"friction": [[0.00011297783363293415, -4.339494572357907e-05, -4.335954244420975e-05], [-4.339494572357907e-05, 0.00011284990220887222, -4.3334227938776024e-05], [-4.335954244420975e-05, -4.3334227938776024e-05, 0.00011302792165266635]]}
 #*EXTRAS*# Step:           5  Bead:     11  
{"friction": [[0.00011358349355306288, -4.369895560824174e-05, -4.360340221378703e-05], [-4.369895560824174e-05, 0.00011338705590697053, -4.3569019915907095e-05], [-4.360340221378703e-05, -4.3569019915907095e-05, 0.00011362657605572488]]}
 #*EXTRAS*# Step:           6  Bead:     11  
{"friction": [[0.00011402829830315826, -4.390070302550329e-05, -4.376002852900331e-05], [-4.390070302550329e-05, 0.00011378084754233082, -4.37171130581761e-05], [-4.376002852900331e-05, -4.37171130581761e-05, 0.0001140664546972499]]}
 #*EXTRAS*# Step:           7  Bead:     11  
{"friction": [[0.00011437371302471472, -4.404316993724665e-05, -4.386879790222642e-05], [-4.404316993724665e-05, 0.00011408816728461423, -4.3818362187299696e-05], [-4.386879790222642e-05, -4.3818362187299696e-05, 0.00011440816603031544]]}
 #*EXTRAS*# Step:           8  Bead:     11  
{"friction": [[0.00011465014086711433, -4.414752353410407e-05, -4.394787858877758e-05], [-4.414752353410407e-05, 0.00011433593069042934, -4.3890952908600004e-05], [-4.394787858877758e-05, -4.3890952908600004e-05, 0.00011468170420575605]]}
 #*EXTRAS*# Step:           9  Bead:     11  
{"friction": [[0.00011487806272146681, -4.4226751012235514e-05, -4.400782893916518e-05], [-4.4226751012235514e-05, 0.00011454187213681023, -4.394528305835716e-05], [-4.400782893916518e-05, -4.394528305835716e-05, 0.00011490729154815703]]}
 #*EXTRAS*# Step:          10  Bead:     11  
{"friction": [[0.00011507004143281612, -4.428851335394793e-05, -4.405468348940537e-05], [-4.428851335394793e-05, 0.00011471673560688194, -4.3987240669324866e-05], [-4.405468348940537e-05, -4.3987240669324866e-05, 0.00011509733680744573]]}
 #*EXTRAS*# Step:          11  Bead:     11  
{"friction": [[0.00011523454798143413, -4.433770974457707e-05, -4.4092210192543e-05], [-4.433770974457707e-05, 0.00011486773394562937, -4.4020467728222156e-05], [-4.4092210192543e-05, -4.4020467728222156e-05, 0.00011526021002952367]]}
 #*EXTRAS*# Step:          12  Bead:     11  
{"friction": [[0.00011537739839639266, -4.4377570674422355e-05, -4.412284996939199e-05], [-4.4377570674422355e-05, 0.000114999807939624, -4.404730584767392e-05], [-4.412284996939199e-05, -4.404730584767392e-05, 0.0001154016593782393]]}
 #*EXTRAS*# Step:          13  Bead:     11  
{"friction": [[0.00011550276899845874, -4.441032076947214e-05, -4.4148260840333685e-05], [-4.441032076947214e-05, 0.00011511650690458263, -4.40693342501867e-05], [-4.4148260840333685e-05, -4.40693342501867e-05, 0.00011552581335752506]]}
 #*EXTRAS*# Step:          14  Bead:     11  
{"friction": [[0.00011561373689600929, -4.443753800868773e-05, -4.416960625269821e-05], [-4.443753800868773e-05, 0.0001152204496575237, -4.408765398457129e-05], [-4.416960625269821e-05, -4.408765398457129e-05, 0.00011563571440173471]]}
 #*EXTRAS*# Step:          15  Bead:     11  
{"friction": [[0.0001157126336821658, -4.446037390257119e-05, -4.418772806188175e-05], [-4.446037390257119e-05, 0.00011531362553462515, -4.41030568938101e-05], [-4.418772806188175e-05, -4.41030568938101e-05, 0.00011573366820697028]]}
 #*EXTRAS*# Step:          16  Bead:     11  
{"friction": [[0.00011580126567183418, -4.4479688373543245e-05, -4.4203250807266947e-05], [-4.4479688373543245e-05, 0.00011539758062629221, -4.411612700399723e-05], [-4.4203250807266947e-05, -4.411612700399723e-05, 0.00011582146128496173]]}
 #*EXTRAS*# Step:          17  Bead:     11  
{"friction": [[0.00011588106140119909, -4.449613683692962e-05, -4.42166481411486e-05], [-4.449613683692962e-05, 0.000115473542386068, -4.412730473444839e-05], [-4.42166481411486e-05, -4.412730473444839e-05, 0.00011590050669878025]]}
 #*EXTRAS*# Step:          18  Bead:     11  
{"friction": [[0.00011595317111282038, -4.451022763468408e-05, -4.422828614534523e-05], [-4.451022763468408e-05, 0.00011554250350248416, -4.413692858179606e-05], [-4.422828614534523e-05, -4.413692858179606e-05, 0.00011597194237301501]]}
 #*EXTRAS*# Step:          19  Bead:     11  
{"friction": [[0.00011601853613128384, -4.452236108962481e-05, -4.423845250186793e-05], [-4.452236108962481e-05, 0.00011560528035920046, -4.414526306626239e-05], [-4.423845250186793e-05, -4.414526306626239e-05, 0.00011603669966018084]]}
 #*EXTRAS*# Step:          20  Bead:     11  
{"friction": [[0.00011607793805666355, -4.453285665344483e-05, -4.4247376595304723e-05], [-4.453285665344483e-05, 0.00011566255445718895, -4.415251791607359e-05], [-4.4247376595304723e-05, -4.415251791607359e-05, 0.00011609555196604801]]}
 #*EXTRAS*# Step:          21  Bead:     11  
{"friction": [[0.00011613203437581162, -4.4541972200792865e-05, -4.4255243688486256e-05], [-4.4541972200792865e-05, 0.00011571490238636489, -4.4158861546996105e-05], [-4.4255243688486256e-05, -4.4158861546996105e-05, 0.00011614914995333076]]}
 #*EXTRAS*# Step:          22  Bead:     11  
{"friction": [[0.00011618138465452555, -4.4549918004864376e-05, -4.426220511615592e-05], [-4.4549918004864376e-05, 0.00011576281785484028, -4.4164430723894424e-05], [-4.426220511615592e-05, -4.4164430723894424e-05, 0.00011619804743634081]]}
 #*EXTRAS*# Step:          23  Bead:     11  
{"friction": [[0.00011622647010410126, -4.455686704151943e-05, -4.426838574932557e-05], [-4.455686704151943e-05, 0.00011580672813257594, -4.4169337614234824e-05], [-4.426838574932557e-05, -4.4169337614234824e-05, 0.00011624272072676866]]}
 #*EXTRAS*# Step:          24  Bead:     11  
{"friction": [[0.00011626770840058649, -4.45629627087815e-05, -4.427388955062027e-05], [-4.45629627087815e-05, 0.00011584700649291977, -4.4173675023210626e-05], [-4.427388955062027e-05, -4.4173675023210626e-05, 0.00011628358328669974]]}
 #*EXTRAS*# Step:          25  Bead:     11  
{"friction": [[0.00011630546505509871, -4.45683246954817e-05, -4.4278803770893984e-05], [-4.45683246954817e-05, 0.0001158839817475781, -4.417752033834332e-05], [-4.4278803770893984e-05, -4.417752033834332e-05, 0.00011632099697204031]]}
 #*EXTRAS*# Step:          26  Bead:     11  
{"friction": [[0.00011634006224412026, -4.457305350289396e-05, -4.4283202162798454e-05], [-4.457305350289396e-05, 0.00011591794564235315, -4.418093854281077e-05], [-4.4283202162798454e-05, -4.418093854281077e-05, 0.00011635528076472381]]}
 #*EXTRAS*# Step:          27  Bead:     11  
{"friction": [[0.00011637178574903721, -4.4577233971660795e-05, -4.4287147472712066e-05], [-4.4577233971660795e-05, 0.00011594915866253105, -4.4183984546682e-05], [-4.4287147472712066e-05, -4.4183984546682e-05, 0.00011638671763550077]]}
 #*EXTRAS*# Step:          28  Bead:     11  
{"friction": [[0.00011640089046666198, -4.458093806307912e-05, -4.429069339479454e-05], [-4.458093806307912e-05, 0.00011597785463761974, -4.4186705010896505e-05], [-4.429069339479454e-05, -4.4186705010896505e-05, 0.0001164155599937648]]}
 #*EXTRAS*# Step:          29  Bead:     11  
{"friction": [[0.00011642760483178894, -4.458422707467639e-05, -4.429388611940742e-05], [-4.458422707467639e-05, 0.00011600424443387224, -4.4189139789407405e-05], [-4.429388611940742e-05, -4.4189139789407405e-05, 0.00011644203406159262]]}
 #*EXTRAS*# Step:          30  Bead:     11  
{"friction": [[0.00011645213441051987, -4.458715342220104e-05, -4.429676557278342e-05], [-4.458715342220104e-05, 0.00011602851895441478, -4.419132308101357e-05], [-4.429676557278342e-05, -4.419132308101357e-05, 0.00011646634342782935]]}
