 #*EXTRAS*# Step:           0  Bead:      4  
{"friction": [[0.000126076844382827, -4.029075427069417e-05, -3.973794837135237e-05], [-4.029075427069417e-05, 0.000126150633634249, -4.038143906978131e-05], [-3.973794837135237e-05, -4.038143906978131e-05, 0.00012574927445048358]]}
 #*EXTRAS*# Step:           1  Bead:      4  
{"friction": [[0.0001242118005630554, -4.202450696574452e-05, -4.1567902994536414e-05], [-4.202450696574452e-05, 0.0001242738742018483, -4.212575489224792e-05], [-4.1567902994536414e-05, -4.212575489224792e-05, 0.00012396098561636316]]}
 #*EXTRAS*# Step:           2  Bead:      4  
{"friction": [[0.000122624904103985, -4.309915312971374e-05, -4.291647728941369e-05], [-4.309915312971374e-05, 0.00012269127980020533, -4.316709253616962e-05], [-4.291647728941369e-05, -4.316709253616962e-05, 0.00012247435599409097]]}
 #*EXTRAS*# Step:           3  Bead:      4  
{"friction": [[0.0001213557878445288, -4.3699808185378466e-05, -4.3679751608971045e-05], [-4.3699808185378466e-05, 0.00012136966506918443, -4.368317953126223e-05], [-4.3679751608971045e-05, -4.368317953126223e-05, 0.0001212778593567503]]}
 #*EXTRAS*# Step:           4  Bead:      4  
{"friction": [[0.00012050407534820509, -4.4018170781963954e-05, -4.4008237789471113e-05], [-4.4018170781963954e-05, 0.00012043664988824233, -4.391385682831017e-05], [-4.4008237789471113e-05, -4.391385682831017e-05, 0.00012045897594746194]]}
 #*EXTRAS*# Step:           5  Bead:      4  
{"friction": [[0.0001199063680743773, -4.4207621384405064e-05, -4.416637736622521e-05], [-4.4207621384405064e-05, 0.00011976806789360359, -4.4034962703691124e-05], [-4.416637736622521e-05, -4.4034962703691124e-05, 0.0001198774017644541]]}
 #*EXTRAS*# Step:           6  Bead:      4  
{"friction": [[0.00011945651015345047, -4.433022140693853e-05, -4.4253101939380295e-05], [-4.433022140693853e-05, 0.0001192625132567544, -4.41065059131423e-05], [-4.4253101939380295e-05, -4.41065059131423e-05, 0.00011943694688636502]]}
 #*EXTRAS*# Step:           7  Bead:      4  
{"friction": [[0.00011910939059299636, -4.44122581475971e-05, -4.4303241562306134e-05], [-4.44122581475971e-05, 0.00011887291103844794, -4.41508837543843e-05], [-4.4303241562306134e-05, -4.41508837543843e-05, 0.00011909581463524801]]}
 #*EXTRAS*# Step:           8  Bead:      4  
{"friction": [[0.00011883013068512436, -4.446983593356149e-05, -4.433381427130158e-05], [-4.446983593356149e-05, 0.00011856063471019628, -4.417995912856348e-05], [-4.433381427130158e-05, -4.417995912856348e-05, 0.00011882071224498145]]}
 #*EXTRAS*# Step:           9  Bead:      4  
{"friction": [[0.00011859976441216682, -4.4511391198934054e-05, -4.435285952476713e-05], [-4.4511391198934054e-05, 0.000118304252413566, -4.419957222291216e-05], [-4.435285952476713e-05, -4.419957222291216e-05, 0.00011859340246997805]]}
 #*EXTRAS*# Step:          10  Bead:      4  
{"friction": [[0.00011840558516319614, -4.4542061272838076e-05, -4.436476777142602e-05], [-4.4542061272838076e-05, 0.00011808925307518387, -4.421306114628768e-05], [-4.436476777142602e-05, -4.421306114628768e-05, 0.0001184015752951598]]}
 #*EXTRAS*# Step:          11  Bead:      4  
{"friction": [[0.00011823921633763981, -4.4565044615619234e-05, -4.437205813588116e-05], [-4.4565044615619234e-05, 0.00011790600856767983, -4.4222411653389576e-05], [-4.437205813588116e-05, -4.4222411653389576e-05, 0.00011823708062241249]]}
 #*EXTRAS*# Step:          12  Bead:      4  
{"friction": [[0.000118094782357607, -4.4582447322553376e-05, -4.4376267989850055e-05], [-4.4582447322553376e-05, 0.00011774774501860025, -4.422887860792521e-05], [-4.4376267989850055e-05, -4.422887860792521e-05, 0.00011809418193975138]]}
 #*EXTRAS*# Step:          13  Bead:      4  
{"friction": [[0.00011796807433135647, -4.4595702085058035e-05, -4.4378375889050864e-05], [-4.4595702085058035e-05, 0.0001176096011387571, -4.4233286408924316e-05], [-4.4378375889050864e-05, -4.4233286408924316e-05, 0.00011796875956720269]]}
 #*EXTRAS*# Step:          14  Bead:      4  
{"friction": [[0.00011785597458622951, -4.4605817221714796e-05, -4.437902870206821e-05], [-4.4605817221714796e-05, 0.00011748797399318313, -4.4236197007858894e-05], [-4.437902870206821e-05, -4.4236197007858894e-05, 0.00011785775563162551]]}
 #*EXTRAS*# Step:          15  Bead:      4  
{"friction": [[0.00011775611945899513, -4.46135213835161e-05, -4.4378667081409935e-05], [-4.46135213835161e-05, 0.0001173801323307823, -4.4238004764108554e-05], [-4.4378667081409935e-05, -4.4238004764108554e-05, 0.00011775884794083997]]}
 #*EXTRAS*# Step:          16  Bead:      4  
{"friction": [[0.0001176666747877808, -4.4619353551771966e-05, -4.437759878678848e-05], [-4.4619353551771966e-05, 0.00011728395842060013, -4.4238993391320516e-05], [-4.437759878678848e-05, -4.4238993391320516e-05, 0.00011767023199038482]]}
 #*EXTRAS*# Step:          17  Bead:      4  
{"friction": [[0.0001175861891453161, -4.462372019705838e-05, -4.43760431321599e-05], [-4.462372019705838e-05, 0.00011719777864942468, -4.423937121028195e-05], [-4.43760431321599e-05, -4.423937121028195e-05, 0.00011759047812570277]]}
 #*EXTRAS*# Step:          18  Bead:      4  
{"friction": [[0.00011751349316684174, -4.4626932919655545e-05, -4.4374158915510944e-05], [-4.4626932919655545e-05, 0.00011712024712397131, -4.423929378205606e-05], [-4.4374158915510944e-05, -4.423929378205606e-05, 0.00011751843334693357]]}
 #*EXTRAS*# Step:          19  Bead:      4  
{"friction": [[0.00011744762961992548, -4.4629233864394175e-05, -4.437206251793386e-05], [-4.4629233864394175e-05, 0.00011705026466374876, -4.423887886124528e-05], [-4.437206251793386e-05, -4.423887886124528e-05, 0.00011745315298356145]]}
 #*EXTRAS*# Step:          20  Bead:      4  
{"friction": [[0.00011738780358845689, -4.463081332682e-05, -4.4369839957794265e-05], [-4.463081332682e-05, 0.00011698692101674914, -4.423821654497569e-05], [-4.4369839957794265e-05, -4.423821654497569e-05, 0.00011739385194900655]]}
 #*EXTRAS*# Step:          21  Bead:      4  
{"friction": [[0.00011733334640478732, -4.4631822222405206e-05, -4.4367555120524354e-05], [-4.4631822222405206e-05, 0.00011692945296249422, -4.423737632767856e-05], [-4.4367555120524354e-05, -4.423737632767856e-05, 0.00011733986940355956]]}
 #*EXTRAS*# Step:          22  Bead:      4  
{"friction": [[0.00011728368907584373, -4.463238110197935e-05, -4.436525550362457e-05], [-4.463238110197935e-05, 0.00011687721340009478, -4.423641211304196e-05], [-4.436525550362457e-05, -4.423641211304196e-05, 0.00011729064269009751]]}
 #*EXTRAS*# Step:          23  Bead:      4  
{"friction": [[0.0001172383424156295, -4.4632586793431197e-05, -4.43629763092775e-05], [-4.4632586793431197e-05, 0.00011682964820160394, -4.4235365846045575e-05], [-4.43629763092775e-05, -4.4235365846045575e-05, 0.00011724568782849715]]}
 #*EXTRAS*# Step:          24  Bead:      4  
{"friction": [[0.0001171968819823881, -4.463251737978226e-05, -4.436074341381048e-05], [-4.463251737978226e-05, 0.00011678627863353075, -4.423427019304463e-05], [-4.436074341381048e-05, -4.423427019304463e-05, 0.00011720458471408661]]}
 #*EXTRAS*# Step:          25  Bead:      4  
{"friction": [[0.00011715893651165148, -4.4632235989489705e-05, -4.435857555840678e-05], [-4.4632235989489705e-05, 0.00011674668783343752, -4.423315055222995e-05], [-4.435857555840678e-05, -4.423315055222995e-05, 0.000117166965742108]]}
 #*EXTRAS*# Step:          26  Bead:      4  
{"friction": [[0.00011712417892549652, -4.4631793723902244e-05, -4.4356485989657975e-05], [-4.4631793723902244e-05, 0.0001167105102783188, -4.423202658437022e-05], [-4.4356485989657975e-05, -4.423202658437022e-05, 0.00011713250695906716]]}
 #*EXTRAS*# Step:          27  Bead:      4  
{"friction": [[0.00011709231926477995, -4.4631231947573914e-05, -4.4354483704705436e-05], [-4.4631231947573914e-05, 0.00011667742348925151, -4.423091339399117e-05], [-4.4354483704705436e-05, -4.423091339399117e-05, 0.00011710092110171828]]}
 #*EXTRAS*# Step:          28  Bead:      4  
{"friction": [[0.00011706309906640859, -4.463058410065597e-05, -4.435257440712073e-05], [-4.463058410065597e-05, 0.00011664714142023798, -4.4229822451473455e-05], [-4.435257440712073e-05, -4.4229822451473455e-05, 0.00011707195205547787]]}
 #*EXTRAS*# Step:          29  Bead:      4  
{"friction": [[0.00011703628684358028, -4.4629877147541886e-05, -4.435076124822384e-05], [-4.4629877147541886e-05, 0.00011661940913523149, -4.4228762320351386e-05], [-4.435076124822384e-05, -4.4228762320351386e-05, 0.00011704537039699232]]}
 #*EXTRAS*# Step:          30  Bead:      4  
{"friction": [[0.00011701167442199444, -4.462913274511881e-05, -4.434904540742788e-05], [-4.462913274511881e-05, 0.00011659399848647701, -4.4227739236348115e-05], [-4.434904540742788e-05, -4.4227739236348115e-05, 0.00011702096977865009]]}
