 #*EXTRAS*# Step:           0  Bead:      7  
     0.00011665          -0.00004461          -0.00004432
    -0.00004461           0.00011623          -0.00004421
    -0.00004432          -0.00004421           0.00011666
 #*EXTRAS*# Step:           1  Bead:      7  
     0.00011708          -0.00004463          -0.00004435
    -0.00004463           0.00011666          -0.00004423
    -0.00004435          -0.00004423           0.00011709
 #*EXTRAS*# Step:           2  Bead:      7  
     0.00011753          -0.00004463          -0.00004437
    -0.00004463           0.00011714          -0.00004424
    -0.00004437          -0.00004424           0.00011754
 #*EXTRAS*# Step:           3  Bead:      7  
     0.00011731          -0.00004463          -0.00004437
    -0.00004463           0.00011691          -0.00004424
    -0.00004437          -0.00004424           0.00011732
 #*EXTRAS*# Step:           4  Bead:      7  
     0.00011719          -0.00004463          -0.00004436
    -0.00004463           0.00011678          -0.00004423
    -0.00004436          -0.00004423           0.00011720
 #*EXTRAS*# Step:           5  Bead:      7  
     0.00011713          -0.00004463          -0.00004436
    -0.00004463           0.00011671          -0.00004423
    -0.00004436          -0.00004423           0.00011713
 #*EXTRAS*# Step:           6  Bead:      7  
     0.00011707          -0.00004463          -0.00004435
    -0.00004463           0.00011666          -0.00004423
    -0.00004435          -0.00004423           0.00011708
 #*EXTRAS*# Step:           7  Bead:      7  
     0.00011704          -0.00004463          -0.00004435
    -0.00004463           0.00011662          -0.00004423
    -0.00004435          -0.00004423           0.00011705
 #*EXTRAS*# Step:           8  Bead:      7  
     0.00011700          -0.00004463          -0.00004435
    -0.00004463           0.00011659          -0.00004423
    -0.00004435          -0.00004423           0.00011701
 #*EXTRAS*# Step:           9  Bead:      7  
     0.00011698          -0.00004463          -0.00004435
    -0.00004463           0.00011656          -0.00004423
    -0.00004435          -0.00004423           0.00011699
 #*EXTRAS*# Step:          10  Bead:      7  
     0.00011696          -0.00004463          -0.00004434
    -0.00004463           0.00011654          -0.00004423
    -0.00004434          -0.00004423           0.00011697
 #*EXTRAS*# Step:          11  Bead:      7  
     0.00011694          -0.00004463          -0.00004434
    -0.00004463           0.00011652          -0.00004422
    -0.00004434          -0.00004422           0.00011695
 #*EXTRAS*# Step:          12  Bead:      7  
     0.00011692          -0.00004463          -0.00004434
    -0.00004463           0.00011650          -0.00004422
    -0.00004434          -0.00004422           0.00011693
 #*EXTRAS*# Step:          13  Bead:      7  
     0.00011690          -0.00004462          -0.00004434
    -0.00004462           0.00011648          -0.00004422
    -0.00004434          -0.00004422           0.00011691
 #*EXTRAS*# Step:          14  Bead:      7  
     0.00011689          -0.00004462          -0.00004434
    -0.00004462           0.00011647          -0.00004422
    -0.00004434          -0.00004422           0.00011690
 #*EXTRAS*# Step:          15  Bead:      7  
     0.00011688          -0.00004462          -0.00004434
    -0.00004462           0.00011645          -0.00004422
    -0.00004434          -0.00004422           0.00011689
 #*EXTRAS*# Step:          16  Bead:      7  
     0.00011686          -0.00004462          -0.00004434
    -0.00004462           0.00011644          -0.00004422
    -0.00004434          -0.00004422           0.00011687
 #*EXTRAS*# Step:          17  Bead:      7  
     0.00011685          -0.00004462          -0.00004434
    -0.00004462           0.00011643          -0.00004422
    -0.00004434          -0.00004422           0.00011686
 #*EXTRAS*# Step:          18  Bead:      7  
     0.00011684          -0.00004462          -0.00004434
    -0.00004462           0.00011642          -0.00004422
    -0.00004434          -0.00004422           0.00011685
 #*EXTRAS*# Step:          19  Bead:      7  
     0.00011684          -0.00004462          -0.00004434
    -0.00004462           0.00011641          -0.00004422
    -0.00004434          -0.00004422           0.00011685
 #*EXTRAS*# Step:          20  Bead:      7  
     0.00011683          -0.00004462          -0.00004433
    -0.00004462           0.00011640          -0.00004422
    -0.00004433          -0.00004422           0.00011684
 #*EXTRAS*# Step:          21  Bead:      7  
     0.00011682          -0.00004462          -0.00004433
    -0.00004462           0.00011640          -0.00004422
    -0.00004433          -0.00004422           0.00011683
 #*EXTRAS*# Step:          22  Bead:      7  
     0.00011681          -0.00004462          -0.00004433
    -0.00004462           0.00011639          -0.00004422
    -0.00004433          -0.00004422           0.00011682
 #*EXTRAS*# Step:          23  Bead:      7  
     0.00011681          -0.00004462          -0.00004433
    -0.00004462           0.00011638          -0.00004422
    -0.00004433          -0.00004422           0.00011682
 #*EXTRAS*# Step:          24  Bead:      7  
     0.00011680          -0.00004462          -0.00004433
    -0.00004462           0.00011638          -0.00004422
    -0.00004433          -0.00004422           0.00011681
 #*EXTRAS*# Step:          25  Bead:      7  
     0.00011680          -0.00004462          -0.00004433
    -0.00004462           0.00011637          -0.00004422
    -0.00004433          -0.00004422           0.00011681
 #*EXTRAS*# Step:          26  Bead:      7  
     0.00011679          -0.00004462          -0.00004433
    -0.00004462           0.00011637          -0.00004422
    -0.00004433          -0.00004422           0.00011680
 #*EXTRAS*# Step:          27  Bead:      7  
     0.00011679          -0.00004462          -0.00004433
    -0.00004462           0.00011636          -0.00004422
    -0.00004433          -0.00004422           0.00011680
 #*EXTRAS*# Step:          28  Bead:      7  
     0.00011678          -0.00004462          -0.00004433
    -0.00004462           0.00011636          -0.00004422
    -0.00004433          -0.00004422           0.00011679
 #*EXTRAS*# Step:          29  Bead:      7  
     0.00011678          -0.00004462          -0.00004433
    -0.00004462           0.00011635          -0.00004422
    -0.00004433          -0.00004422           0.00011679
 #*EXTRAS*# Step:          30  Bead:      7  
     0.00011677          -0.00004462          -0.00004433
    -0.00004462           0.00011635          -0.00004422
    -0.00004433          -0.00004422           0.00011679
