 #*EXTRAS*# Step:           0  Bead:      0  
     0.00013194          -0.00003135          -0.00003130
    -0.00003135           0.00013218          -0.00003131
    -0.00003130          -0.00003131           0.00013173
 #*EXTRAS*# Step:           1  Bead:      0  
     0.00012916          -0.00003645          -0.00003615
    -0.00003645           0.00012933          -0.00003649
    -0.00003615          -0.00003649           0.00012882
 #*EXTRAS*# Step:           2  Bead:      0  
     0.00012595          -0.00004042          -0.00003987
    -0.00004042           0.00012602          -0.00004051
    -0.00003987          -0.00004051           0.00012563
 #*EXTRAS*# Step:           3  Bead:      0  
     0.00012376          -0.00004237          -0.00004198
    -0.00004237           0.00012383          -0.00004247
    -0.00004198          -0.00004247           0.00012354
 #*EXTRAS*# Step:           4  Bead:      0  
     0.00012251          -0.00004316          -0.00004300
    -0.00004316           0.00012257          -0.00004323
    -0.00004300          -0.00004323           0.00012236
 #*EXTRAS*# Step:           5  Bead:      0  
     0.00012165          -0.00004358          -0.00004353
    -0.00004358           0.00012168          -0.00004358
    -0.00004353          -0.00004358           0.00012156
 #*EXTRAS*# Step:           6  Bead:      0  
     0.00012100          -0.00004384          -0.00004383
    -0.00004384           0.00012098          -0.00004379
    -0.00004383          -0.00004379           0.00012093
 #*EXTRAS*# Step:           7  Bead:      0  
     0.00012048          -0.00004403          -0.00004402
    -0.00004403           0.00012040          -0.00004392
    -0.00004402          -0.00004392           0.00012043
 #*EXTRAS*# Step:           8  Bead:      0  
     0.00012005          -0.00004417          -0.00004413
    -0.00004417           0.00011993          -0.00004401
    -0.00004413          -0.00004401           0.00012001
 #*EXTRAS*# Step:           9  Bead:      0  
     0.00011969          -0.00004427          -0.00004421
    -0.00004427           0.00011952          -0.00004407
    -0.00004421          -0.00004407           0.00011966
 #*EXTRAS*# Step:          10  Bead:      0  
     0.00011938          -0.00004435          -0.00004426
    -0.00004435           0.00011918          -0.00004412
    -0.00004426          -0.00004412           0.00011937
 #*EXTRAS*# Step:          11  Bead:      0  
     0.00011912          -0.00004441          -0.00004430
    -0.00004441           0.00011889          -0.00004415
    -0.00004430          -0.00004415           0.00011911
 #*EXTRAS*# Step:          12  Bead:      0  
     0.00011889          -0.00004446          -0.00004433
    -0.00004446           0.00011863          -0.00004417
    -0.00004433          -0.00004417           0.00011888
 #*EXTRAS*# Step:          13  Bead:      0  
     0.00011869          -0.00004450          -0.00004435
    -0.00004450           0.00011841          -0.00004419
    -0.00004435          -0.00004419           0.00011869
 #*EXTRAS*# Step:          14  Bead:      0  
     0.00011851          -0.00004453          -0.00004436
    -0.00004453           0.00011821          -0.00004421
    -0.00004436          -0.00004421           0.00011851
 #*EXTRAS*# Step:          15  Bead:      0  
     0.00011836          -0.00004455          -0.00004437
    -0.00004455           0.00011803          -0.00004422
    -0.00004437          -0.00004422           0.00011835
 #*EXTRAS*# Step:          16  Bead:      0  
     0.00011821          -0.00004457          -0.00004437
    -0.00004457           0.00011788          -0.00004422
    -0.00004437          -0.00004422           0.00011821
 #*EXTRAS*# Step:          17  Bead:      0  
     0.00011809          -0.00004458          -0.00004438
    -0.00004458           0.00011774          -0.00004423
    -0.00004438          -0.00004423           0.00011808
 #*EXTRAS*# Step:          18  Bead:      0  
     0.00011797          -0.00004460          -0.00004438
    -0.00004460           0.00011761          -0.00004423
    -0.00004438          -0.00004423           0.00011797
 #*EXTRAS*# Step:          19  Bead:      0  
     0.00011786          -0.00004461          -0.00004438
    -0.00004461           0.00011750          -0.00004424
    -0.00004438          -0.00004424           0.00011787
 #*EXTRAS*# Step:          20  Bead:      0  
     0.00011777          -0.00004461          -0.00004438
    -0.00004461           0.00011739          -0.00004424
    -0.00004438          -0.00004424           0.00011777
 #*EXTRAS*# Step:          21  Bead:      0  
     0.00011768          -0.00004462          -0.00004438
    -0.00004462           0.00011730          -0.00004424
    -0.00004438          -0.00004424           0.00011769
 #*EXTRAS*# Step:          22  Bead:      0  
     0.00011760          -0.00004462          -0.00004438
    -0.00004462           0.00011722          -0.00004424
    -0.00004438          -0.00004424           0.00011761
 #*EXTRAS*# Step:          23  Bead:      0  
     0.00011753          -0.00004463          -0.00004437
    -0.00004463           0.00011714          -0.00004424
    -0.00004437          -0.00004424           0.00011754
 #*EXTRAS*# Step:          24  Bead:      0  
     0.00011747          -0.00004463          -0.00004437
    -0.00004463           0.00011707          -0.00004424
    -0.00004437          -0.00004424           0.00011747
 #*EXTRAS*# Step:          25  Bead:      0  
     0.00011741          -0.00004463          -0.00004437
    -0.00004463           0.00011701          -0.00004424
    -0.00004437          -0.00004424           0.00011741
 #*EXTRAS*# Step:          26  Bead:      0  
     0.00011735          -0.00004463          -0.00004437
    -0.00004463           0.00011695          -0.00004424
    -0.00004437          -0.00004424           0.00011736
 #*EXTRAS*# Step:          27  Bead:      0  
     0.00011730          -0.00004463          -0.00004437
    -0.00004463           0.00011689          -0.00004424
    -0.00004437          -0.00004424           0.00011731
 #*EXTRAS*# Step:          28  Bead:      0  
     0.00011725          -0.00004463          -0.00004436
    -0.00004463           0.00011685          -0.00004424
    -0.00004436          -0.00004424           0.00011726
 #*EXTRAS*# Step:          29  Bead:      0  
     0.00011721          -0.00004463          -0.00004436
    -0.00004463           0.00011680          -0.00004423
    -0.00004436          -0.00004423           0.00011722
 #*EXTRAS*# Step:          30  Bead:      0  
     0.00011717          -0.00004463          -0.00004436
    -0.00004463           0.00011676          -0.00004423
    -0.00004436          -0.00004423           0.00011718
