 #*EXTRAS*# Step:           0  Bead:     13  
{"friction": [[0.00010310461147450481, -3.446489117457354e-05, -3.44165270104119e-05], [-3.446489117457354e-05, 0.00010307920642357731, -3.4657347226921115e-05], [-3.44165270104119e-05, -3.4657347226921115e-05, 0.00010269639584043074]]}
 #*EXTRAS*# Step:           1  Bead:     13  
{"friction": [[0.00010582671403554583, -3.7912901255851164e-05, -3.7856307578776025e-05], [-3.7912901255851164e-05, 0.0001058242814256422, -3.798157672066333e-05], [-3.7856307578776025e-05, -3.798157672066333e-05, 0.00010566907242795302]]}
 #*EXTRAS*# Step:           2  Bead:     13  
{"friction": [[0.00010890484522279301, -4.0739678150744975e-05, -4.078040507024623e-05], [-4.0739678150744975e-05, 0.00010891949857258055, -4.0756279501326e-05], [-4.078040507024623e-05, -4.0756279501326e-05, 0.00010896660145634423]]}
 #*EXTRAS*# Step:           3  Bead:     13  
{"friction": [[0.00011054972099373442, -4.193714718026962e-05, -4.201558912948856e-05], [-4.193714718026962e-05, 0.0001105715549370078, -4.199081787307331e-05], [-4.201558912948856e-05, -4.199081787307331e-05, 0.00011062640262796619]]}
 #*EXTRAS*# Step:           4  Bead:     13  
{"friction": [[0.00011167373558125277, -4.26534658442672e-05, -4.271108016930257e-05], [-4.26534658442672e-05, 0.0001116575473293728, -4.2692179113977573e-05], [-4.271108016930257e-05, -4.2692179113977573e-05, 0.00011174001845452613]]}
 #*EXTRAS*# Step:           5  Bead:     13  
{"friction": [[0.00011247568658637595, -4.3121336579496224e-05, -4.313004578132801e-05], [-4.3121336579496224e-05, 0.00011239900052642074, -4.310953434255642e-05], [-4.313004578132801e-05, -4.310953434255642e-05, 0.00011253185682476278]]}
 #*EXTRAS*# Step:           6  Bead:     13  
{"friction": [[0.0001130670218367398, -4.344163292317609e-05, -4.33976973064958e-05], [-4.344163292317609e-05, 0.00011292930775780671, -4.337125657025158e-05], [-4.33976973064958e-05, -4.337125657025158e-05, 0.00011311605597761532]]}
 #*EXTRAS*# Step:           7  Bead:     13  
{"friction": [[0.00011352682554249325, -4.367187449585796e-05, -4.358209223127699e-05], [-4.367187449585796e-05, 0.00011333692604758067, -4.3548691559485286e-05], [-4.358209223127699e-05, -4.3548691559485286e-05, 0.00011357054869820459]]}
 #*EXTRAS*# Step:           8  Bead:     13  
{"friction": [[0.00011389622348109768, -4.384286725123632e-05, -4.371548183344317e-05], [-4.384286725123632e-05, 0.00011366378609545335, -4.367524541545088e-05], [-4.371548183344317e-05, -4.367524541545088e-05, 0.00011393582381268883]]}
 #*EXTRAS*# Step:           9  Bead:     13  
{"friction": [[0.00011420181934117877, -4.397389772462523e-05, -4.381606138306165e-05], [-4.397389772462523e-05, 0.00011393497660502943, -4.3769456425915896e-05], [-4.381606138306165e-05, -4.3769456425915896e-05, 0.0001142381022644138]]}
 #*EXTRAS*# Step:          10  Bead:     13  
{"friction": [[0.00011446002767836162, -4.407670286225753e-05, -4.38942459890099e-05], [-4.407670286225753e-05, 0.00011416532533488921, -4.384182539436e-05], [-4.38942459890099e-05, -4.384182539436e-05, 0.00011449357141881446]]}
 #*EXTRAS*# Step:          11  Bead:     13  
{"friction": [[0.00011468189405087364, -4.415893718984814e-05, -4.395651387558936e-05], [-4.415893718984814e-05, 0.0001143645237014826, -4.38988189009581e-05], [-4.395651387558936e-05, -4.38988189009581e-05, 0.00011471312957649538]]}
 #*EXTRAS*# Step:          12  Bead:     13  
{"friction": [[0.00011487503308454692, -4.422573946021489e-05, -4.4007062934188094e-05], [-4.422573946021489e-05, 0.00011453912340221844, -4.394459319713776e-05], [-4.4007062934188094e-05, -4.394459319713776e-05, 0.00011490429266252298]]}
 #*EXTRAS*# Step:          13  Bead:     13  
{"friction": [[0.00011504491984739898, -4.428069530147123e-05, -4.4048740380350584e-05], [-4.428069530147123e-05, 0.00011469377408783648, -4.3981946095619455e-05], [-4.4048740380350584e-05, -4.3981946095619455e-05, 0.00011507246653865287]]}
 #*EXTRAS*# Step:          14  Bead:     13  
{"friction": [[0.00011519559759727089, -4.432637721358142e-05, -4.408354249076434e-05], [-4.432637721358142e-05, 0.00011483187916794359, -4.401282601279096e-05], [-4.408354249076434e-05, -4.401282601279096e-05, 0.00011522164443645417]]}
 #*EXTRAS*# Step:          15  Bead:     13  
{"friction": [[0.00011533013526401523, -4.4364680129311266e-05, -4.411291197265244e-05], [-4.4364680129311266e-05, 0.00011495600760655756, -4.403863216160053e-05], [-4.411291197265244e-05, -4.403863216160053e-05, 0.00011535485804133444]]}
 #*EXTRAS*# Step:          16  Bead:     13  
{"friction": [[0.00011545091484349607, -4.439703068600205e-05, -4.413791782680746e-05], [-4.439703068600205e-05, 0.00011506814717146045, -4.4060395122933384e-05], [-4.413791782680746e-05, -4.4060395122933384e-05, 0.00011547446094367727]]}
 #*EXTRAS*# Step:          17  Bead:     13  
{"friction": [[0.00011555982351716945, -4.4424523851076944e-05, -4.415936965502208e-05], [-4.4424523851076944e-05, 0.00011516987108592353, -4.407889090359397e-05], [-4.415936965502208e-05, -4.407889090359397e-05, 0.00011558231818457514]]}
 #*EXTRAS*# Step:          18  Bead:     13  
{"friction": [[0.00011565838361758527, -4.444801404528341e-05, -4.41778922252533e-05], [-4.444801404528341e-05, 0.0001152624493084045, -4.409471497490848e-05], [-4.41778922252533e-05, -4.409471497490848e-05, 0.00011567993450939103]]}
 #*EXTRAS*# Step:          19  Bead:     13  
{"friction": [[0.00011574784329626794, -4.4468177655739154e-05, -4.419397564232528e-05], [-4.4468177655739154e-05, 0.00011534692537950514, -4.4108331854304194e-05], [-4.419397564232528e-05, -4.4108331854304194e-05, 0.00011576854386057148]]}
 #*EXTRAS*# Step:          20  Bead:     13  
{"friction": [[0.00011582924089926089, -4.448555684975521e-05, -4.420800991531217e-05], [-4.448555684975521e-05, 0.00011542417050392197, -4.412010912483631e-05], [-4.420800991531217e-05, -4.412010912483631e-05, 0.00011584917292990527]]}
 #*EXTRAS*# Step:          21  Bead:     13  
{"friction": [[0.00011590345159842897, -4.4500590940188836e-05, -4.422030932464491e-05], [-4.4500590940188836e-05, 0.00011549492242682979, -4.4130341323568685e-05], [-4.422030932464491e-05, -4.4130341323568685e-05, 0.00011592268720048554]]}
 #*EXTRAS*# Step:          22  Bead:     13  
{"friction": [[0.00011597122171221414, -4.451363925922771e-05, -4.4231129942102445e-05], [-4.451363925922771e-05, 0.00011555981384470958, -4.4139267057065886e-05], [-4.4231129942102445e-05, -4.4139267057065886e-05, 0.00011598982483806489]]}
 #*EXTRAS*# Step:          23  Bead:     13  
{"friction": [[0.00011603319435547614, -4.452499812996451e-05, -4.424068245910179e-05], [-4.452499812996451e-05, 0.00011561939349653067, -4.4147081492826656e-05], [-4.424068245910179e-05, -4.4147081492826656e-05, 0.00011605122202279234]]}
 #*EXTRAS*# Step:          24  Bead:     13  
{"friction": [[0.00011608992887239284, -4.4534913657689345e-05, -4.4249141734914816e-05], [-4.4534913657689345e-05, 0.00011567414203879047, -4.415394562886166e-05], [-4.4249141734914816e-05, -4.415394562886166e-05, 0.00011610743214294139]]}
 #*EXTRAS*# Step:          25  Bead:     13  
{"friction": [[0.00011614191574952336, -4.4543591510566036e-05, -4.425665401086803e-05], [-4.4543591510566036e-05, 0.000115724484150297, -4.4159993277701105e-05], [-4.425665401086803e-05, -4.4159993277701105e-05, 0.00011615894052565837]]}
 #*EXTRAS*# Step:          26  Bead:     13  
{"friction": [[0.00011618958819876309, -4.455120449747471e-05, -4.4263342436119065e-05], [-4.455120449747471e-05, 0.00011577079787497754, -4.4165336401661865e-05], [-4.4263342436119065e-05, -4.4165336401661865e-05, 0.00011620617587916405]]}
 #*EXTRAS*# Step:          27  Bead:     13  
{"friction": [[0.00011623333126044384, -4.455789851061065e-05, -4.4269311353823196e-05], [-4.455789851061065e-05, 0.00011581342192051826, -4.417006924065452e-05], [-4.4269311353823196e-05, -4.417006924065452e-05, 0.00011624951928585755]]}
 #*EXTRAS*# Step:          28  Bead:     13  
{"friction": [[0.0001162734890331635, -4.456379723627706e-05, -4.427464966345945e-05], [-4.456379723627706e-05, 0.00011585266142198939, -4.4174271542296306e-05], [-4.427464966345945e-05, -4.4174271542296306e-05, 0.00011628931134524612]]}
 #*EXTRAS*# Step:          29  Bead:     13  
{"friction": [[0.00011631037047712337, -4.4569005926295173e-05, -4.427943348610479e-05], [-4.4569005926295173e-05, 0.00011588879254445702, -4.4178011116136335e-05], [-4.427943348610479e-05, -4.4178011116136335e-05, 0.00011632585790789502]]}
 #*EXTRAS*# Step:          30  Bead:     13  
{"friction": [[0.00011634425412913697, -4.45736144454399e-05, -4.4283728298414045e-05], [-4.45736144454399e-05, 0.0001159220662077576, -4.41813458735139e-05], [-4.4283728298414045e-05, -4.41813458735139e-05, 0.00011635943473439066]]}
