 #*EXTRAS*# Step:           0  Bead:     10  
     0.00010769          -0.00003973          -0.00003972
    -0.00003973           0.00010769          -0.00003973
    -0.00003972          -0.00003973           0.00010770
 #*EXTRAS*# Step:           1  Bead:     10  
     0.00010994          -0.00004152          -0.00004159
    -0.00004152           0.00010997          -0.00004156
    -0.00004159          -0.00004156           0.00011002
 #*EXTRAS*# Step:           2  Bead:     10  
     0.00011224          -0.00004299          -0.00004301
    -0.00004299           0.00011219          -0.00004300
    -0.00004301          -0.00004300           0.00011230
 #*EXTRAS*# Step:           3  Bead:     10  
     0.00011322          -0.00004352          -0.00004346
    -0.00004352           0.00011306          -0.00004343
    -0.00004346          -0.00004343           0.00011327
 #*EXTRAS*# Step:           4  Bead:     10  
     0.00011387          -0.00004383          -0.00004371
    -0.00004383           0.00011364          -0.00004367
    -0.00004371          -0.00004367           0.00011391
 #*EXTRAS*# Step:           5  Bead:     10  
     0.00011434          -0.00004403          -0.00004386
    -0.00004403           0.00011405          -0.00004381
    -0.00004386          -0.00004381           0.00011437
 #*EXTRAS*# Step:           6  Bead:     10  
     0.00011468          -0.00004416          -0.00004396
    -0.00004416           0.00011436          -0.00004390
    -0.00004396          -0.00004390           0.00011471
 #*EXTRAS*# Step:           7  Bead:     10  
     0.00011495          -0.00004425          -0.00004402
    -0.00004425           0.00011460          -0.00004396
    -0.00004402          -0.00004396           0.00011497
 #*EXTRAS*# Step:           8  Bead:     10  
     0.00011516          -0.00004432          -0.00004407
    -0.00004432           0.00011480          -0.00004401
    -0.00004407          -0.00004401           0.00011518
 #*EXTRAS*# Step:           9  Bead:     10  
     0.00011533          -0.00004437          -0.00004411
    -0.00004437           0.00011496          -0.00004404
    -0.00004411          -0.00004404           0.00011536
 #*EXTRAS*# Step:          10  Bead:     10  
     0.00011548          -0.00004440          -0.00004414
    -0.00004440           0.00011509          -0.00004407
    -0.00004414          -0.00004407           0.00011550
 #*EXTRAS*# Step:          11  Bead:     10  
     0.00011560          -0.00004444          -0.00004417
    -0.00004444           0.00011521          -0.00004409
    -0.00004417          -0.00004409           0.00011563
 #*EXTRAS*# Step:          12  Bead:     10  
     0.00011571          -0.00004446          -0.00004419
    -0.00004446           0.00011531          -0.00004410
    -0.00004419          -0.00004410           0.00011573
 #*EXTRAS*# Step:          13  Bead:     10  
     0.00011581          -0.00004448          -0.00004420
    -0.00004448           0.00011540          -0.00004412
    -0.00004420          -0.00004412           0.00011583
 #*EXTRAS*# Step:          14  Bead:     10  
     0.00011589          -0.00004450          -0.00004422
    -0.00004450           0.00011548          -0.00004413
    -0.00004422          -0.00004413           0.00011591
 #*EXTRAS*# Step:          15  Bead:     10  
     0.00011597          -0.00004451          -0.00004423
    -0.00004451           0.00011556          -0.00004414
    -0.00004423          -0.00004414           0.00011599
 #*EXTRAS*# Step:          16  Bead:     10  
     0.00011603          -0.00004453          -0.00004424
    -0.00004453           0.00011562          -0.00004415
    -0.00004424          -0.00004415           0.00011605
 #*EXTRAS*# Step:          17  Bead:     10  
     0.00011609          -0.00004454          -0.00004425
    -0.00004454           0.00011568          -0.00004415
    -0.00004425          -0.00004415           0.00011611
 #*EXTRAS*# Step:          18  Bead:     10  
     0.00011615          -0.00004454          -0.00004426
    -0.00004454           0.00011573          -0.00004416
    -0.00004426          -0.00004416           0.00011617
 #*EXTRAS*# Step:          19  Bead:     10  
     0.00011620          -0.00004455          -0.00004426
    -0.00004455           0.00011578          -0.00004417
    -0.00004426          -0.00004417           0.00011621
 #*EXTRAS*# Step:          20  Bead:     10  
     0.00011624          -0.00004456          -0.00004427
    -0.00004456           0.00011582          -0.00004417
    -0.00004427          -0.00004417           0.00011626
 #*EXTRAS*# Step:          21  Bead:     10  
     0.00011628          -0.00004457          -0.00004428
    -0.00004457           0.00011586          -0.00004418
    -0.00004428          -0.00004418           0.00011630
 #*EXTRAS*# Step:          22  Bead:     10  
     0.00011632          -0.00004457          -0.00004428
    -0.00004457           0.00011590          -0.00004418
    -0.00004428          -0.00004418           0.00011634
 #*EXTRAS*# Step:          23  Bead:     10  
     0.00011635          -0.00004457          -0.00004429
    -0.00004457           0.00011593          -0.00004418
    -0.00004429          -0.00004418           0.00011637
 #*EXTRAS*# Step:          24  Bead:     10  
     0.00011639          -0.00004458          -0.00004429
    -0.00004458           0.00011596          -0.00004419
    -0.00004429          -0.00004419           0.00011640
 #*EXTRAS*# Step:          25  Bead:     10  
     0.00011641          -0.00004458          -0.00004429
    -0.00004458           0.00011599          -0.00004419
    -0.00004429          -0.00004419           0.00011643
 #*EXTRAS*# Step:          26  Bead:     10  
     0.00011644          -0.00004459          -0.00004430
    -0.00004459           0.00011602          -0.00004419
    -0.00004430          -0.00004419           0.00011645
 #*EXTRAS*# Step:          27  Bead:     10  
     0.00011646          -0.00004459          -0.00004430
    -0.00004459           0.00011604          -0.00004419
    -0.00004430          -0.00004419           0.00011648
 #*EXTRAS*# Step:          28  Bead:     10  
     0.00011649          -0.00004459          -0.00004430
    -0.00004459           0.00011606          -0.00004419
    -0.00004430          -0.00004419           0.00011650
 #*EXTRAS*# Step:          29  Bead:     10  
     0.00011651          -0.00004459          -0.00004430
    -0.00004459           0.00011608          -0.00004420
    -0.00004430          -0.00004420           0.00011652
 #*EXTRAS*# Step:          30  Bead:     10  
     0.00011652          -0.00004460          -0.00004430
    -0.00004460           0.00011610          -0.00004420
    -0.00004430          -0.00004420           0.00011654
