 #*EXTRAS*# Step:           0  Bead:      1  
     0.00013155          -0.00003225          -0.00003218
    -0.00003225           0.00013179          -0.00003222
    -0.00003218          -0.00003222           0.00013130
 #*EXTRAS*# Step:           1  Bead:      1  
     0.00012869          -0.00003713          -0.00003678
    -0.00003713           0.00012884          -0.00003718
    -0.00003678          -0.00003718           0.00012834
 #*EXTRAS*# Step:           2  Bead:      1  
     0.00012556          -0.00004082          -0.00004026
    -0.00004082           0.00012562          -0.00004091
    -0.00004026          -0.00004091           0.00012525
 #*EXTRAS*# Step:           3  Bead:      1  
     0.00012351          -0.00004255          -0.00004221
    -0.00004255           0.00012357          -0.00004265
    -0.00004221          -0.00004265           0.00012330
 #*EXTRAS*# Step:           4  Bead:      1  
     0.00012230          -0.00004327          -0.00004314
    -0.00004327           0.00012236          -0.00004332
    -0.00004314          -0.00004332           0.00012217
 #*EXTRAS*# Step:           5  Bead:      1  
     0.00012148          -0.00004365          -0.00004362
    -0.00004365           0.00012150          -0.00004364
    -0.00004362          -0.00004364           0.00012139
 #*EXTRAS*# Step:           6  Bead:      1  
     0.00012084          -0.00004390          -0.00004389
    -0.00004390           0.00012081          -0.00004383
    -0.00004389          -0.00004383           0.00012078
 #*EXTRAS*# Step:           7  Bead:      1  
     0.00012033          -0.00004408          -0.00004406
    -0.00004408           0.00012025          -0.00004395
    -0.00004406          -0.00004395           0.00012029
 #*EXTRAS*# Step:           8  Bead:      1  
     0.00011992          -0.00004420          -0.00004416
    -0.00004420           0.00011978          -0.00004403
    -0.00004416          -0.00004403           0.00011989
 #*EXTRAS*# Step:           9  Bead:      1  
     0.00011957          -0.00004430          -0.00004423
    -0.00004430           0.00011940          -0.00004409
    -0.00004423          -0.00004409           0.00011955
 #*EXTRAS*# Step:          10  Bead:      1  
     0.00011928          -0.00004437          -0.00004428
    -0.00004437           0.00011907          -0.00004413
    -0.00004428          -0.00004413           0.00011927
 #*EXTRAS*# Step:          11  Bead:      1  
     0.00011903          -0.00004443          -0.00004431
    -0.00004443           0.00011878          -0.00004416
    -0.00004431          -0.00004416           0.00011902
 #*EXTRAS*# Step:          12  Bead:      1  
     0.00011881          -0.00004447          -0.00004434
    -0.00004447           0.00011854          -0.00004418
    -0.00004434          -0.00004418           0.00011880
 #*EXTRAS*# Step:          13  Bead:      1  
     0.00011862          -0.00004451          -0.00004435
    -0.00004451           0.00011832          -0.00004420
    -0.00004435          -0.00004420           0.00011861
 #*EXTRAS*# Step:          14  Bead:      1  
     0.00011844          -0.00004454          -0.00004436
    -0.00004454           0.00011813          -0.00004421
    -0.00004436          -0.00004421           0.00011844
 #*EXTRAS*# Step:          15  Bead:      1  
     0.00011829          -0.00004456          -0.00004437
    -0.00004456           0.00011796          -0.00004422
    -0.00004437          -0.00004422           0.00011829
 #*EXTRAS*# Step:          16  Bead:      1  
     0.00011816          -0.00004458          -0.00004437
    -0.00004458           0.00011781          -0.00004423
    -0.00004437          -0.00004423           0.00011815
 #*EXTRAS*# Step:          17  Bead:      1  
     0.00011803          -0.00004459          -0.00004438
    -0.00004459           0.00011768          -0.00004423
    -0.00004438          -0.00004423           0.00011803
 #*EXTRAS*# Step:          18  Bead:      1  
     0.00011792          -0.00004460          -0.00004438
    -0.00004460           0.00011756          -0.00004423
    -0.00004438          -0.00004423           0.00011792
 #*EXTRAS*# Step:          19  Bead:      1  
     0.00011782          -0.00004461          -0.00004438
    -0.00004461           0.00011745          -0.00004424
    -0.00004438          -0.00004424           0.00011782
 #*EXTRAS*# Step:          20  Bead:      1  
     0.00011773          -0.00004462          -0.00004438
    -0.00004462           0.00011735          -0.00004424
    -0.00004438          -0.00004424           0.00011773
 #*EXTRAS*# Step:          21  Bead:      1  
     0.00011765          -0.00004462          -0.00004438
    -0.00004462           0.00011726          -0.00004424
    -0.00004438          -0.00004424           0.00011765
 #*EXTRAS*# Step:          22  Bead:      1  
     0.00011757          -0.00004462          -0.00004438
    -0.00004462           0.00011718          -0.00004424
    -0.00004438          -0.00004424           0.00011757
 #*EXTRAS*# Step:          23  Bead:      1  
     0.00011750          -0.00004463          -0.00004437
    -0.00004463           0.00011711          -0.00004424
    -0.00004437          -0.00004424           0.00011751
 #*EXTRAS*# Step:          24  Bead:      1  
     0.00011744          -0.00004463          -0.00004437
    -0.00004463           0.00011704          -0.00004424
    -0.00004437          -0.00004424           0.00011744
 #*EXTRAS*# Step:          25  Bead:      1  
     0.00011738          -0.00004463          -0.00004437
    -0.00004463           0.00011698          -0.00004424
    -0.00004437          -0.00004424           0.00011739
 #*EXTRAS*# Step:          26  Bead:      1  
     0.00011733          -0.00004463          -0.00004437
    -0.00004463           0.00011692          -0.00004424
    -0.00004437          -0.00004424           0.00011733
 #*EXTRAS*# Step:          27  Bead:      1  
     0.00011728          -0.00004463          -0.00004436
    -0.00004463           0.00011687          -0.00004424
    -0.00004436          -0.00004424           0.00011729
 #*EXTRAS*# Step:          28  Bead:      1  
     0.00011723          -0.00004463          -0.00004436
    -0.00004463           0.00011682          -0.00004424
    -0.00004436          -0.00004424           0.00011724
 #*EXTRAS*# Step:          29  Bead:      1  
     0.00011719          -0.00004463          -0.00004436
    -0.00004463           0.00011678          -0.00004423
    -0.00004436          -0.00004423           0.00011720
 #*EXTRAS*# Step:          30  Bead:      1  
     0.00011716          -0.00004463          -0.00004436
    -0.00004463           0.00011674          -0.00004423
    -0.00004436          -0.00004423           0.00011716
