 #*EXTRAS*# Step:           0  Bead:      2  
     0.00013052          -0.00003427          -0.00003412
    -0.00003427           0.00013073          -0.00003427
    -0.00003412          -0.00003427           0.00013021
 #*EXTRAS*# Step:           1  Bead:      2  
     0.00012765          -0.00003850          -0.00003805
    -0.00003850           0.00012776          -0.00003857
    -0.00003805          -0.00003857           0.00012729
 #*EXTRAS*# Step:           2  Bead:      2  
     0.00012482          -0.00004151          -0.00004099
    -0.00004151           0.00012488          -0.00004161
    -0.00004099          -0.00004161           0.00012453
 #*EXTRAS*# Step:           3  Bead:      2  
     0.00012301          -0.00004288          -0.00004262
    -0.00004288           0.00012308          -0.00004296
    -0.00004262          -0.00004296           0.00012283
 #*EXTRAS*# Step:           4  Bead:      2  
     0.00012190          -0.00004346          -0.00004339
    -0.00004346           0.00012195          -0.00004349
    -0.00004339          -0.00004349           0.00012180
 #*EXTRAS*# Step:           5  Bead:      2  
     0.00012113          -0.00004379          -0.00004378
    -0.00004379           0.00012112          -0.00004375
    -0.00004378          -0.00004375           0.00012106
 #*EXTRAS*# Step:           6  Bead:      2  
     0.00012053          -0.00004401          -0.00004400
    -0.00004401           0.00012046          -0.00004391
    -0.00004400          -0.00004391           0.00012048
 #*EXTRAS*# Step:           7  Bead:      2  
     0.00012005          -0.00004416          -0.00004413
    -0.00004416           0.00011993          -0.00004401
    -0.00004413          -0.00004401           0.00012002
 #*EXTRAS*# Step:           8  Bead:      2  
     0.00011967          -0.00004427          -0.00004422
    -0.00004427           0.00011950          -0.00004407
    -0.00004422          -0.00004407           0.00011965
 #*EXTRAS*# Step:           9  Bead:      2  
     0.00011935          -0.00004436          -0.00004427
    -0.00004436           0.00011914          -0.00004412
    -0.00004427          -0.00004412           0.00011933
 #*EXTRAS*# Step:          10  Bead:      2  
     0.00011908          -0.00004442          -0.00004431
    -0.00004442           0.00011884          -0.00004415
    -0.00004431          -0.00004415           0.00011907
 #*EXTRAS*# Step:          11  Bead:      2  
     0.00011885          -0.00004447          -0.00004433
    -0.00004447           0.00011858          -0.00004418
    -0.00004433          -0.00004418           0.00011884
 #*EXTRAS*# Step:          12  Bead:      2  
     0.00011864          -0.00004450          -0.00004435
    -0.00004450           0.00011835          -0.00004420
    -0.00004435          -0.00004420           0.00011864
 #*EXTRAS*# Step:          13  Bead:      2  
     0.00011847          -0.00004453          -0.00004436
    -0.00004453           0.00011816          -0.00004421
    -0.00004436          -0.00004421           0.00011846
 #*EXTRAS*# Step:          14  Bead:      2  
     0.00011831          -0.00004456          -0.00004437
    -0.00004456           0.00011798          -0.00004422
    -0.00004437          -0.00004422           0.00011830
 #*EXTRAS*# Step:          15  Bead:      2  
     0.00011817          -0.00004457          -0.00004437
    -0.00004457           0.00011783          -0.00004423
    -0.00004437          -0.00004423           0.00011817
 #*EXTRAS*# Step:          16  Bead:      2  
     0.00011804          -0.00004459          -0.00004438
    -0.00004459           0.00011769          -0.00004423
    -0.00004438          -0.00004423           0.00011804
 #*EXTRAS*# Step:          17  Bead:      2  
     0.00011793          -0.00004460          -0.00004438
    -0.00004460           0.00011757          -0.00004423
    -0.00004438          -0.00004423           0.00011793
 #*EXTRAS*# Step:          18  Bead:      2  
     0.00011783          -0.00004461          -0.00004438
    -0.00004461           0.00011746          -0.00004424
    -0.00004438          -0.00004424           0.00011783
 #*EXTRAS*# Step:          19  Bead:      2  
     0.00011773          -0.00004462          -0.00004438
    -0.00004462           0.00011736          -0.00004424
    -0.00004438          -0.00004424           0.00011774
 #*EXTRAS*# Step:          20  Bead:      2  
     0.00011765          -0.00004462          -0.00004438
    -0.00004462           0.00011727          -0.00004424
    -0.00004438          -0.00004424           0.00011765
 #*EXTRAS*# Step:          21  Bead:      2  
     0.00011757          -0.00004462          -0.00004438
    -0.00004462           0.00011718          -0.00004424
    -0.00004438          -0.00004424           0.00011758
 #*EXTRAS*# Step:          22  Bead:      2  
     0.00011750          -0.00004463          -0.00004437
    -0.00004463           0.00011711          -0.00004424
    -0.00004437          -0.00004424           0.00011751
 #*EXTRAS*# Step:          23  Bead:      2  
     0.00011744          -0.00004463          -0.00004437
    -0.00004463           0.00011704          -0.00004424
    -0.00004437          -0.00004424           0.00011745
 #*EXTRAS*# Step:          24  Bead:      2  
     0.00011738          -0.00004463          -0.00004437
    -0.00004463           0.00011698          -0.00004424
    -0.00004437          -0.00004424           0.00011739
 #*EXTRAS*# Step:          25  Bead:      2  
     0.00011733          -0.00004463          -0.00004437
    -0.00004463           0.00011692          -0.00004424
    -0.00004437          -0.00004424           0.00011733
 #*EXTRAS*# Step:          26  Bead:      2  
     0.00011728          -0.00004463          -0.00004437
    -0.00004463           0.00011687          -0.00004424
    -0.00004437          -0.00004424           0.00011729
 #*EXTRAS*# Step:          27  Bead:      2  
     0.00011723          -0.00004463          -0.00004436
    -0.00004463           0.00011683          -0.00004424
    -0.00004436          -0.00004424           0.00011724
 #*EXTRAS*# Step:          28  Bead:      2  
     0.00011719          -0.00004463          -0.00004436
    -0.00004463           0.00011678          -0.00004423
    -0.00004436          -0.00004423           0.00011720
 #*EXTRAS*# Step:          29  Bead:      2  
     0.00011716          -0.00004463          -0.00004436
    -0.00004463           0.00011674          -0.00004423
    -0.00004436          -0.00004423           0.00011716
 #*EXTRAS*# Step:          30  Bead:      2  
     0.00011712          -0.00004463          -0.00004436
    -0.00004463           0.00011671          -0.00004423
    -0.00004436          -0.00004423           0.00011713
