 #*EXTRAS*# Step:           0  Bead:      3  
     0.00012868          -0.00003715          -0.00003680
    -0.00003715           0.00012883          -0.00003720
    -0.00003680          -0.00003720           0.00012833
 #*EXTRAS*# Step:           1  Bead:      3  
     0.00012608          -0.00004029          -0.00003974
    -0.00004029           0.00012615          -0.00004038
    -0.00003974          -0.00004038           0.00012575
 #*EXTRAS*# Step:           2  Bead:      3  
     0.00012382          -0.00004233          -0.00004193
    -0.00004233           0.00012388          -0.00004243
    -0.00004193          -0.00004243           0.00012359
 #*EXTRAS*# Step:           3  Bead:      3  
     0.00012229          -0.00004328          -0.00004315
    -0.00004328           0.00012235          -0.00004333
    -0.00004315          -0.00004333           0.00012216
 #*EXTRAS*# Step:           4  Bead:      3  
     0.00012130          -0.00004372          -0.00004370
    -0.00004372           0.00012131          -0.00004370
    -0.00004370          -0.00004370           0.00012123
 #*EXTRAS*# Step:           5  Bead:      3  
     0.00012060          -0.00004399          -0.00004398
    -0.00004399           0.00012054          -0.00004389
    -0.00004398          -0.00004389           0.00012055
 #*EXTRAS*# Step:           6  Bead:      3  
     0.00012006          -0.00004416          -0.00004413
    -0.00004416           0.00011994          -0.00004401
    -0.00004413          -0.00004401           0.00012003
 #*EXTRAS*# Step:           7  Bead:      3  
     0.00011964          -0.00004428          -0.00004422
    -0.00004428           0.00011947          -0.00004408
    -0.00004422          -0.00004408           0.00011962
 #*EXTRAS*# Step:           8  Bead:      3  
     0.00011930          -0.00004437          -0.00004428
    -0.00004437           0.00011909          -0.00004413
    -0.00004428          -0.00004413           0.00011929
 #*EXTRAS*# Step:           9  Bead:      3  
     0.00011902          -0.00004443          -0.00004431
    -0.00004443           0.00011877          -0.00004416
    -0.00004431          -0.00004416           0.00011901
 #*EXTRAS*# Step:          10  Bead:      3  
     0.00011878          -0.00004448          -0.00004434
    -0.00004448           0.00011851          -0.00004418
    -0.00004434          -0.00004418           0.00011877
 #*EXTRAS*# Step:          11  Bead:      3  
     0.00011858          -0.00004451          -0.00004435
    -0.00004451           0.00011828          -0.00004420
    -0.00004435          -0.00004420           0.00011857
 #*EXTRAS*# Step:          12  Bead:      3  
     0.00011840          -0.00004454          -0.00004436
    -0.00004454           0.00011809          -0.00004421
    -0.00004436          -0.00004421           0.00011840
 #*EXTRAS*# Step:          13  Bead:      3  
     0.00011825          -0.00004456          -0.00004437
    -0.00004456           0.00011791          -0.00004422
    -0.00004437          -0.00004422           0.00011824
 #*EXTRAS*# Step:          14  Bead:      3  
     0.00011811          -0.00004458          -0.00004438
    -0.00004458           0.00011776          -0.00004423
    -0.00004438          -0.00004423           0.00011811
 #*EXTRAS*# Step:          15  Bead:      3  
     0.00011799          -0.00004459          -0.00004438
    -0.00004459           0.00011763          -0.00004423
    -0.00004438          -0.00004423           0.00011799
 #*EXTRAS*# Step:          16  Bead:      3  
     0.00011788          -0.00004460          -0.00004438
    -0.00004460           0.00011751          -0.00004424
    -0.00004438          -0.00004424           0.00011788
 #*EXTRAS*# Step:          17  Bead:      3  
     0.00011778          -0.00004461          -0.00004438
    -0.00004461           0.00011740          -0.00004424
    -0.00004438          -0.00004424           0.00011778
 #*EXTRAS*# Step:          18  Bead:      3  
     0.00011769          -0.00004462          -0.00004438
    -0.00004462           0.00011731          -0.00004424
    -0.00004438          -0.00004424           0.00011769
 #*EXTRAS*# Step:          19  Bead:      3  
     0.00011761          -0.00004462          -0.00004438
    -0.00004462           0.00011722          -0.00004424
    -0.00004438          -0.00004424           0.00011761
 #*EXTRAS*# Step:          20  Bead:      3  
     0.00011753          -0.00004463          -0.00004437
    -0.00004463           0.00011714          -0.00004424
    -0.00004437          -0.00004424           0.00011754
 #*EXTRAS*# Step:          21  Bead:      3  
     0.00011747          -0.00004463          -0.00004437
    -0.00004463           0.00011707          -0.00004424
    -0.00004437          -0.00004424           0.00011747
 #*EXTRAS*# Step:          22  Bead:      3  
     0.00011741          -0.00004463          -0.00004437
    -0.00004463           0.00011701          -0.00004424
    -0.00004437          -0.00004424           0.00011741
 #*EXTRAS*# Step:          23  Bead:      3  
     0.00011735          -0.00004463          -0.00004437
    -0.00004463           0.00011695          -0.00004424
    -0.00004437          -0.00004424           0.00011736
 #*EXTRAS*# Step:          24  Bead:      3  
     0.00011730          -0.00004463          -0.00004437
    -0.00004463           0.00011689          -0.00004424
    -0.00004437          -0.00004424           0.00011731
 #*EXTRAS*# Step:          25  Bead:      3  
     0.00011725          -0.00004463          -0.00004436
    -0.00004463           0.00011685          -0.00004424
    -0.00004436          -0.00004424           0.00011726
 #*EXTRAS*# Step:          26  Bead:      3  
     0.00011721          -0.00004463          -0.00004436
    -0.00004463           0.00011680          -0.00004423
    -0.00004436          -0.00004423           0.00011722
 #*EXTRAS*# Step:          27  Bead:      3  
     0.00011717          -0.00004463          -0.00004436
    -0.00004463           0.00011676          -0.00004423
    -0.00004436          -0.00004423           0.00011718
 #*EXTRAS*# Step:          28  Bead:      3  
     0.00011714          -0.00004463          -0.00004436
    -0.00004463           0.00011672          -0.00004423
    -0.00004436          -0.00004423           0.00011714
 #*EXTRAS*# Step:          29  Bead:      3  
     0.00011710          -0.00004463          -0.00004436
    -0.00004463           0.00011669          -0.00004423
    -0.00004436          -0.00004423           0.00011711
 #*EXTRAS*# Step:          30  Bead:      3  
     0.00011707          -0.00004463          -0.00004435
    -0.00004463           0.00011666          -0.00004423
    -0.00004435          -0.00004423           0.00011708
