 #*EXTRAS*# Step:           0  Bead:      8  
     0.00011322          -0.00004352          -0.00004346
    -0.00004352           0.00011306          -0.00004343
    -0.00004346          -0.00004343           0.00011326
 #*EXTRAS*# Step:           1  Bead:      8  
     0.00011440          -0.00004405          -0.00004388
    -0.00004405           0.00011411          -0.00004383
    -0.00004388          -0.00004383           0.00011443
 #*EXTRAS*# Step:           2  Bead:      8  
     0.00011561          -0.00004444          -0.00004417
    -0.00004444           0.00011522          -0.00004409
    -0.00004417          -0.00004409           0.00011564
 #*EXTRAS*# Step:           3  Bead:      8  
     0.00011584          -0.00004449          -0.00004421
    -0.00004449           0.00011544          -0.00004412
    -0.00004421          -0.00004412           0.00011586
 #*EXTRAS*# Step:           4  Bead:      8  
     0.00011601          -0.00004452          -0.00004424
    -0.00004452           0.00011559          -0.00004414
    -0.00004424          -0.00004414           0.00011602
 #*EXTRAS*# Step:           5  Bead:      8  
     0.00011614          -0.00004454          -0.00004426
    -0.00004454           0.00011572          -0.00004416
    -0.00004426          -0.00004416           0.00011615
 #*EXTRAS*# Step:           6  Bead:      8  
     0.00011623          -0.00004456          -0.00004427
    -0.00004456           0.00011581          -0.00004417
    -0.00004427          -0.00004417           0.00011624
 #*EXTRAS*# Step:           7  Bead:      8  
     0.00011630          -0.00004457          -0.00004428
    -0.00004457           0.00011588          -0.00004418
    -0.00004428          -0.00004418           0.00011631
 #*EXTRAS*# Step:           8  Bead:      8  
     0.00011636          -0.00004458          -0.00004429
    -0.00004458           0.00011593          -0.00004418
    -0.00004429          -0.00004418           0.00011637
 #*EXTRAS*# Step:           9  Bead:      8  
     0.00011640          -0.00004458          -0.00004429
    -0.00004458           0.00011598          -0.00004419
    -0.00004429          -0.00004419           0.00011642
 #*EXTRAS*# Step:          10  Bead:      8  
     0.00011644          -0.00004459          -0.00004430
    -0.00004459           0.00011602          -0.00004419
    -0.00004430          -0.00004419           0.00011645
 #*EXTRAS*# Step:          11  Bead:      8  
     0.00011647          -0.00004459          -0.00004430
    -0.00004459           0.00011605          -0.00004419
    -0.00004430          -0.00004419           0.00011648
 #*EXTRAS*# Step:          12  Bead:      8  
     0.00011650          -0.00004459          -0.00004430
    -0.00004459           0.00011607          -0.00004420
    -0.00004430          -0.00004420           0.00011651
 #*EXTRAS*# Step:          13  Bead:      8  
     0.00011652          -0.00004459          -0.00004430
    -0.00004459           0.00011610          -0.00004420
    -0.00004430          -0.00004420           0.00011653
 #*EXTRAS*# Step:          14  Bead:      8  
     0.00011654          -0.00004460          -0.00004431
    -0.00004460           0.00011612          -0.00004420
    -0.00004431          -0.00004420           0.00011656
 #*EXTRAS*# Step:          15  Bead:      8  
     0.00011656          -0.00004460          -0.00004431
    -0.00004460           0.00011614          -0.00004420
    -0.00004431          -0.00004420           0.00011657
 #*EXTRAS*# Step:          16  Bead:      8  
     0.00011658          -0.00004460          -0.00004431
    -0.00004460           0.00011615          -0.00004420
    -0.00004431          -0.00004420           0.00011659
 #*EXTRAS*# Step:          17  Bead:      8  
     0.00011659          -0.00004460          -0.00004431
    -0.00004460           0.00011617          -0.00004420
    -0.00004431          -0.00004420           0.00011660
 #*EXTRAS*# Step:          18  Bead:      8  
     0.00011660          -0.00004460          -0.00004431
    -0.00004460           0.00011618          -0.00004420
    -0.00004431          -0.00004420           0.00011662
 #*EXTRAS*# Step:          19  Bead:      8  
     0.00011661          -0.00004460          -0.00004431
    -0.00004460           0.00011619          -0.00004420
    -0.00004431          -0.00004420           0.00011663
 #*EXTRAS*# Step:          20  Bead:      8  
     0.00011662          -0.00004461          -0.00004432
    -0.00004461           0.00011620          -0.00004421
    -0.00004432          -0.00004421           0.00011664
 #*EXTRAS*# Step:          21  Bead:      8  
     0.00011663          -0.00004461          -0.00004432
    -0.00004461           0.00011621          -0.00004421
    -0.00004432          -0.00004421           0.00011665
 #*EXTRAS*# Step:          22  Bead:      8  
     0.00011664          -0.00004461          -0.00004432
    -0.00004461           0.00011622          -0.00004421
    -0.00004432          -0.00004421           0.00011665
 #*EXTRAS*# Step:          23  Bead:      8  
     0.00011665          -0.00004461          -0.00004432
    -0.00004461           0.00011623          -0.00004421
    -0.00004432          -0.00004421           0.00011666
 #*EXTRAS*# Step:          24  Bead:      8  
     0.00011666          -0.00004461          -0.00004432
    -0.00004461           0.00011623          -0.00004421
    -0.00004432          -0.00004421           0.00011667
 #*EXTRAS*# Step:          25  Bead:      8  
     0.00011666          -0.00004461          -0.00004432
    -0.00004461           0.00011624          -0.00004421
    -0.00004432          -0.00004421           0.00011668
 #*EXTRAS*# Step:          26  Bead:      8  
     0.00011667          -0.00004461          -0.00004432
    -0.00004461           0.00011624          -0.00004421
    -0.00004432          -0.00004421           0.00011668
 #*EXTRAS*# Step:          27  Bead:      8  
     0.00011667          -0.00004461          -0.00004432
    -0.00004461           0.00011625          -0.00004421
    -0.00004432          -0.00004421           0.00011669
 #*EXTRAS*# Step:          28  Bead:      8  
     0.00011668          -0.00004461          -0.00004432
    -0.00004461           0.00011625          -0.00004421
    -0.00004432          -0.00004421           0.00011669
 #*EXTRAS*# Step:          29  Bead:      8  
     0.00011668          -0.00004461          -0.00004432
    -0.00004461           0.00011626          -0.00004421
    -0.00004432          -0.00004421           0.00011670
 #*EXTRAS*# Step:          30  Bead:      8  
     0.00011669          -0.00004461          -0.00004432
    -0.00004461           0.00011626          -0.00004421
    -0.00004432          -0.00004421           0.00011670
