 #*EXTRAS*# Step:           0  Bead:     14  
{"friction": [[0.0001025334360101724, -3.35409127376559e-05, -3.351447758652769e-05], [-3.35409127376559e-05, 0.00010248196407672836, -3.372632209749448e-05], [-3.351447758652769e-05, -3.372632209749448e-05, 0.00010210975134216749]]}
 #*EXTRAS*# Step:           1  Bead:     14  
{"friction": [[0.00010519168232281083, -3.7211976697797746e-05, -3.714645580679814e-05], [-3.7211976697797746e-05, 0.00010519130228864114, -3.7316436674238246e-05], [-3.714645580679814e-05, -3.7316436674238246e-05, 0.00010496699170022938]]}
 #*EXTRAS*# Step:           2  Bead:     14  
{"friction": [[0.00010833362238078242, -4.027685149614361e-05, -4.0295575796002505e-05], [-4.027685149614361e-05, 0.000108339326029239, -4.028190415799287e-05], [-4.0295575796002505e-05, -4.028190415799287e-05, 0.00010837552412981438]]}
 #*EXTRAS*# Step:           3  Bead:     14  
{"friction": [[0.00011008265454679817, -4.161632741533034e-05, -4.169033744061508e-05], [-4.161632741533034e-05, 0.00011010788472364582, -4.1663104162240184e-05], [-4.169033744061508e-05, -4.1663104162240184e-05, 0.00011016000841955724]]}
 #*EXTRAS*# Step:           4  Bead:     14  
{"friction": [[0.0001112883467890681, -4.241625972818069e-05, -4.2486723402319566e-05], [-4.241625972818069e-05, 0.00011129071388823947, -4.24663800515419e-05], [-4.2486723402319566e-05, -4.24663800515419e-05, 0.00011135911985226815]]}
 #*EXTRAS*# Step:           5  Bead:     14  
{"friction": [[0.00011214772838297943, -4.293410147886103e-05, -4.296655395403621e-05], [-4.293410147886103e-05, 0.00011209950196090243, -4.2947618564056564e-05], [-4.296655395403621e-05, -4.2947618564056564e-05, 0.00011220801125498411]]}
 #*EXTRAS*# Step:           6  Bead:     14  
{"friction": [[0.00011278183154961537, -4.329023337108696e-05, -4.327293990660613e-05], [-4.329023337108696e-05, 0.00011267477709142058, -4.324982107078609e-05], [-4.327293990660613e-05, -4.324982107078609e-05, 0.00011283426331533821]]}
 #*EXTRAS*# Step:           7  Bead:     14  
{"friction": [[0.00011327502683945429, -4.354803158052156e-05, -4.348365746667777e-05], [-4.354803158052156e-05, 0.00011311398293648072, -4.345429880390739e-05], [-4.348365746667777e-05, -4.345429880390739e-05, 0.00011332163329382059]]}
 #*EXTRAS*# Step:           8  Bead:     14  
{"friction": [[0.00011367162651694423, -4.374047405346169e-05, -4.363593254015711e-05], [-4.374047405346169e-05, 0.00011346501477663194, -4.359997377988664e-05], [-4.363593254015711e-05, -4.359997377988664e-05, 0.00011371371858201674]]}
 #*EXTRAS*# Step:           9  Bead:     14  
{"friction": [[0.00011400002041220176, -4.388847216906664e-05, -4.375062927157147e-05], [-4.388847216906664e-05, 0.0001137557685304746, -4.370829709395565e-05], [-4.375062927157147e-05, -4.370829709395565e-05, 0.00011403848464612836]]}
 #*EXTRAS*# Step:          10  Bead:     14  
{"friction": [[0.0001142777243456353, -4.4004891132398966e-05, -4.383968752253089e-05], [-4.4004891132398966e-05, 0.00011400255200345484, -4.37914116610628e-05], [-4.383968752253089e-05, -4.37914116610628e-05, 0.00011431319605058983]]}
 #*EXTRAS*# Step:          11  Bead:     14  
{"friction": [[0.00011451651952939906, -4.409818733423324e-05, -4.391052939444478e-05], [-4.409818733423324e-05, 0.00011421592085069752, -4.385678875238935e-05], [-4.391052939444478e-05, -4.385678875238935e-05, 0.0001145494716078967]]}
 #*EXTRAS*# Step:          12  Bead:     14  
{"friction": [[0.00011472453519537842, -4.417407470068416e-05, -4.396796553123765e-05], [-4.417407470068416e-05, 0.00011440296887710529, -4.3909230281361765e-05], [-4.396796553123765e-05, -4.3909230281361765e-05, 0.00011475533182298323]]}
 #*EXTRAS*# Step:          13  Bead:     14  
{"friction": [[0.00011490761863731029, -4.423655970779449e-05, -4.401525831223124e-05], [-4.423655970779449e-05, 0.00011456870465346151, -4.3951967683383266e-05], [-4.401525831223124e-05, -4.3951967683383266e-05, 0.00011493654785915102]]}
 #*EXTRAS*# Step:          14  Bead:     14  
{"friction": [[0.00011507009052491487, -4.428852855326548e-05, -4.4054695048043976e-05], [-4.428852855326548e-05, 0.00011471678050223818, -4.398725095843072e-05], [-4.4054695048043976e-05, -4.398725095843072e-05, 0.0001150973854089206]]}
 #*EXTRAS*# Step:          15  Bead:     14  
{"friction": [[0.00011521523189894976, -4.4332114427759526e-05, -4.408792857579159e-05], [-4.4332114427759526e-05, 0.0001148499448369494, -4.401669550695885e-05], [-4.408792857579159e-05, -4.401669550695885e-05, 0.00011524108462159225]]}
 #*EXTRAS*# Step:          16  Bead:     14  
{"friction": [[0.00011534559067896935, -4.4368927999911615e-05, -4.411618343112335e-05], [-4.4368927999911615e-05, 0.00011497031927949368, -4.404149086546815e-05], [-4.411618343112335e-05, -4.404149086546815e-05, 0.00011537016225503557]]}
 #*EXTRAS*# Step:          17  Bead:     14  
{"friction": [[0.00011546318649434041, -4.440020856432753e-05, -4.414038683301374e-05], [-4.440020856432753e-05, 0.0001150795799358324, -4.406253249351644e-05], [-4.414038683301374e-05, -4.406253249351644e-05, 0.00011548661366817549]]}
 #*EXTRAS*# Step:          18  Bead:     14  
{"friction": [[0.00011556964934227437, -4.4426925257663114e-05, -4.416125414460787e-05], [-4.4426925257663114e-05, 0.00011517907799780986, -4.4080507323137e-05], [-4.416125414460787e-05, -4.4080507323137e-05, 0.00011559204959216378]]}
 #*EXTRAS*# Step:          19  Bead:     14  
{"friction": [[0.00011566631633386957, -4.444984672508419e-05, -4.417934637200958e-05], [-4.444984672508419e-05, 0.00011526992271742914, -4.4095951038870774e-05], [-4.417934637200958e-05, -4.4095951038870774e-05, 0.00011568779158251992]]}
 #*EXTRAS*# Step:          20  Bead:     14  
{"friction": [[0.00011575430040742481, -4.446959009239209e-05, -4.419510978345115e-05], [-4.446959009239209e-05, 0.00011535303962791814, -4.4109287377334705e-05], [-4.419510978345115e-05, -4.4109287377334705e-05, 0.00011577493982647148]]}
 #*EXTRAS*# Step:          21  Bead:     14  
{"friction": [[0.00011583454011065565, -4.4486656115805784e-05, -4.420890383843134e-05], [-4.4486656115805784e-05, 0.00011542921228004529, -4.412085572113952e-05], [-4.420890383843134e-05, -4.412085572113952e-05, 0.00011585442227705705]]}
 #*EXTRAS*# Step:          22  Bead:     14  
{"friction": [[0.00011590783624697304, -4.4501454877078116e-05, -4.422102127034339e-05], [-4.4501454877078116e-05, 0.00011549911266803255, -4.413093086869774e-05], [-4.422102127034339e-05, -4.413093086869774e-05, 0.00011592703082743166]]}
 #*EXTRAS*# Step:          23  Bead:     14  
{"friction": [[0.00011597487926643055, -4.451432489063061e-05, -4.4231702792463545e-05], [-4.451432489063061e-05, 0.00011556332376443181, -4.4139737462657e-05], [-4.4231702792463545e-05, -4.4139737462657e-05, 0.0001159934483523425]]}
 #*EXTRAS*# Step:          24  Bead:     14  
{"friction": [[0.00011603627001945651, -4.452554753438608e-05, -4.4241148045036806e-05], [-4.452554753438608e-05, 0.00011562235644471546, -4.414746069702863e-05], [-4.4241148045036806e-05, -4.414746069702863e-05, 0.00011605426919921828]]}
 #*EXTRAS*# Step:          25  Bead:     14  
{"friction": [[0.00011609253568430965, -4.4535358105882756e-05, -4.4249523867531355e-05], [-4.4535358105882756e-05, 0.00011567666236509574, -4.4154254384577616e-05], [-4.4249523867531355e-05, -4.4154254384577616e-05, 0.000116110014915498]]}
 #*EXTRAS*# Step:          26  Bead:     14  
{"friction": [[0.00011614414213824473, -4.454395440444776e-05, -4.425697063582144e-05], [-4.454395440444776e-05, 0.00011572664388163542, -4.4160247120047005e-05], [-4.425697063582144e-05, -4.4160247120047005e-05, 0.00011616114646534827]]}
 #*EXTRAS*# Step:          27  Bead:     14  
{"friction": [[0.00011619150368014531, -4.455150347352646e-05, -4.4263607178518685e-05], [-4.455150347352646e-05, 0.00011577266178366082, -4.4165547048834103e-05], [-4.4263607178518685e-05, -4.4165547048834103e-05, 0.00011620807383163987]]}
 #*EXTRAS*# Step:          28  Bead:     14  
{"friction": [[0.00011623499075269259, -4.455814695469795e-05, -4.4269534634316696e-05], [-4.455814695469795e-05, 0.00011581504138924509, -4.417024559889495e-05], [-4.4269534634316696e-05, -4.417024559889495e-05, 0.00011625116364282444]]}
 #*EXTRAS*# Step:          29  Bead:     14  
{"friction": [[0.00011627493614113685, -4.456400538111324e-05, -4.427483951016366e-05], [-4.456400538111324e-05, 0.00011585407740411557, -4.417442043197761e-05], [-4.427483951016366e-05, -4.417442043197761e-05, 0.00011629074529564047]]}
 #*EXTRAS*# Step:          30  Bead:     14  
{"friction": [[0.00011631164000959571, -4.456918165209777e-05, -4.4279596130081314e-05], [-4.456918165209777e-05, 0.00011589003784716062, -4.4178137800607205e-05], [-4.4279596130081314e-05, -4.4178137800607205e-05, 0.00011632711592999599]]}
