 #*EXTRAS*# Step:           0  Bead:     12  
     0.00010410          -0.00003588          -0.00003581
    -0.00003588           0.00010410          -0.00003604
    -0.00003581          -0.00003604           0.00010377
 #*EXTRAS*# Step:           1  Bead:     12  
     0.00010683          -0.00003893          -0.00003890
    -0.00003893           0.00010683          -0.00003895
    -0.00003890          -0.00003895           0.00010677
 #*EXTRAS*# Step:           2  Bead:     12  
     0.00010976          -0.00004138          -0.00004145
    -0.00004138           0.00010978          -0.00004142
    -0.00004145          -0.00004142           0.00010983
 #*EXTRAS*# Step:           3  Bead:     12  
     0.00011124          -0.00004238          -0.00004246
    -0.00004238           0.00011124          -0.00004244
    -0.00004246          -0.00004244           0.00011131
 #*EXTRAS*# Step:           4  Bead:     12  
     0.00011224          -0.00004299          -0.00004301
    -0.00004299           0.00011219          -0.00004299
    -0.00004301          -0.00004299           0.00011230
 #*EXTRAS*# Step:           5  Bead:     12  
     0.00011296          -0.00004338          -0.00004335
    -0.00004338           0.00011283          -0.00004333
    -0.00004335          -0.00004333           0.00011301
 #*EXTRAS*# Step:           6  Bead:     12  
     0.00011349          -0.00004365          -0.00004357
    -0.00004365           0.00011330          -0.00004353
    -0.00004357          -0.00004353           0.00011353
 #*EXTRAS*# Step:           7  Bead:     12  
     0.00011390          -0.00004384          -0.00004372
    -0.00004384           0.00011366          -0.00004368
    -0.00004372          -0.00004368           0.00011394
 #*EXTRAS*# Step:           8  Bead:     12  
     0.00011423          -0.00004398          -0.00004382
    -0.00004398           0.00011396          -0.00004378
    -0.00004382          -0.00004378           0.00011426
 #*EXTRAS*# Step:           9  Bead:     12  
     0.00011450          -0.00004409          -0.00004391
    -0.00004409           0.00011420          -0.00004385
    -0.00004391          -0.00004385           0.00011453
 #*EXTRAS*# Step:          10  Bead:     12  
     0.00011473          -0.00004417          -0.00004397
    -0.00004417           0.00011441          -0.00004391
    -0.00004397          -0.00004391           0.00011476
 #*EXTRAS*# Step:          11  Bead:     12  
     0.00011492          -0.00004424          -0.00004402
    -0.00004424           0.00011458          -0.00004396
    -0.00004402          -0.00004396           0.00011495
 #*EXTRAS*# Step:          12  Bead:     12  
     0.00011509          -0.00004430          -0.00004406
    -0.00004430           0.00011474          -0.00004399
    -0.00004406          -0.00004399           0.00011512
 #*EXTRAS*# Step:          13  Bead:     12  
     0.00011525          -0.00004434          -0.00004409
    -0.00004434           0.00011488          -0.00004402
    -0.00004409          -0.00004402           0.00011527
 #*EXTRAS*# Step:          14  Bead:     12  
     0.00011538          -0.00004438          -0.00004412
    -0.00004438           0.00011500          -0.00004405
    -0.00004412          -0.00004405           0.00011540
 #*EXTRAS*# Step:          15  Bead:     12  
     0.00011550          -0.00004441          -0.00004415
    -0.00004441           0.00011511          -0.00004407
    -0.00004415          -0.00004407           0.00011552
 #*EXTRAS*# Step:          16  Bead:     12  
     0.00011560          -0.00004444          -0.00004417
    -0.00004444           0.00011521          -0.00004409
    -0.00004417          -0.00004409           0.00011563
 #*EXTRAS*# Step:          17  Bead:     12  
     0.00011570          -0.00004446          -0.00004419
    -0.00004446           0.00011530          -0.00004410
    -0.00004419          -0.00004410           0.00011572
 #*EXTRAS*# Step:          18  Bead:     12  
     0.00011579          -0.00004448          -0.00004420
    -0.00004448           0.00011538          -0.00004411
    -0.00004420          -0.00004411           0.00011581
 #*EXTRAS*# Step:          19  Bead:     12  
     0.00011587          -0.00004449          -0.00004421
    -0.00004449           0.00011546          -0.00004413
    -0.00004421          -0.00004413           0.00011589
 #*EXTRAS*# Step:          20  Bead:     12  
     0.00011594          -0.00004451          -0.00004423
    -0.00004451           0.00011553          -0.00004413
    -0.00004423          -0.00004413           0.00011596
 #*EXTRAS*# Step:          21  Bead:     12  
     0.00011600          -0.00004452          -0.00004424
    -0.00004452           0.00011559          -0.00004414
    -0.00004424          -0.00004414           0.00011602
 #*EXTRAS*# Step:          22  Bead:     12  
     0.00011606          -0.00004453          -0.00004425
    -0.00004453           0.00011565          -0.00004415
    -0.00004425          -0.00004415           0.00011608
 #*EXTRAS*# Step:          23  Bead:     12  
     0.00011612          -0.00004454          -0.00004425
    -0.00004454           0.00011570          -0.00004416
    -0.00004425          -0.00004416           0.00011614
 #*EXTRAS*# Step:          24  Bead:     12  
     0.00011617          -0.00004455          -0.00004426
    -0.00004455           0.00011575          -0.00004416
    -0.00004426          -0.00004416           0.00011618
 #*EXTRAS*# Step:          25  Bead:     12  
     0.00011621          -0.00004455          -0.00004427
    -0.00004455           0.00011579          -0.00004417
    -0.00004427          -0.00004417           0.00011623
 #*EXTRAS*# Step:          26  Bead:     12  
     0.00011626          -0.00004456          -0.00004427
    -0.00004456           0.00011584          -0.00004417
    -0.00004427          -0.00004417           0.00011627
 #*EXTRAS*# Step:          27  Bead:     12  
     0.00011629          -0.00004457          -0.00004428
    -0.00004457           0.00011587          -0.00004418
    -0.00004428          -0.00004418           0.00011631
 #*EXTRAS*# Step:          28  Bead:     12  
     0.00011633          -0.00004457          -0.00004428
    -0.00004457           0.00011591          -0.00004418
    -0.00004428          -0.00004418           0.00011634
 #*EXTRAS*# Step:          29  Bead:     12  
     0.00011636          -0.00004458          -0.00004429
    -0.00004458           0.00011594          -0.00004418
    -0.00004429          -0.00004418           0.00011638
 #*EXTRAS*# Step:          30  Bead:     12  
     0.00011639          -0.00004458          -0.00004429
    -0.00004458           0.00011597          -0.00004419
    -0.00004429          -0.00004419           0.00011641
