 #*EXTRAS*# Step:           0  Bead:     15  
     0.00010230          -0.00003314          -0.00003313
    -0.00003314           0.00010224          -0.00003332
    -0.00003313          -0.00003332           0.00010188
 #*EXTRAS*# Step:           1  Bead:     15  
     0.00010491          -0.00003688          -0.00003681
    -0.00003688           0.00010491          -0.00003700
    -0.00003681          -0.00003700           0.00010465
 #*EXTRAS*# Step:           2  Bead:     15  
     0.00010805          -0.00004004          -0.00004004
    -0.00004004           0.00010805          -0.00004004
    -0.00004004          -0.00004004           0.00010808
 #*EXTRAS*# Step:           3  Bead:     15  
     0.00010985          -0.00004145          -0.00004152
    -0.00004145           0.00010987          -0.00004149
    -0.00004152          -0.00004149           0.00010992
 #*EXTRAS*# Step:           4  Bead:     15  
     0.00011109          -0.00004229          -0.00004237
    -0.00004229           0.00011110          -0.00004235
    -0.00004237          -0.00004235           0.00011117
 #*EXTRAS*# Step:           5  Bead:     15  
     0.00011198          -0.00004284          -0.00004288
    -0.00004284           0.00011195          -0.00004286
    -0.00004288          -0.00004286           0.00011204
 #*EXTRAS*# Step:           6  Bead:     15  
     0.00011264          -0.00004321          -0.00004321
    -0.00004321           0.00011255          -0.00004318
    -0.00004321          -0.00004318           0.00011269
 #*EXTRAS*# Step:           7  Bead:     15  
     0.00011315          -0.00004348          -0.00004343
    -0.00004348           0.00011300          -0.00004340
    -0.00004343          -0.00004340           0.00011320
 #*EXTRAS*# Step:           8  Bead:     15  
     0.00011356          -0.00004369          -0.00004359
    -0.00004369           0.00011336          -0.00004356
    -0.00004359          -0.00004356           0.00011360
 #*EXTRAS*# Step:           9  Bead:     15  
     0.00011390          -0.00004384          -0.00004372
    -0.00004384           0.00011367          -0.00004368
    -0.00004372          -0.00004368           0.00011394
 #*EXTRAS*# Step:          10  Bead:     15  
     0.00011419          -0.00004397          -0.00004381
    -0.00004397           0.00011392          -0.00004376
    -0.00004381          -0.00004376           0.00011422
 #*EXTRAS*# Step:          11  Bead:     15  
     0.00011443          -0.00004407          -0.00004389
    -0.00004407           0.00011414          -0.00004383
    -0.00004389          -0.00004383           0.00011447
 #*EXTRAS*# Step:          12  Bead:     15  
     0.00011465          -0.00004415          -0.00004395
    -0.00004415           0.00011433          -0.00004389
    -0.00004395          -0.00004389           0.00011468
 #*EXTRAS*# Step:          13  Bead:     15  
     0.00011484          -0.00004421          -0.00004400
    -0.00004421           0.00011451          -0.00004394
    -0.00004400          -0.00004394           0.00011487
 #*EXTRAS*# Step:          14  Bead:     15  
     0.00011501          -0.00004427          -0.00004404
    -0.00004427           0.00011466          -0.00004397
    -0.00004404          -0.00004397           0.00011503
 #*EXTRAS*# Step:          15  Bead:     15  
     0.00011516          -0.00004431          -0.00004407
    -0.00004431           0.00011480          -0.00004401
    -0.00004407          -0.00004401           0.00011518
 #*EXTRAS*# Step:          16  Bead:     15  
     0.00011529          -0.00004435          -0.00004410
    -0.00004435           0.00011492          -0.00004403
    -0.00004410          -0.00004403           0.00011532
 #*EXTRAS*# Step:          17  Bead:     15  
     0.00011541          -0.00004439          -0.00004413
    -0.00004439           0.00011503          -0.00004405
    -0.00004413          -0.00004405           0.00011544
 #*EXTRAS*# Step:          18  Bead:     15  
     0.00011552          -0.00004442          -0.00004415
    -0.00004442           0.00011514          -0.00004407
    -0.00004415          -0.00004407           0.00011555
 #*EXTRAS*# Step:          19  Bead:     15  
     0.00011562          -0.00004444          -0.00004417
    -0.00004444           0.00011523          -0.00004409
    -0.00004417          -0.00004409           0.00011565
 #*EXTRAS*# Step:          20  Bead:     15  
     0.00011572          -0.00004446          -0.00004419
    -0.00004446           0.00011532          -0.00004410
    -0.00004419          -0.00004410           0.00011574
 #*EXTRAS*# Step:          21  Bead:     15  
     0.00011580          -0.00004448          -0.00004420
    -0.00004448           0.00011540          -0.00004412
    -0.00004420          -0.00004412           0.00011582
 #*EXTRAS*# Step:          22  Bead:     15  
     0.00011588          -0.00004450          -0.00004422
    -0.00004450           0.00011547          -0.00004413
    -0.00004422          -0.00004413           0.00011590
 #*EXTRAS*# Step:          23  Bead:     15  
     0.00011595          -0.00004451          -0.00004423
    -0.00004451           0.00011553          -0.00004414
    -0.00004423          -0.00004414           0.00011596
 #*EXTRAS*# Step:          24  Bead:     15  
     0.00011601          -0.00004452          -0.00004424
    -0.00004452           0.00011560          -0.00004414
    -0.00004424          -0.00004414           0.00011603
 #*EXTRAS*# Step:          25  Bead:     15  
     0.00011607          -0.00004453          -0.00004425
    -0.00004453           0.00011565          -0.00004415
    -0.00004425          -0.00004415           0.00011609
 #*EXTRAS*# Step:          26  Bead:     15  
     0.00011612          -0.00004454          -0.00004425
    -0.00004454           0.00011570          -0.00004416
    -0.00004425          -0.00004416           0.00011614
 #*EXTRAS*# Step:          27  Bead:     15  
     0.00011617          -0.00004455          -0.00004426
    -0.00004455           0.00011575          -0.00004416
    -0.00004426          -0.00004416           0.00011619
 #*EXTRAS*# Step:          28  Bead:     15  
     0.00011622          -0.00004456          -0.00004427
    -0.00004456           0.00011580          -0.00004417
    -0.00004427          -0.00004417           0.00011623
 #*EXTRAS*# Step:          29  Bead:     15  
     0.00011626          -0.00004456          -0.00004427
    -0.00004456           0.00011584          -0.00004417
    -0.00004427          -0.00004417           0.00011627
 #*EXTRAS*# Step:          30  Bead:     15  
     0.00011630          -0.00004457          -0.00004428
    -0.00004457           0.00011587          -0.00004418
    -0.00004428          -0.00004418           0.00011631
