 #*EXTRAS*# Step:           0  Bead:      6  
     0.00012029          -0.00004409          -0.00004407
    -0.00004409           0.00012020          -0.00004396
    -0.00004407          -0.00004396           0.00012025
 #*EXTRAS*# Step:           1  Bead:      6  
     0.00011985          -0.00004422          -0.00004418
    -0.00004422           0.00011971          -0.00004404
    -0.00004418          -0.00004404           0.00011983
 #*EXTRAS*# Step:           2  Bead:      6  
     0.00011947          -0.00004433          -0.00004425
    -0.00004433           0.00011928          -0.00004410
    -0.00004425          -0.00004410           0.00011945
 #*EXTRAS*# Step:           3  Bead:      6  
     0.00011880          -0.00004448          -0.00004434
    -0.00004448           0.00011853          -0.00004418
    -0.00004434          -0.00004418           0.00011879
 #*EXTRAS*# Step:           4  Bead:      6  
     0.00011839          -0.00004454          -0.00004437
    -0.00004454           0.00011807          -0.00004421
    -0.00004437          -0.00004421           0.00011839
 #*EXTRAS*# Step:           5  Bead:      6  
     0.00011812          -0.00004458          -0.00004438
    -0.00004458           0.00011778          -0.00004423
    -0.00004438          -0.00004423           0.00011812
 #*EXTRAS*# Step:           6  Bead:      6  
     0.00011793          -0.00004460          -0.00004438
    -0.00004460           0.00011756          -0.00004423
    -0.00004438          -0.00004423           0.00011793
 #*EXTRAS*# Step:           7  Bead:      6  
     0.00011777          -0.00004461          -0.00004438
    -0.00004461           0.00011740          -0.00004424
    -0.00004438          -0.00004424           0.00011778
 #*EXTRAS*# Step:           8  Bead:      6  
     0.00011765          -0.00004462          -0.00004438
    -0.00004462           0.00011727          -0.00004424
    -0.00004438          -0.00004424           0.00011766
 #*EXTRAS*# Step:           9  Bead:      6  
     0.00011755          -0.00004463          -0.00004438
    -0.00004463           0.00011716          -0.00004424
    -0.00004438          -0.00004424           0.00011756
 #*EXTRAS*# Step:          10  Bead:      6  
     0.00011747          -0.00004463          -0.00004437
    -0.00004463           0.00011708          -0.00004424
    -0.00004437          -0.00004424           0.00011748
 #*EXTRAS*# Step:          11  Bead:      6  
     0.00011740          -0.00004463          -0.00004437
    -0.00004463           0.00011700          -0.00004424
    -0.00004437          -0.00004424           0.00011741
 #*EXTRAS*# Step:          12  Bead:      6  
     0.00011734          -0.00004463          -0.00004437
    -0.00004463           0.00011693          -0.00004424
    -0.00004437          -0.00004424           0.00011734
 #*EXTRAS*# Step:          13  Bead:      6  
     0.00011728          -0.00004463          -0.00004437
    -0.00004463           0.00011687          -0.00004424
    -0.00004437          -0.00004424           0.00011729
 #*EXTRAS*# Step:          14  Bead:      6  
     0.00011723          -0.00004463          -0.00004436
    -0.00004463           0.00011682          -0.00004424
    -0.00004436          -0.00004424           0.00011724
 #*EXTRAS*# Step:          15  Bead:      6  
     0.00011719          -0.00004463          -0.00004436
    -0.00004463           0.00011678          -0.00004423
    -0.00004436          -0.00004423           0.00011720
 #*EXTRAS*# Step:          16  Bead:      6  
     0.00011715          -0.00004463          -0.00004436
    -0.00004463           0.00011674          -0.00004423
    -0.00004436          -0.00004423           0.00011716
 #*EXTRAS*# Step:          17  Bead:      6  
     0.00011711          -0.00004463          -0.00004436
    -0.00004463           0.00011670          -0.00004423
    -0.00004436          -0.00004423           0.00011712
 #*EXTRAS*# Step:          18  Bead:      6  
     0.00011708          -0.00004463          -0.00004435
    -0.00004463           0.00011667          -0.00004423
    -0.00004435          -0.00004423           0.00011709
 #*EXTRAS*# Step:          19  Bead:      6  
     0.00011705          -0.00004463          -0.00004435
    -0.00004463           0.00011664          -0.00004423
    -0.00004435          -0.00004423           0.00011706
 #*EXTRAS*# Step:          20  Bead:      6  
     0.00011703          -0.00004463          -0.00004435
    -0.00004463           0.00011661          -0.00004423
    -0.00004435          -0.00004423           0.00011704
 #*EXTRAS*# Step:          21  Bead:      6  
     0.00011700          -0.00004463          -0.00004435
    -0.00004463           0.00011658          -0.00004423
    -0.00004435          -0.00004423           0.00011701
 #*EXTRAS*# Step:          22  Bead:      6  
     0.00011698          -0.00004463          -0.00004435
    -0.00004463           0.00011656          -0.00004423
    -0.00004435          -0.00004423           0.00011699
 #*EXTRAS*# Step:          23  Bead:      6  
     0.00011696          -0.00004463          -0.00004435
    -0.00004463           0.00011654          -0.00004423
    -0.00004435          -0.00004423           0.00011697
 #*EXTRAS*# Step:          24  Bead:      6  
     0.00011694          -0.00004463          -0.00004434
    -0.00004463           0.00011652          -0.00004422
    -0.00004434          -0.00004422           0.00011695
 #*EXTRAS*# Step:          25  Bead:      6  
     0.00011692          -0.00004463          -0.00004434
    -0.00004463           0.00011650          -0.00004422
    -0.00004434          -0.00004422           0.00011693
 #*EXTRAS*# Step:          26  Bead:      6  
     0.00011691          -0.00004463          -0.00004434
    -0.00004463           0.00011649          -0.00004422
    -0.00004434          -0.00004422           0.00011692
 #*EXTRAS*# Step:          27  Bead:      6  
     0.00011690          -0.00004462          -0.00004434
    -0.00004462           0.00011647          -0.00004422
    -0.00004434          -0.00004422           0.00011691
 #*EXTRAS*# Step:          28  Bead:      6  
     0.00011688          -0.00004462          -0.00004434
    -0.00004462           0.00011646          -0.00004422
    -0.00004434          -0.00004422           0.00011689
 #*EXTRAS*# Step:          29  Bead:      6  
     0.00011687          -0.00004462          -0.00004434
    -0.00004462           0.00011645          -0.00004422
    -0.00004434          -0.00004422           0.00011688
 #*EXTRAS*# Step:          30  Bead:      6  
     0.00011686          -0.00004462          -0.00004434
    -0.00004462           0.00011644          -0.00004422
    -0.00004434          -0.00004422           0.00011687
