 #*EXTRAS*# Step:           0  Bead:     10  
{"friction": [[0.00010769201875396802, -3.972555413098312e-05, -3.9719950576865164e-05], [-3.972555413098312e-05, 0.00010769006591528216, -3.9728539753675745e-05], [-3.9719950576865164e-05, -3.9728539753675745e-05, 0.00010769920684122335]]}
 #*EXTRAS*# Step:           1  Bead:     10  
{"friction": [[0.00010994070331190677, -4.1515923212077605e-05, -4.158738609491027e-05], [-4.1515923212077605e-05, 0.00010996587746853609, -4.1559657141601646e-05], [-4.158738609491027e-05, -4.1559657141601646e-05, 0.00011001762387994532]]}
 #*EXTRAS*# Step:           2  Bead:     10  
{"friction": [[0.0001122416337676336, -4.2988313952896364e-05, -4.30144746611767e-05], [-4.2988313952896364e-05, 0.00011218576231652864, -4.299522399437862e-05], [-4.30144746611767e-05, -4.299522399437862e-05, 0.0001123007274820805]]}
 #*EXTRAS*# Step:           3  Bead:     10  
{"friction": [[0.00011321787911832415, -4.351915599685663e-05, -4.346046109431979e-05], [-4.351915599685663e-05, 0.00011306330514334234, -4.343194355760015e-05], [-4.346046109431979e-05, -4.343194355760015e-05, 0.00011326514838475347]]}
 #*EXTRAS*# Step:           4  Bead:     10  
{"friction": [[0.00011386662136821714, -4.3829659077936924e-05, -4.370527136779423e-05], [-4.3829659077936924e-05, 0.00011363757120179098, -4.366561927527114e-05], [-4.370527136779423e-05, -4.366561927527114e-05, 0.00011390654748464366]]}
 #*EXTRAS*# Step:           5  Bead:     10  
{"friction": [[0.0001143360240024973, -4.402826312081935e-05, -4.385746991642737e-05], [-4.402826312081935e-05, 0.0001140545285929471, -4.380788834149783e-05], [-4.385746991642737e-05, -4.380788834149783e-05, 0.00011437087604157181]]}
 #*EXTRAS*# Step:           6  Bead:     10  
{"friction": [[0.00011467915984424482, -4.415795911661266e-05, -4.395577392716699e-05], [-4.415795911661266e-05, 0.0001143620604311086, -4.389814537663849e-05], [-4.395577392716699e-05, -4.389814537663849e-05, 0.00011471042356415885]]}
 #*EXTRAS*# Step:           7  Bead:     10  
{"friction": [[0.00011494538832515696, -4.424893635428884e-05, -4.4024637736642186e-05], [-4.424893635428884e-05, 0.00011460303963966819, -4.396039039939615e-05], [-4.4024637736642186e-05, -4.396039039939615e-05, 0.00011497393571329889]]}
 #*EXTRAS*# Step:           8  Bead:     10  
{"friction": [[0.00011515772977844747, -4.431517105089904e-05, -4.4074986498576565e-05], [-4.431517105089904e-05, 0.00011479708303707918, -4.400526286861805e-05], [-4.4074986498576565e-05, -4.400526286861805e-05, 0.00011518415186040586]]}
 #*EXTRAS*# Step:           9  Bead:     10  
{"friction": [[0.00011533234131953108, -4.436528838858742e-05, -4.4113380218554005e-05], [-4.436528838858742e-05, 0.00011495804973649112, -4.4039041533526255e-05], [-4.4113380218554005e-05, -4.4039041533526255e-05, 0.0001153570425035311]]}
 #*EXTRAS*# Step:          10  Bead:     10  
{"friction": [[0.00011547904088130318, -4.440428425480747e-05, -4.414355714646095e-05], [-4.440428425480747e-05, 0.00011509436141309667, -4.406527379082173e-05], [-4.414355714646095e-05, -4.406527379082173e-05, 0.00011550231457867276]]}
 #*EXTRAS*# Step:          11  Bead:     10  
{"friction": [[0.00011560446714637382, -4.443532865130998e-05, -4.4167864188932856e-05], [-4.443532865130998e-05, 0.0001152117425952739, -4.4086165728219205e-05], [-4.4167864188932856e-05, -4.4086165728219205e-05, 0.00011562653341554738]]}
 #*EXTRAS*# Step:          12  Bead:     10  
{"friction": [[0.00011571315962829314, -4.4460491737441325e-05, -4.4187822173071014e-05], [-4.4460491737441325e-05, 0.00011531412245632432, -4.410313649357994e-05], [-4.4187822173071014e-05, -4.410313649357994e-05, 0.00011573418915775181]]}
 #*EXTRAS*# Step:          13  Bead:     10  
{"friction": [[0.00011580837551996515, -4.4481190232852206e-05, -4.420446669831853e-05], [-4.4481190232852206e-05, 0.00011540433421013385, -4.4117145549554835e-05], [-4.420446669831853e-05, -4.4117145549554835e-05, 0.00011582850408947181]]}
 #*EXTRAS*# Step:          14  Bead:     10  
{"friction": [[0.00011589251010532, -4.44984231956536e-05, -4.421852555969295e-05], [-4.44984231956536e-05, 0.00011548447093774284, -4.4128862874726845e-05], [-4.421852555969295e-05, -4.4128862874726845e-05, 0.00011591184813424328]]}
 #*EXTRAS*# Step:          15  Bead:     10  
{"friction": [[0.0001159673760482947, -4.4512916307967616e-05, -4.423052640100533e-05], [-4.4512916307967616e-05, 0.0001155561242680459, -4.413877121057319e-05], [-4.423052640100533e-05, -4.413877121057319e-05, 0.0001159860149752213]]}
 #*EXTRAS*# Step:          16  Bead:     10  
{"friction": [[0.00011603437558828352, -4.4525209293654095e-05, -4.424086136597787e-05], [-4.4525209293654095e-05, 0.0001156205313718501, -4.414722722543254e-05], [-4.424086136597787e-05, -4.414722722543254e-05, 0.00011605239231392712]]}
 #*EXTRAS*# Step:          17  Bead:     10  
{"friction": [[0.00011609461618347797, -4.453571211631032e-05, -4.4249828435484305e-05], [-4.453571211631032e-05, 0.00011567867414237503, -4.4154500385270814e-05], [-4.4249828435484305e-05, -4.4154500385270814e-05, 0.00011611207623231274]]}
 #*EXTRAS*# Step:          18  Bead:     10  
{"friction": [[0.00011614898827703445, -4.45447418210519e-05, -4.425765838209436e-05], [-4.45447418210519e-05, 0.00011573134600888, -4.41607981927127e-05], [-4.425765838209436e-05, -4.41607981927127e-05, 0.00011616594810528464]]}
 #*EXTRAS*# Step:          19  Bead:     10  
{"friction": [[0.00011619821952687713, -4.455254748270171e-05, -4.426453295093187e-05], [-4.455254748270171e-05, 0.00011577919866604918, -4.4166283134799443e-05], [-4.426453295093187e-05, -4.4166283134799443e-05, 0.0001162147282409548]]}
 #*EXTRAS*# Step:          20  Bead:     10  
{"friction": [[0.00011624291321593945, -4.4559327474411505e-05, -4.427059739720875e-05], [-4.4559327474411505e-05, 0.00011582277523915037, -4.41710843260536e-05], [-4.427059739720875e-05, -4.41710843260536e-05, 0.00011625901387648784]]}
 #*EXTRAS*# Step:          21  Bead:     10  
{"friction": [[0.0001162835760462778, -4.456524169540128e-05, -4.427596933536378e-05], [-4.456524169540128e-05, 0.00011586253433113894, -4.417530569690603e-05], [-4.427596933536378e-05, -4.417530569690603e-05, 0.00011629930667443367]]}
 #*EXTRAS*# Step:          22  Bead:     10  
{"friction": [[0.00011632063857106015, -4.457042039654621e-05, -4.428074510630205e-05], [-4.457042039654621e-05, 0.00011589886772760401, -4.4179031866684034e-05], [-4.428074510630205e-05, -4.4179031866684034e-05, 0.00011633603293710135]]}
 #*EXTRAS*# Step:          23  Bead:     10  
{"friction": [[0.00011635447045375835, -4.457497066556595e-05, -4.428500444231657e-05], [-4.457497066556595e-05, 0.00011593211363640091, -4.418233243373006e-05], [-4.428500444231657e-05, -4.418233243373006e-05, 0.00011636955870407648]]}
 #*EXTRAS*# Step:          24  Bead:     10  
{"friction": [[0.00011638539202259604, -4.457898126956909e-05, -4.4288813940233484e-05], [-4.457898126956909e-05, 0.0001159625667226676, -4.418526516088908e-05], [-4.4288813940233484e-05, -4.418526516088908e-05, 0.00011640020118480342]]}
 #*EXTRAS*# Step:          25  Bead:     10  
{"friction": [[0.00011641368313495058, -4.458252632473814e-05, -4.4292229685779804e-05], [-4.458252632473814e-05, 0.00011599048581338536, -4.418787837649857e-05], [-4.4292229685779804e-05, -4.418787837649857e-05, 0.00011642823752987342]]}
 #*EXTRAS*# Step:          26  Bead:     10  
{"friction": [[0.0001164395900611906, -4.4585668114817086e-05, -4.429529926352362e-05], [-4.4585668114817086e-05, 0.00011601609988412703, -4.419021280893684e-05], [-4.429529926352362e-05, -4.419021280893684e-05, 0.00011645391164281808]]}
 #*EXTRAS*# Step:          27  Bead:     10  
{"friction": [[0.00011646333089469213, -4.4588459282820604e-05, -4.4298063315672626e-05], [-4.4588459282820604e-05, 0.00011603961276687251, -4.419230300616769e-05], [-4.4298063315672626e-05, -4.419230300616769e-05, 0.00011647743953370307]]}
 #*EXTRAS*# Step:          28  Bead:     10  
{"friction": [[0.0001164850998472225, -4.4590944554100244e-05, -4.4300556764417406e-05], [-4.4590944554100244e-05, 0.00011606120688987146, -4.419417844647579e-05], [-4.4300556764417406e-05, -4.419417844647579e-05, 0.00011649901356985895]]}
 #*EXTRAS*# Step:          29  Bead:     10  
{"friction": [[0.00011650507069591507, -4.459316210491671e-05, -4.430280978058162e-05], [-4.459316210491671e-05, 0.00011608104628090328, -4.419586441676021e-05], [-4.430280978058162e-05, -4.419586441676021e-05, 0.00011651880588713797]]}
 #*EXTRAS*# Step:          30  Bead:     10  
{"friction": [[0.0001165233995843945, -4.4595144660284005e-05, -4.430484855940996e-05], [-4.4595144660284005e-05, 0.00011609927901095163, -4.4197382714271126e-05], [-4.430484855940996e-05, -4.4197382714271126e-05, 0.00011653697116211853]]}
