 #*EXTRAS*# Step:           0  Bead:      5  
     0.00012329          -0.00004270          -0.00004239
    -0.00004270           0.00012336          -0.00004279
    -0.00004239          -0.00004279           0.00012310
 #*EXTRAS*# Step:           1  Bead:      5  
     0.00012223          -0.00004331          -0.00004319
    -0.00004331           0.00012229          -0.00004335
    -0.00004319          -0.00004335           0.00012211
 #*EXTRAS*# Step:           2  Bead:      5  
     0.00012120          -0.00004376          -0.00004375
    -0.00004376           0.00012121          -0.00004373
    -0.00004375          -0.00004373           0.00012113
 #*EXTRAS*# Step:           3  Bead:      5  
     0.00012018          -0.00004412          -0.00004410
    -0.00004412           0.00012008          -0.00004398
    -0.00004410          -0.00004398           0.00012014
 #*EXTRAS*# Step:           4  Bead:      5  
     0.00011952          -0.00004431          -0.00004424
    -0.00004431           0.00011933          -0.00004410
    -0.00004424          -0.00004410           0.00011950
 #*EXTRAS*# Step:           5  Bead:      5  
     0.00011907          -0.00004442          -0.00004431
    -0.00004442           0.00011883          -0.00004416
    -0.00004431          -0.00004416           0.00011906
 #*EXTRAS*# Step:           6  Bead:      5  
     0.00011873          -0.00004449          -0.00004434
    -0.00004449           0.00011845          -0.00004419
    -0.00004434          -0.00004419           0.00011873
 #*EXTRAS*# Step:           7  Bead:      5  
     0.00011848          -0.00004453          -0.00004436
    -0.00004453           0.00011817          -0.00004421
    -0.00004436          -0.00004421           0.00011847
 #*EXTRAS*# Step:           8  Bead:      5  
     0.00011827          -0.00004456          -0.00004437
    -0.00004456           0.00011794          -0.00004422
    -0.00004437          -0.00004422           0.00011827
 #*EXTRAS*# Step:           9  Bead:      5  
     0.00011810          -0.00004458          -0.00004438
    -0.00004458           0.00011776          -0.00004423
    -0.00004438          -0.00004423           0.00011810
 #*EXTRAS*# Step:          10  Bead:      5  
     0.00011796          -0.00004460          -0.00004438
    -0.00004460           0.00011760          -0.00004423
    -0.00004438          -0.00004423           0.00011796
 #*EXTRAS*# Step:          11  Bead:      5  
     0.00011784          -0.00004461          -0.00004438
    -0.00004461           0.00011747          -0.00004424
    -0.00004438          -0.00004424           0.00011784
 #*EXTRAS*# Step:          12  Bead:      5  
     0.00011773          -0.00004462          -0.00004438
    -0.00004462           0.00011736          -0.00004424
    -0.00004438          -0.00004424           0.00011774
 #*EXTRAS*# Step:          13  Bead:      5  
     0.00011764          -0.00004462          -0.00004438
    -0.00004462           0.00011726          -0.00004424
    -0.00004438          -0.00004424           0.00011765
 #*EXTRAS*# Step:          14  Bead:      5  
     0.00011756          -0.00004462          -0.00004438
    -0.00004462           0.00011717          -0.00004424
    -0.00004438          -0.00004424           0.00011756
 #*EXTRAS*# Step:          15  Bead:      5  
     0.00011749          -0.00004463          -0.00004437
    -0.00004463           0.00011709          -0.00004424
    -0.00004437          -0.00004424           0.00011749
 #*EXTRAS*# Step:          16  Bead:      5  
     0.00011742          -0.00004463          -0.00004437
    -0.00004463           0.00011702          -0.00004424
    -0.00004437          -0.00004424           0.00011743
 #*EXTRAS*# Step:          17  Bead:      5  
     0.00011736          -0.00004463          -0.00004437
    -0.00004463           0.00011696          -0.00004424
    -0.00004437          -0.00004424           0.00011737
 #*EXTRAS*# Step:          18  Bead:      5  
     0.00011731          -0.00004463          -0.00004437
    -0.00004463           0.00011690          -0.00004424
    -0.00004437          -0.00004424           0.00011732
 #*EXTRAS*# Step:          19  Bead:      5  
     0.00011726          -0.00004463          -0.00004436
    -0.00004463           0.00011685          -0.00004424
    -0.00004436          -0.00004424           0.00011727
 #*EXTRAS*# Step:          20  Bead:      5  
     0.00011722          -0.00004463          -0.00004436
    -0.00004463           0.00011681          -0.00004423
    -0.00004436          -0.00004423           0.00011722
 #*EXTRAS*# Step:          21  Bead:      5  
     0.00011718          -0.00004463          -0.00004436
    -0.00004463           0.00011676          -0.00004423
    -0.00004436          -0.00004423           0.00011718
 #*EXTRAS*# Step:          22  Bead:      5  
     0.00011714          -0.00004463          -0.00004436
    -0.00004463           0.00011673          -0.00004423
    -0.00004436          -0.00004423           0.00011715
 #*EXTRAS*# Step:          23  Bead:      5  
     0.00011711          -0.00004463          -0.00004436
    -0.00004463           0.00011669          -0.00004423
    -0.00004436          -0.00004423           0.00011711
 #*EXTRAS*# Step:          24  Bead:      5  
     0.00011708          -0.00004463          -0.00004435
    -0.00004463           0.00011666          -0.00004423
    -0.00004435          -0.00004423           0.00011708
 #*EXTRAS*# Step:          25  Bead:      5  
     0.00011705          -0.00004463          -0.00004435
    -0.00004463           0.00011663          -0.00004423
    -0.00004435          -0.00004423           0.00011706
 #*EXTRAS*# Step:          26  Bead:      5  
     0.00011702          -0.00004463          -0.00004435
    -0.00004463           0.00011660          -0.00004423
    -0.00004435          -0.00004423           0.00011703
 #*EXTRAS*# Step:          27  Bead:      5  
     0.00011700          -0.00004463          -0.00004435
    -0.00004463           0.00011658          -0.00004423
    -0.00004435          -0.00004423           0.00011701
 #*EXTRAS*# Step:          28  Bead:      5  
     0.00011698          -0.00004463          -0.00004435
    -0.00004463           0.00011656          -0.00004423
    -0.00004435          -0.00004423           0.00011699
 #*EXTRAS*# Step:          29  Bead:      5  
     0.00011696          -0.00004463          -0.00004435
    -0.00004463           0.00011654          -0.00004423
    -0.00004435          -0.00004423           0.00011697
 #*EXTRAS*# Step:          30  Bead:      5  
     0.00011694          -0.00004463          -0.00004434
    -0.00004463           0.00011652          -0.00004422
    -0.00004434          -0.00004422           0.00011695
