 #*EXTRAS*# Step:           0  Bead:      7  
{"friction": [[0.00011665083949596382, -4.4607528816683966e-05, -4.431825914901668e-05], [-4.4607528816683966e-05, 0.0001162267076263409, -4.4207173972077276e-05], [-4.431825914901668e-05, -4.4207173972077276e-05, 0.00011666327977368902]]}
 #*EXTRAS*# Step:           1  Bead:      7  
{"friction": [[0.00011707891217668889, -4.46309505115423e-05, -4.4353616310137535e-05], [-4.46309505115423e-05, 0.0001166635215736113, -4.4230421163181805e-05], [-4.4353616310137535e-05, -4.4230421163181805e-05, 0.00011708762923983617]]}
 #*EXTRAS*# Step:           2  Bead:      7  
{"friction": [[0.00011753332963488428, -4.4626125855306844e-05, -4.437471793425248e-05], [-4.4626125855306844e-05, 0.0001171413734018756, -4.4239354444974335e-05], [-4.437471793425248e-05, -4.4239354444974335e-05, 0.00011753809295876609]]}
 #*EXTRAS*# Step:           3  Bead:      7  
{"friction": [[0.00011731288927327987, -4.4632094443179e-05, -4.4366632667408705e-05], [-4.4632094443179e-05, 0.0001169079129339023, -4.42370020363133e-05], [-4.4366632667408705e-05, -4.42370020363133e-05, 0.00011731958989693389]]}
 #*EXTRAS*# Step:           4  Bead:      7  
{"friction": [[0.00011719138693096597, -4.4632489575470356e-05, -4.436043681996216e-05], [-4.4632489575470356e-05, 0.00011678053923410327, -4.423411498026411e-05], [-4.436043681996216e-05, -4.423411498026411e-05, 0.00011719913697047943]]}
 #*EXTRAS*# Step:           5  Bead:      7  
{"friction": [[0.00011712603374402624, -4.463182180872578e-05, -4.435660000061163e-05], [-4.463182180872578e-05, 0.00011671243874371549, -4.423208894619376e-05], [-4.435660000061163e-05, -4.423208894619376e-05, 0.00011713434583590743]]}
 #*EXTRAS*# Step:           6  Bead:      7  
{"friction": [[0.00011707441290608794, -4.463085006072258e-05, -4.435332193488867e-05], [-4.463085006072258e-05, 0.00011665885913092833, -4.423025281336454e-05], [-4.435332193488867e-05, -4.423025281336454e-05, 0.00011708316864103276]]}
 #*EXTRAS*# Step:           7  Bead:      7  
{"friction": [[0.00011703632371085136, -4.46298781938961e-05, -4.435076378149751e-05], [-4.46298781938961e-05, 0.00011661944723159962, -4.422876381695637e-05], [-4.435076378149751e-05, -4.422876381695637e-05, 0.00011704540694712734]]}
 #*EXTRAS*# Step:           8  Bead:      7  
{"friction": [[0.00011700483048355072, -4.462890943033354e-05, -4.434855955059436e-05], [-4.462890943033354e-05, 0.00011658694054429899, -4.4227446237300544e-05], [-4.434855955059436e-05, -4.4227446237300544e-05, 0.00011701418477029538]]}
 #*EXTRAS*# Step:           9  Bead:      7  
{"friction": [[0.00011697840261655181, -4.462798009826642e-05, -4.434664779238195e-05], [-4.462798009826642e-05, 0.00011655971910974103, -4.4226279979647125e-05], [-4.434664779238195e-05, -4.4226279979647125e-05, 0.00011698798463376871]]}
 #*EXTRAS*# Step:          10  Bead:      7  
{"friction": [[0.00011695564944126729, -4.462709428763521e-05, -4.434495659216609e-05], [-4.462709428763521e-05, 0.00011653632483881043, -4.422523144784585e-05], [-4.434495659216609e-05, -4.422523144784585e-05, 0.00011696542778219125]]}
 #*EXTRAS*# Step:          11  Bead:      7  
{"friction": [[0.00011693578607542971, -4.462625574815559e-05, -4.4343446008158735e-05], [-4.462625574815559e-05, 0.00011651593402460488, -4.422428237901223e-05], [-4.4343446008158735e-05, -4.422428237901223e-05, 0.00011694573603787239]]}
 #*EXTRAS*# Step:          12  Bead:      7  
{"friction": [[0.00011691822152100408, -4.462546333134982e-05, -4.434208374213752e-05], [-4.462546333134982e-05, 0.00011649792831626166, -4.422341690668108e-05], [-4.434208374213752e-05, -4.422341690668108e-05, 0.00011692832344743819]]}
 #*EXTRAS*# Step:          13  Bead:      7  
{"friction": [[0.00011690254503178857, -4.4624715680254065e-05, -4.434084690038066e-05], [-4.4624715680254065e-05, 0.0001164818781355021, -4.422262362996951e-05], [-4.434084690038066e-05, -4.422262362996951e-05, 0.00011691278275663289]]}
 #*EXTRAS*# Step:          14  Bead:      7  
{"friction": [[0.0001168884484460412, -4.462401086619195e-05, -4.433971777275251e-05], [-4.462401086619195e-05, 0.00011646746160751188, -4.4221893496913e-05], [-4.433971777275251e-05, -4.4221893496913e-05, 0.00011689880842012539]]}
 #*EXTRAS*# Step:          15  Bead:      7  
{"friction": [[0.00011687569902777843, -4.462334692248588e-05, -4.433868272845587e-05], [-4.462334692248588e-05, 0.00011645443590274963, -4.422121942010463e-05], [-4.433868272845587e-05, -4.422121942010463e-05, 0.0001168861696798821]]}
 #*EXTRAS*# Step:          16  Bead:      7  
{"friction": [[0.00011686411515599825, -4.4622721884362746e-05, -4.4337730914267064e-05], [-4.4622721884362746e-05, 0.00011644261174423125, -4.4220595655743385e-05], [-4.4337730914267064e-05, -4.4220595655743385e-05, 0.00011687468646016041]]}
 #*EXTRAS*# Step:          17  Bead:      7  
{"friction": [[0.00011685355241787298, -4.462213387474316e-05, -4.433685354194385e-05], [-4.462213387474316e-05, 0.00011643183879295039, -4.422001748050363e-05], [-4.433685354194385e-05, -4.422001748050363e-05, 0.00011686421557808133]]}
 #*EXTRAS*# Step:          18  Bead:      7  
{"friction": [[0.00011684389350604696, -4.462158110454959e-05, -4.433604333899582e-05], [-4.462158110454959e-05, 0.00011642199506244531, -4.421948092561562e-05], [-4.433604333899582e-05, -4.421948092561562e-05, 0.00011685464072645085]]}
 #*EXTRAS*# Step:          19  Bead:      7  
{"friction": [[0.00011683504144196802, -4.4621061871740944e-05, -4.433529417986437e-05], [-4.4621061871740944e-05, 0.00011641297981910889, -4.421898259812338e-05], [-4.433529417986437e-05, -4.421898259812338e-05, 0.00011684586575446165]]}
 #*EXTRAS*# Step:          20  Bead:      7  
{"friction": [[0.00011682691471676164, -4.4620574550224356e-05, -4.433460081623793e-05], [-4.4620574550224356e-05, 0.00011640470849677822, -4.421851954756836e-05], [-4.433460081623793e-05, -4.421851954756836e-05, 0.00011683780984974542]]}
 #*EXTRAS*# Step:          21  Bead:      7  
{"friction": [[0.00011681944381806568, -4.462011757992904e-05, -4.433395868335107e-05], [-4.462011757992904e-05, 0.0001163971090629232, -4.421808916978723e-05], [-4.433395868335107e-05, -4.421808916978723e-05, 0.00011683040409464775]]}
 #*EXTRAS*# Step:          22  Bead:      7  
{"friction": [[0.00011681256868396455, -4.461968945787736e-05, -4.43333637572059e-05], [-4.461968945787736e-05, 0.0001163901193557121, -4.421768913562653e-05], [-4.43333637572059e-05, -4.421768913562653e-05, 0.00011682358894175012]]}
 #*EXTRAS*# Step:          23  Bead:      7  
{"friction": [[0.0001168062368173602, -4.461928873153732e-05, -4.433281244886693e-05], [-4.461928873153732e-05, 0.00011638368511190247, -4.4217317338196004e-05], [-4.433281244886693e-05, -4.4217317338196004e-05, 0.0001168173123442282]]}
 #*EXTRAS*# Step:          24  Bead:      7  
{"friction": [[0.00011680040186858627, -4.461891399420118e-05, -4.433230152524436e-05], [-4.461891399420118e-05, 0.00011637775848430873, -4.421697185346533e-05], [-4.433230152524436e-05, -4.421697185346533e-05, 0.00011681152835048164]]}
 #*EXTRAS*# Step:          25  Bead:      7  
{"friction": [[0.00011679502255772284, -4.461856388217167e-05, -4.433182804926244e-05], [-4.461856388217167e-05, 0.00011637229691427216, -4.42166509107074e-05], [-4.433182804926244e-05, -4.42166509107074e-05, 0.00011680619603558084]]}
 #*EXTRAS*# Step:          26  Bead:      7  
{"friction": [[0.0001167900618453171, -4.4618237073354815e-05, -4.433138933424305e-05], [-4.4618237073354815e-05, 0.00011636726226368093, -4.421635287018044e-05], [-4.433138933424305e-05, -4.421635287018044e-05, 0.0001168012786790117]]}
 #*EXTRAS*# Step:          27  Bead:      7  
{"friction": [[0.00011678548628789152, -4.461793228695133e-05, -4.433098290888733e-05], [-4.461793228695133e-05, 0.00011636262014003678, -4.421607620621752e-05], [-4.433098290888733e-05, -4.421607620621752e-05, 0.00011679674312563878]]}
 #*EXTRAS*# Step:          28  Bead:      7  
{"friction": [[0.00011678126552844322, -4.461764828369676e-05, -4.43306064898648e-05], [-4.461764828369676e-05, 0.00011635833936267074, -4.421581949413249e-05], [-4.43306064898648e-05, -4.421581949413249e-05, 0.00011679255928051496]]}
 #*EXTRAS*# Step:          29  Bead:      7  
{"friction": [[0.00011677737189005628, -4.4617383866497443e-05, -4.43302579601986e-05], [-4.4617383866497443e-05, 0.00011635439153678354, -4.421558140002578e-05], [-4.43302579601986e-05, -4.421558140002578e-05, 0.00011678869970592958]]}
 #*EXTRAS*# Step:          30  Bead:      7  
{"friction": [[0.00011677378005168247, -4.4617137881513786e-05, -4.432993535233617e-05], [-4.4617137881513786e-05, 0.00011635075071334173, -4.421536067296672e-05], [-4.432993535233617e-05, -4.421536067296672e-05, 0.00011678513929992788]]}
