 #*EXTRAS*# Step:           0  Bead:      8  
{"friction": [[0.00011321589094004546, -4.351814646398022e-05, -4.345964836559014e-05], [-4.351814646398022e-05, 0.00011306154132995574, -4.343115956369095e-05], [-4.345964836559014e-05, -4.343115956369095e-05, 0.00011326318332248197]]}
 #*EXTRAS*# Step:           1  Bead:      8  
{"friction": [[0.00011440034439429883, -4.405360655166109e-05, -4.3876723047773454e-05], [-4.405360655166109e-05, 0.00011411195530043661, -4.382567914108882e-05], [-4.3876723047773454e-05, -4.382567914108882e-05, 0.00011443451617624293]]}
 #*EXTRAS*# Step:           2  Bead:      8  
{"friction": [[0.00011561365087447448, -4.4437517560348225e-05, -4.416959012099159e-05], [-4.4437517560348225e-05, 0.00011522036883705721, -4.408764020899972e-05], [-4.416959012099159e-05, -4.408764020899972e-05, 0.0001156356292036104]]}
 #*EXTRAS*# Step:           3  Bead:      8  
{"friction": [[0.0001158429220620997, -4.448838680624022e-05, -4.4210312868082447e-05], [-4.448838680624022e-05, 0.00011543719029533046, -4.412203162566874e-05], [-4.4210312868082447e-05, -4.412203162566874e-05, 0.00011586272539859846]]}
 #*EXTRAS*# Step:           4  Bead:      8  
{"friction": [[0.00011600522173201786, -4.4519939115628516e-05, -4.423641116309736e-05], [-4.4519939115628516e-05, 0.00011559247235171704, -4.4143595305645986e-05], [-4.423641116309736e-05, -4.4143595305645986e-05, 0.00011602350880121933]]}
 #*EXTRAS*# Step:           5  Bead:      8  
{"friction": [[0.00011613565918578713, -4.4542567861116895e-05, -4.42557619975353e-05], [-4.4542567861116895e-05, 0.00011571841657673697, -4.4159277670253444e-05], [-4.42557619975353e-05, -4.4159277670253444e-05, 0.0001161527414463372]]}
 #*EXTRAS*# Step:           6  Bead:      8  
{"friction": [[0.00011622752125911485, -4.455702551339066e-05, -4.426852781173778e-05], [-4.455702551339066e-05, 0.00011580775344866896, -4.416944996074423e-05], [-4.426852781173778e-05, -4.416944996074423e-05, 0.00011624376228949846]]}
 #*EXTRAS*# Step:           7  Bead:      8  
{"friction": [[0.00011629939032091089, -4.4567476162497495e-05, -4.427802116232141e-05], [-4.4567476162497495e-05, 0.00011587802639901048, -4.4176909766542346e-05], [-4.427802116232141e-05, -4.4176909766542346e-05, 0.00011631497735151933]]}
 #*EXTRAS*# Step:           8  Bead:      8  
{"friction": [[0.00011635553958831559, -4.457511170038498e-05, -4.428513748744425e-05], [-4.457511170038498e-05, 0.00011593316550007308, -4.418243517112752e-05], [-4.428513748744425e-05, -4.418243517112752e-05, 0.00011637061817791127]]}
 #*EXTRAS*# Step:           9  Bead:      8  
{"friction": [[0.00011640104584294787, -4.4580957499726665e-05, -4.4290712135749456e-05], [-4.4580957499726665e-05, 0.00011597800798573457, -4.418671934421949e-05], [-4.4290712135749456e-05, -4.418671934421949e-05, 0.00011641571397100911]]}
 #*EXTRAS*# Step:          10  Bead:      8  
{"friction": [[0.00011643869137132552, -4.458556080421623e-05, -4.429519371480964e-05], [-4.458556080421623e-05, 0.00011601521058417094, -4.419013276534553e-05], [-4.429519371480964e-05, -4.419013276534553e-05, 0.00011645302102132379]]}
 #*EXTRAS*# Step:          11  Bead:      8  
{"friction": [[0.00011647044226095271, -4.4589278957904075e-05, -4.4298882176155864e-05], [-4.4589278957904075e-05, 0.00011604666341394956, -4.419291999075e-05], [-4.4298882176155864e-05, -4.419291999075e-05, 0.0001164844871900325]]}
 #*EXTRAS*# Step:          12  Bead:      8  
{"friction": [[0.00011649760057183907, -4.459233962852725e-05, -4.430197089623492e-05], [-4.459233962852725e-05, 0.00011607362207808758, -4.4195237645098335e-05], [-4.430197089623492e-05, -4.4195237645098335e-05, 0.00011651140251110558]]}
 #*EXTRAS*# Step:          13  Bead:      8  
{"friction": [[0.00011652110399713297, -4.459489912123446e-05, -4.4304594733541665e-05], [-4.459489912123446e-05, 0.00011609699417891634, -4.41971940781963e-05], [-4.4304594733541665e-05, -4.41971940781963e-05, 0.00011653469605396405]]}
 #*EXTRAS*# Step:          14  Bead:      8  
{"friction": [[0.00011654163499285293, -4.459706699323447e-05, -4.430684942628757e-05], [-4.459706699323447e-05, 0.00011611744212656427, -4.4198865713418594e-05], [-4.430684942628757e-05, -4.4198865713418594e-05, 0.0001165550440184781]]}
 #*EXTRAS*# Step:          15  Bead:      8  
{"friction": [[0.00011655970808107098, -4.459892282047363e-05, -4.43088054331317e-05], [-4.459892282047363e-05, 0.0001161354666775947, -4.4200308434240344e-05], [-4.43088054331317e-05, -4.4200308434240344e-05, 0.00011657295622442934]]}
 #*EXTRAS*# Step:          16  Bead:      8  
{"friction": [[0.00011657571868130707, -4.4600525725037505e-05, -4.4310515750297864e-05], [-4.4600525725037505e-05, 0.00011615145358469009, -4.420156402765112e-05], [-4.4310515750297864e-05, -4.420156402765112e-05, 0.00011658882448716252]]}
 #*EXTRAS*# Step:          17  Bead:      8  
{"friction": [[0.00011658997727537349, -4.460192064756414e-05, -4.4312021154897514e-05], [-4.460192064756414e-05, 0.00011616570640859802, -4.420266446432044e-05], [-4.4312021154897514e-05, -4.420266446432044e-05, 0.0001166029564654644]]}
 #*EXTRAS*# Step:          18  Bead:      8  
{"friction": [[0.00011660273182153701, -4.4603142389315595e-05, -4.431335360119967e-05], [-4.4603142389315595e-05, 0.0001161784680751581, -4.420363466229619e-05], [-4.431335360119967e-05, -4.420363466229619e-05, 0.00011661559786814936]]}
 #*EXTRAS*# Step:          19  Bead:      8  
{"friction": [[0.00011661418350222212, -4.4604218358757286e-05, -4.4314538553061436e-05], [-4.4604218358757286e-05, 0.00011618993606180516, -4.420449437449366e-05], [-4.4314538553061436e-05, -4.420449437449366e-05, 0.0001166269480563745]]}
 #*EXTRAS*# Step:          20  Bead:      8  
{"friction": [[0.0001166244978089904, -4.4605170462104105e-05, -4.43155966008996e-05], [-4.4605170462104105e-05, 0.00011620027310611618, -4.420525949219757e-05], [-4.43155966008996e-05, -4.420525949219757e-05, 0.00011663717102648823]]}
 #*EXTRAS*# Step:          21  Bead:      8  
{"friction": [[0.00011663381257164465, -4.460601644019453e-05, -4.4316544614206814e-05], [-4.460601644019453e-05, 0.00011620961497655201, -4.420594297034978e-05], [-4.4316544614206814e-05, -4.420594297034978e-05, 0.0001166464033653154]]}
 #*EXTRAS*# Step:          22  Bead:      8  
{"friction": [[0.00011664224385316955, -4.460677083015247e-05, -4.4317396576287755e-05], [-4.460677083015247e-05, 0.00011621807618644159, -4.420655549534652e-05], [-4.4317396576287755e-05, -4.420655549534652e-05, 0.00011665476009099646]]}
 #*EXTRAS*# Step:          23  Bead:      8  
{"friction": [[0.00011664989035485446, -4.4607445670059886e-05, -4.4318164200031045e-05], [-4.4607445670059886e-05, 0.00011622575427004272, -4.420710597599047e-05], [-4.4318164200031045e-05, -4.420710597599047e-05, 0.00011666233901774869]]}
 #*EXTRAS*# Step:          24  Bead:      8  
{"friction": [[0.00011665683675385242, -4.460805102333174e-05, -4.4318857388996035e-05], [-4.460805102333174e-05, 0.00011623273302653051, -4.4207601909959875e-05], [-4.4318857388996035e-05, -4.4207601909959875e-05, 0.00011666922406289098]]}
 #*EXTRAS*# Step:          25  Bead:      8  
{"friction": [[0.00011666315626687374, -4.460859537466756e-05, -4.431948458768202e-05], [-4.460859537466756e-05, 0.00011623908501485188, -4.420804966136658e-05], [-4.431948458768202e-05, -4.420804966136658e-05, 0.00011667548778711555]]}
 #*EXTRAS*# Step:          26  Bead:      8  
{"friction": [[0.00011666891264392731, -4.4609085932984916e-05, -4.43200530510818e-05], [-4.4609085932984916e-05, 0.00011624487349615581, -4.4208454673741115e-05], [-4.43200530510818e-05, -4.4208454673741115e-05, 0.00011668119337003838]]}
 #*EXTRAS*# Step:          27  Bead:      8  
{"friction": [[0.00011667416173841158, -4.460952886613504e-05, -4.432056905477376e-05], [-4.460952886613504e-05, 0.00011625015396519832, -4.420882163556085e-05], [-4.432056905477376e-05, -4.420882163556085e-05, 0.000116686396165983]]}
 #*EXTRAS*# Step:          28  Bead:      8  
{"friction": [[0.00011667895275401717, -4.4609929484540624e-05, -4.4321038060200666e-05], [-4.4609929484540624e-05, 0.00011625497536776117, -4.420915461012703e-05], [-4.4321038060200666e-05, -4.420915461012703e-05, 0.0001166911449395338]]}
 #*EXTRAS*# Step:          29  Bead:      8  
{"friction": [[0.00011668332924602711, -4.461029238643615e-05, -4.432146484613645e-05], [-4.461029238643615e-05, 0.0001162593810792788, -4.420945713859487e-05], [-4.432146484613645e-05, -4.420945713859487e-05, 0.00011669548285773304]]}
 #*EXTRAS*# Step:          30  Bead:      8  
{"friction": [[0.00011668732993809322, -4.461062157424355e-05, -4.432185361475086e-05], [-4.461062157424355e-05, 0.00011626340970407677, -4.42097323228364e-05], [-4.432185361475086e-05, -4.42097323228364e-05, 0.00011669944829944141]]}
