 #*EXTRAS*# Step:           0  Bead:     12  
{"friction": [[0.00010410059478635681, -3.587758594138993e-05, -3.5810247906280144e-05], [-3.587758594138993e-05, 0.00010409721165943899, -3.604130532787345e-05], [-3.5810247906280144e-05, -3.604130532787345e-05, 0.00010376542350754372]]}
 #*EXTRAS*# Step:           1  Bead:     12  
{"friction": [[0.0001068327151359019, -3.893184247074491e-05, -3.889866598949092e-05], [-3.893184247074491e-05, 0.00010682771546644247, -3.89544635257768e-05], [-3.889866598949092e-05, -3.89544635257768e-05, 0.00010677313268688233]]}
 #*EXTRAS*# Step:           2  Bead:     12  
{"friction": [[0.00010975520545054818, -4.1382615441172184e-05, -4.145001846751924e-05], [-4.1382615441172184e-05, 0.00010977966461402201, -4.142190567266487e-05], [-4.145001846751924e-05, -4.142190567266487e-05, 0.00010983104042364265]]}
 #*EXTRAS*# Step:           3  Bead:     12  
{"friction": [[0.00011123838468290335, -4.238488746171244e-05, -4.24565520519884e-05], [-4.238488746171244e-05, 0.00011124270384435449, -4.243595453504287e-05], [-4.24565520519884e-05, -4.243595453504287e-05, 0.00011130968920532037]]}
 #*EXTRAS*# Step:           4  Bead:     12  
{"friction": [[0.000112241118158019, -4.298801753934856e-05, -4.301421397383399e-05], [-4.298801753934856e-05, 0.00011218528985869091, -4.299496534312935e-05], [-4.301421397383399e-05, -4.299496534312935e-05, 0.00011230021837633124]]}
 #*EXTRAS*# Step:           5  Bead:     12  
{"friction": [[0.00011295812906910908, -4.3384548065145496e-05, -4.335100737757962e-05], [-4.3384548065145496e-05, 0.00011283233725818939, -4.33259311902522e-05], [-4.335100737757962e-05, -4.33259311902522e-05, 0.00011300845098280771]]}
 #*EXTRAS*# Step:           6  Bead:     12  
{"friction": [[0.00011348606564890072, -4.3652212445027466e-05, -4.3566573533822705e-05], [-4.3652212445027466e-05, 0.00011330086329487549, -4.353386303118347e-05], [-4.3566573533822705e-05, -4.353386303118347e-05, 0.00011353025146975719]]}
 #*EXTRAS*# Step:           7  Bead:     12  
{"friction": [[0.00011389636660104093, -4.384293089401598e-05, -4.3715530997318114e-05], [-4.384293089401598e-05, 0.00011366391285594257, -4.3675291739595756e-05], [-4.3715530997318114e-05, -4.3675291739595756e-05, 0.00011393596535945519]]}
 #*EXTRAS*# Step:           8  Bead:     12  
{"friction": [[0.0001142254810941062, -4.398362711642463e-05, -4.3823483921327296e-05], [-4.398362711642463e-05, 0.000113956030633264, -4.377636169502792e-05], [-4.3823483921327296e-05, -4.377636169502792e-05, 0.00011426151059840706]]}
 #*EXTRAS*# Step:           9  Bead:     12  
{"friction": [[0.00011449737357560288, -4.40909472237156e-05, -4.390504360787269e-05], [-4.40909472237156e-05, 0.00011419876430255276, -4.385175216648622e-05], [-4.390504360787269e-05, -4.385175216648622e-05, 0.0001145305258737652]]}
 #*EXTRAS*# Step:          10  Bead:     12  
{"friction": [[0.00011472680733037341, -4.417487517031147e-05, -4.3968571086911244e-05], [-4.417487517031147e-05, 0.00011440501900121447, -4.3909780178080244e-05], [-4.3968571086911244e-05, -4.3909780178080244e-05, 0.00011475758061362871]]}
 #*EXTRAS*# Step:          11  Bead:     12  
{"friction": [[0.00011492372411565602, -4.424185899278311e-05, -4.4019273533566274e-05], [-4.424185899278311e-05, 0.00011458333921575277, -4.3955575629645575e-05], [-4.4019273533566274e-05, -4.3955575629645575e-05, 0.00011495249037718288]]}
 #*EXTRAS*# Step:          12  Bead:     12  
{"friction": [[0.00011509496688030585, -4.429619095664406e-05, -4.40605244292057e-05], [-4.429619095664406e-05, 0.00011473954262543702, -4.39924359520136e-05], [-4.40605244292057e-05, -4.39924359520136e-05, 0.0001151220133987645]]}
 #*EXTRAS*# Step:          13  Bead:     12  
{"friction": [[0.00011524545300301727, -4.434084714220448e-05, -4.409461279801186e-05], [-4.434084714220448e-05, 0.00011487778407972865, -4.402258224244548e-05], [-4.409461279801186e-05, -4.402258224244548e-05, 0.00011527100753390562]]}
 #*EXTRAS*# Step:          14  Bead:     12  
{"friction": [[0.00011537881051006066, -4.437795125486582e-05, -4.412314386780297e-05], [-4.437795125486582e-05, 0.0001150011181925357, -4.404756187657773e-05], [-4.412314386780297e-05, -4.404756187657773e-05, 0.00011540305772112605]]}
 #*EXTRAS*# Step:          15  Bead:     12  
{"friction": [[0.00011549779116329254, -4.4409060688524696e-05, -4.414727814993491e-05], [-4.4409060688524696e-05, 0.0001151118587730749, -4.4068486615272564e-05], [-4.414727814993491e-05, -4.4068486615272564e-05, 0.00011552088359878881]]}
 #*EXTRAS*# Step:          16  Bead:     12  
{"friction": [[0.00011560452911225125, -4.443534345933797e-05, -4.416787585896807e-05], [-4.443534345933797e-05, 0.00011521180078489779, -4.408617570223349e-05], [-4.416787585896807e-05, -4.408617570223349e-05, 0.00011562659478784912]]}
 #*EXTRAS*# Step:          17  Bead:     12  
{"friction": [[0.00011570071390717125, -4.445769307823169e-05, -4.4185588763936975e-05], [-4.445769307823169e-05, 0.00011530236757253213, -4.410124633298001e-05], [-4.4185588763936975e-05, -4.410124633298001e-05, 0.00011572186169923649]]}
 #*EXTRAS*# Step:          18  Bead:     12  
{"friction": [[0.00011578770740543426, -4.447680476269851e-05, -4.42009200917125e-05], [-4.447680476269851e-05, 0.00011538470960130434, -4.411417238115771e-05], [-4.42009200917125e-05, -4.411417238115771e-05, 0.0001158080309721356]]}
 #*EXTRAS*# Step:          19  Bead:     12  
{"friction": [[0.00011586662531246567, -4.4493227497859536e-05, -4.421426484172417e-05], [-4.4493227497859536e-05, 0.00011545977296558404, -4.412532374055468e-05], [-4.421426484172417e-05, -4.412532374055468e-05, 0.0001158862060056764]]}
 #*EXTRAS*# Step:          20  Bead:     12  
{"friction": [[0.00011593839504655627, -4.4507400383041e-05, -4.422593756242792e-05], [-4.4507400383041e-05, 0.0001155283477757352, -4.413499332295562e-05], [-4.422593756242792e-05, -4.413499332295562e-05, 0.00011595730411603433]]}
 #*EXTRAS*# Step:          21  Bead:     12  
{"friction": [[0.00011600379764257343, -4.451967856208787e-05, -4.4236191932462926e-05], [-4.451967856208787e-05, 0.00011559110305868992, -4.414341601952192e-05], [-4.4236191932462926e-05, -4.414341601952192e-05, 0.0001160220979330397]]}
 #*EXTRAS*# Step:          22  Bead:     12  
{"friction": [[0.00011606349858452001, -4.45303520734083e-05, -4.4245234839166275e-05], [-4.45303520734083e-05, 0.00011564861233963841, -4.41507822876659e-05], [-4.4245234839166275e-05, -4.41507822876659e-05, 0.00011608124586296825]]}
 #*EXTRAS*# Step:          23  Bead:     12  
{"friction": [[0.00011611807084429713, -4.4539659794748494e-05, -4.425323668645334e-05], [-4.4539659794748494e-05, 0.00011570137268677369, -4.415724806795969e-05], [-4.425323668645334e-05, -4.415724806795969e-05, 0.00011613531485317723]]}
 #*EXTRAS*# Step:          24  Bead:     12  
{"friction": [[0.00011616801233402253, -4.454779992380627e-05, -4.426033906628171e-05], [-4.454779992380627e-05, 0.00011574981908445137, -4.4162942143420715e-05], [-4.426033906628171e-05, -4.4162942143420715e-05, 0.00011618479763818467]]}
 #*EXTRAS*# Step:          25  Bead:     12  
{"friction": [[0.00011621375929808845, -4.4554937970685396e-05, -4.426666055405615e-05], [-4.4554937970685396e-05, 0.00011579433542124454, -4.416797168418527e-05], [-4.426666055405615e-05, -4.416797168418527e-05, 0.00011623012597442388]]}
 #*EXTRAS*# Step:          26  Bead:     12  
{"friction": [[0.00011625569671425065, -4.456121293438177e-05, -4.427230114690497e-05], [-4.456121293438177e-05, 0.00011583526299218641, -4.417242648304509e-05], [-4.427230114690497e-05, -4.417242648304509e-05, 0.00011627168091982291]]}
 #*EXTRAS*# Step:          27  Bead:     12  
{"friction": [[0.0001162941664677594, -4.456674213450042e-05, -4.427734570568556e-05], [-4.456674213450042e-05, 0.00011587290715701099, -4.4176382232223756e-05], [-4.427734570568556e-05, -4.4176382232223756e-05, 0.000116309800912928]]}
 #*EXTRAS*# Step:          28  Bead:     12  
{"friction": [[0.00011632947384293495, -4.45716250323032e-05, -4.428186665452228e-05], [-4.45716250323032e-05, 0.0001159075426100518, -4.417990308730539e-05], [-4.428186665452228e-05, -4.417990308730539e-05, 0.00011634478818938673]]}
 #*EXTRAS*# Step:          29  Bead:     12  
{"friction": [[0.00011636189273357148, -4.4575946282837156e-05, -4.428592612027846e-05], [-4.4575946282837156e-05, 0.00011593941759766081, -4.418304369450968e-05], [-4.428592612027846e-05, -4.418304369450968e-05, 0.00011637691393236536]]}
 #*EXTRAS*# Step:          30  Bead:     12  
{"friction": [[0.00011639166987622474, -4.457977819593182e-05, -4.428957764538481e-05], [-4.457977819593182e-05, 0.00011596875733822666, -4.418585080971323e-05], [-4.428957764538481e-05, -4.418585080971323e-05, 0.00011640642245735647]]}
