 #*EXTRAS*# Step:           0  Bead:      3  
{"friction": [[0.0001286764741586319, -3.714973769009648e-05, -3.679697296268993e-05], [-3.714973769009648e-05, 0.0001288266109833087, -3.7198122442431674e-05], [-3.679697296268993e-05, -3.7198122442431674e-05, 0.00012832661431276367]]}
 #*EXTRAS*# Step:           1  Bead:      3  
{"friction": [[0.00012607892059406545, -4.0288583109172084e-05, -3.973582745361572e-05], [-4.0288583109172084e-05, 0.00012615275147890532, -4.037924424954023e-05], [-3.973582745361572e-05, -4.037924424954023e-05, 0.00012575129623192152]]}
 #*EXTRAS*# Step:           2  Bead:      3  
{"friction": [[0.00012381853838111173, -4.23280851350682e-05, -4.193102726934131e-05], [-4.23280851350682e-05, 0.00012388385533028312, -4.242671454221878e-05], [-4.193102726934131e-05, -4.242671454221878e-05, 0.00012359095074737653]]}
 #*EXTRAS*# Step:           3  Bead:      3  
{"friction": [[0.0001222896436444234, -4.3276857013088666e-05, -4.315013300660784e-05], [-4.3276857013088666e-05, 0.00012234941992498726, -4.332816833973328e-05], [-4.315013300660784e-05, -4.332816833973328e-05, 0.00012216029121227468]]}
 #*EXTRAS*# Step:           4  Bead:      3  
{"friction": [[0.0001213039234894172, -4.372077094610197e-05, -4.370380020826626e-05], [-4.372077094610197e-05, 0.00012131388911362992, -4.3699427712531235e-05], [-4.370380020826626e-05, -4.3699427712531235e-05, 0.0001212284006399647]]}
 #*EXTRAS*# Step:           5  Bead:      3  
{"friction": [[0.00012059967507318385, -4.3985198130420605e-05, -4.3977873114727344e-05], [-4.3985198130420605e-05, 0.00012054284808431733, -4.3891545632933004e-05], [-4.3977873114727344e-05, -4.3891545632933004e-05, 0.0001205515319716067]]}
 #*EXTRAS*# Step:           6  Bead:      3  
{"friction": [[0.00012006141092944255, -4.416130859883897e-05, -4.413032734131131e-05], [-4.416130859883897e-05, 0.00011994205156798663, -4.400649334505393e-05], [-4.413032734131131e-05, -4.400649334505393e-05, 0.00012002869885638584]]}
 #*EXTRAS*# Step:           7  Bead:      3  
{"friction": [[0.00011964150096950147, -4.428197006103948e-05, -4.4220540793822016e-05], [-4.428197006103948e-05, 0.00011947044103697907, -4.407904072328e-05], [-4.4220540793822016e-05, -4.407904072328e-05, 0.00011961831667836554]]}
 #*EXTRAS*# Step:           8  Bead:      3  
{"friction": [[0.00011930180668763787, -4.436817874924817e-05, -4.427716773238298e-05], [-4.436817874924817e-05, 0.00011908874076224151, -4.412742539967289e-05], [-4.427716773238298e-05, -4.412742539967289e-05, 0.00011928503416732887]]}
 #*EXTRAS*# Step:           9  Bead:      3  
{"friction": [[0.00011902056210380947, -4.4431407526848796e-05, -4.431388127964052e-05], [-4.4431407526848796e-05, 0.00011877343576385875, -4.4160766571658334e-05], [-4.431388127964052e-05, -4.4160766571658334e-05, 0.0001190083671277332]]}
 #*EXTRAS*# Step:          10  Bead:      3  
{"friction": [[0.0001187829562549342, -4.447879166692809e-05, -4.4338159164083715e-05], [-4.447879166692809e-05, 0.00011850803065037355, -4.418429572086999e-05], [-4.4338159164083715e-05, -4.418429572086999e-05, 0.00011877418932181912]]}
 #*EXTRAS*# Step:          11  Bead:      3  
{"friction": [[0.00011857907460137818, -4.451485186157124e-05, -4.435430608245401e-05], [-4.451485186157124e-05, 0.00011828129199036966, -4.4201141695240664e-05], [-4.435430608245401e-05, -4.4201141695240664e-05, 0.00011857297246829036]]}
 #*EXTRAS*# Step:          12  Bead:      3  
{"friction": [[0.00011840190819559462, -4.454260251739774e-05, -4.436495761530357e-05], [-4.454260251739774e-05, 0.00011808519301113097, -4.4213289797498375e-05], [-4.436495761530357e-05, -4.4213289797498375e-05, 0.00011839794108275895]]}
 #*EXTRAS*# Step:          13  Bead:      3  
{"friction": [[0.00011824639834974987, -4.456411672202455e-05, -4.43717978308197e-05], [-4.456411672202455e-05, 0.00011791389895421148, -4.42220500288845e-05], [-4.43717978308197e-05, -4.42220500288845e-05, 0.00011824418417021745]]}
 #*EXTRAS*# Step:          14  Bead:      3  
{"friction": [[0.00011810877809847195, -4.458086684841404e-05, -4.437594489218746e-05], [-4.458086684841404e-05, 0.00011776304501892846, -4.422831914393404e-05], [-4.437594489218746e-05, -4.422831914393404e-05, 0.00011810803231540454]]}
 #*EXTRAS*# Step:          15  Bead:      3  
{"friction": [[0.00011798617849466853, -4.459392547194097e-05, -4.437816429086111e-05], [-4.459392547194097e-05, 0.00011762929712663583, -4.4232729167385156e-05], [-4.437816429086111e-05, -4.4232729167385156e-05, 0.00011798668324320589]]}
 #*EXTRAS*# Step:          16  Bead:      3  
{"friction": [[0.00011787636529271008, -4.460409167072655e-05, -4.437899374679194e-05], [-4.460409167072655e-05, 0.0001175100545879108, -4.4235736820400855e-05], [-4.437899374679194e-05, -4.4235736820400855e-05, 0.00011787794967890633]]}
 #*EXTRAS*# Step:          17  Bead:      3  
{"friction": [[0.0001177775651701928, -4.461197202675179e-05, -4.43788190315069e-05], [-4.461197202675179e-05, 0.00011740325202641066, -4.423767903863494e-05], [-4.43788190315069e-05, -4.423767903863494e-05, 0.00011778009226273695]]}
 #*EXTRAS*# Step:          18  Bead:      3  
{"friction": [[0.00011768834594466655, -4.461803440124803e-05, -4.437792172035237e-05], [-4.461803440124803e-05, 0.00011730722194018015, -4.4238808717332046e-05], [-4.437792172035237e-05, -4.4238808717332046e-05, 0.00011769170394502538]]}
 #*EXTRAS*# Step:          19  Bead:      3  
{"friction": [[0.00011760753290939386, -4.462264450477936e-05, -4.437651019012073e-05], [-4.462264450477936e-05, 0.00011722059816574596, -4.423931838556963e-05], [-4.437651019012073e-05, -4.423931838556963e-05, 0.00011761162900741673]]}
 #*EXTRAS*# Step:          20  Bead:      3  
{"friction": [[0.00011753414899389916, -4.4626091391096076e-05, -4.4374740302066454e-05], [-4.4626091391096076e-05, 0.00011714224652061415, -4.4239356311824285e-05], [-4.4374740302066454e-05, -4.4239356311824285e-05, 0.00011753890499964158]]}
 #*EXTRAS*# Step:          21  Bead:      3  
{"friction": [[0.00011746737127410753, -4.4628605613976706e-05, -4.437272954423699e-05], [-4.4628605613976706e-05, 0.00011707121419007879, -4.423903772174218e-05], [-4.437272954423699e-05, -4.423903772174218e-05, 0.00011747272045239761]]}
 #*EXTRAS*# Step:          22  Bead:      3  
{"friction": [[0.00011740649882682482, -4.4630372420903386e-05, -4.437056691697352e-05], [-4.4630372420903386e-05, 0.00011700669217711562, -4.423845278166325e-05], [-4.437056691697352e-05, -4.423845278166325e-05, 0.00011741238356383853]]}
 #*EXTRAS*# Step:          23  Bead:      3  
{"friction": [[0.00011735092862537703, -4.4631541516824966e-05, -4.4368319982125235e-05], [-4.4631541516824966e-05, 0.00011694798704377899, -4.42376723925005e-05], [-4.4368319982125235e-05, -4.42376723925005e-05, 0.00011735729868149518]]}
 #*EXTRAS*# Step:          24  Bead:      3  
{"friction": [[0.00011730013721534131, -4.463223441217138e-05, -4.4366039981301515e-05], [-4.463223441217138e-05, 0.0001168944993526933, -4.423675247011439e-05], [-4.4366039981301515e-05, -4.423675247011439e-05, 0.00011730694839800605]]}
 #*EXTRAS*# Step:          25  Bead:      3  
{"friction": [[0.00011725366660772874, -4.4632550038359574e-05, -4.4363765613337175e-05], [-4.4632550038359574e-05, 0.00011684570701171363, -4.4235737159185784e-05], [-4.4363765613337175e-05, -4.4235737159185784e-05, 0.00011726087974960589]]}
 #*EXTRAS*# Step:          26  Bead:      3  
{"friction": [[0.00011721111328823937, -4.4632569099606635e-05, -4.436152586353928e-05], [-4.4632569099606635e-05, 0.0001168011522521748, -4.423466128195034e-05], [-4.436152586353928e-05, -4.423466128195034e-05, 0.00011721869345024434]]}
 #*EXTRAS*# Step:          27  Bead:      3  
{"friction": [[0.00011717211955808389, -4.4632357488128966e-05, -4.435934215093207e-05], [-4.4632357488128966e-05, 0.00011676043133430275, -4.423355222873854e-05], [-4.435934215093207e-05, -4.423355222873854e-05, 0.0001171800353999881]]}
 #*EXTRAS*# Step:          28  Bead:      3  
{"friction": [[0.00011713636663086333, -4.463196899452722e-05, -4.435722997671107e-05], [-4.463196899452722e-05, 0.00011672318631448188, -4.423243143460344e-05], [-4.435722997671107e-05, -4.423243143460344e-05, 0.00011714458990820767]]}
 #*EXTRAS*# Step:          29  Bead:      3  
{"friction": [[0.00011710356907232242, -4.463144748006077e-05, -4.4355200202751565e-05], [-4.463144748006077e-05, 0.0001166890983949936, -4.423131554456257e-05], [-4.4355200202751565e-05, -4.423131554456257e-05, 0.00011711207422949394]]}
 #*EXTRAS*# Step:          30  Bead:      3  
{"friction": [[0.000117073470284729, -4.4630828632825386e-05, -4.4353260052509936e-05], [-4.4630828632825386e-05, 0.0001166578825084951, -4.423021734167244e-05], [-4.4353260052509936e-05, -4.423021734167244e-05, 0.00011708223412188392]]}
