 #*EXTRAS*# Step:           0  Bead:     13  
     0.00010310          -0.00003446          -0.00003442
    -0.00003446           0.00010308          -0.00003466
    -0.00003442          -0.00003466           0.00010270
 #*EXTRAS*# Step:           1  Bead:     13  
     0.00010583          -0.00003791          -0.00003786
    -0.00003791           0.00010582          -0.00003798
    -0.00003786          -0.00003798           0.00010567
 #*EXTRAS*# Step:           2  Bead:     13  
     0.00010890          -0.00004074          -0.00004078
    -0.00004074           0.00010892          -0.00004076
    -0.00004078          -0.00004076           0.00010897
 #*EXTRAS*# Step:           3  Bead:     13  
     0.00011055          -0.00004194          -0.00004202
    -0.00004194           0.00011057          -0.00004199
    -0.00004202          -0.00004199           0.00011063
 #*EXTRAS*# Step:           4  Bead:     13  
     0.00011167          -0.00004265          -0.00004271
    -0.00004265           0.00011166          -0.00004269
    -0.00004271          -0.00004269           0.00011174
 #*EXTRAS*# Step:           5  Bead:     13  
     0.00011248          -0.00004312          -0.00004313
    -0.00004312           0.00011240          -0.00004311
    -0.00004313          -0.00004311           0.00011253
 #*EXTRAS*# Step:           6  Bead:     13  
     0.00011307          -0.00004344          -0.00004340
    -0.00004344           0.00011293          -0.00004337
    -0.00004340          -0.00004337           0.00011312
 #*EXTRAS*# Step:           7  Bead:     13  
     0.00011353          -0.00004367          -0.00004358
    -0.00004367           0.00011334          -0.00004355
    -0.00004358          -0.00004355           0.00011357
 #*EXTRAS*# Step:           8  Bead:     13  
     0.00011390          -0.00004384          -0.00004372
    -0.00004384           0.00011366          -0.00004368
    -0.00004372          -0.00004368           0.00011394
 #*EXTRAS*# Step:           9  Bead:     13  
     0.00011420          -0.00004397          -0.00004382
    -0.00004397           0.00011393          -0.00004377
    -0.00004382          -0.00004377           0.00011424
 #*EXTRAS*# Step:          10  Bead:     13  
     0.00011446          -0.00004408          -0.00004389
    -0.00004408           0.00011417          -0.00004384
    -0.00004389          -0.00004384           0.00011449
 #*EXTRAS*# Step:          11  Bead:     13  
     0.00011468          -0.00004416          -0.00004396
    -0.00004416           0.00011436          -0.00004390
    -0.00004396          -0.00004390           0.00011471
 #*EXTRAS*# Step:          12  Bead:     13  
     0.00011488          -0.00004423          -0.00004401
    -0.00004423           0.00011454          -0.00004394
    -0.00004401          -0.00004394           0.00011490
 #*EXTRAS*# Step:          13  Bead:     13  
     0.00011504          -0.00004428          -0.00004405
    -0.00004428           0.00011469          -0.00004398
    -0.00004405          -0.00004398           0.00011507
 #*EXTRAS*# Step:          14  Bead:     13  
     0.00011520          -0.00004433          -0.00004408
    -0.00004433           0.00011483          -0.00004401
    -0.00004408          -0.00004401           0.00011522
 #*EXTRAS*# Step:          15  Bead:     13  
     0.00011533          -0.00004436          -0.00004411
    -0.00004436           0.00011496          -0.00004404
    -0.00004411          -0.00004404           0.00011535
 #*EXTRAS*# Step:          16  Bead:     13  
     0.00011545          -0.00004440          -0.00004414
    -0.00004440           0.00011507          -0.00004406
    -0.00004414          -0.00004406           0.00011547
 #*EXTRAS*# Step:          17  Bead:     13  
     0.00011556          -0.00004442          -0.00004416
    -0.00004442           0.00011517          -0.00004408
    -0.00004416          -0.00004408           0.00011558
 #*EXTRAS*# Step:          18  Bead:     13  
     0.00011566          -0.00004445          -0.00004418
    -0.00004445           0.00011526          -0.00004409
    -0.00004418          -0.00004409           0.00011568
 #*EXTRAS*# Step:          19  Bead:     13  
     0.00011575          -0.00004447          -0.00004419
    -0.00004447           0.00011535          -0.00004411
    -0.00004419          -0.00004411           0.00011577
 #*EXTRAS*# Step:          20  Bead:     13  
     0.00011583          -0.00004449          -0.00004421
    -0.00004449           0.00011542          -0.00004412
    -0.00004421          -0.00004412           0.00011585
 #*EXTRAS*# Step:          21  Bead:     13  
     0.00011590          -0.00004450          -0.00004422
    -0.00004450           0.00011549          -0.00004413
    -0.00004422          -0.00004413           0.00011592
 #*EXTRAS*# Step:          22  Bead:     13  
     0.00011597          -0.00004451          -0.00004423
    -0.00004451           0.00011556          -0.00004414
    -0.00004423          -0.00004414           0.00011599
 #*EXTRAS*# Step:          23  Bead:     13  
     0.00011603          -0.00004452          -0.00004424
    -0.00004452           0.00011562          -0.00004415
    -0.00004424          -0.00004415           0.00011605
 #*EXTRAS*# Step:          24  Bead:     13  
     0.00011609          -0.00004453          -0.00004425
    -0.00004453           0.00011567          -0.00004415
    -0.00004425          -0.00004415           0.00011611
 #*EXTRAS*# Step:          25  Bead:     13  
     0.00011614          -0.00004454          -0.00004426
    -0.00004454           0.00011572          -0.00004416
    -0.00004426          -0.00004416           0.00011616
 #*EXTRAS*# Step:          26  Bead:     13  
     0.00011619          -0.00004455          -0.00004426
    -0.00004455           0.00011577          -0.00004417
    -0.00004426          -0.00004417           0.00011621
 #*EXTRAS*# Step:          27  Bead:     13  
     0.00011623          -0.00004456          -0.00004427
    -0.00004456           0.00011581          -0.00004417
    -0.00004427          -0.00004417           0.00011625
 #*EXTRAS*# Step:          28  Bead:     13  
     0.00011627          -0.00004456          -0.00004427
    -0.00004456           0.00011585          -0.00004417
    -0.00004427          -0.00004417           0.00011629
 #*EXTRAS*# Step:          29  Bead:     13  
     0.00011631          -0.00004457          -0.00004428
    -0.00004457           0.00011589          -0.00004418
    -0.00004428          -0.00004418           0.00011633
 #*EXTRAS*# Step:          30  Bead:     13  
     0.00011634          -0.00004457          -0.00004428
    -0.00004457           0.00011592          -0.00004418
    -0.00004428          -0.00004418           0.00011636
