 #*EXTRAS*# Step:           0  Bead:      0  
{"friction": [[0.00013193989684352265, -3.134869831308944e-05, -3.130135232364516e-05], [-3.134869831308944e-05, 0.00013218469188182357, -3.131381385930119e-05], [-3.130135232364516e-05, -3.131381385930119e-05, 0.00013172694812111298]]}
 #*EXTRAS*# Step:           1  Bead:      0  
{"friction": [[0.00012916430146574795, -3.645237368525803e-05, -3.615395576970892e-05], [-3.645237368525803e-05, 0.0001293313759649921, -3.6490431093944096e-05], [-3.615395576970892e-05, -3.6490431093944096e-05, 0.00012882075498913686]]}
 #*EXTRAS*# Step:           2  Bead:      0  
{"friction": [[0.00012595089970628777, -4.0421501510817485e-05, -3.9866142920872695e-05], [-4.0421501510817485e-05, 0.00012602225450494825, -4.051358415297014e-05], [-3.9866142920872695e-05, -4.051358415297014e-05, 0.00012562674779050386]]}
 #*EXTRAS*# Step:           3  Bead:      0  
{"friction": [[0.00012376434106479127, -4.2368012819481104e-05, -4.1979929741135886e-05], [-4.2368012819481104e-05, 0.00012383011512419038, -4.246604850431206e-05], [-4.1979929741135886e-05, -4.246604850431206e-05, 0.0001235400937041879]]}
 #*EXTRAS*# Step:           4  Bead:      0  
{"friction": [[0.00012250611376514513, -4.316391112626397e-05, -4.300175727471778e-05], [-4.316391112626397e-05, 0.00012257064793810658, -4.3226410524069893e-05], [-4.300175727471778e-05, -4.3226410524069893e-05, 0.00012236317853948347]]}
 #*EXTRAS*# Step:           5  Bead:      0  
{"friction": [[0.0001216515438771965, -4.357577689514659e-05, -4.353183200131704e-05], [-4.357577689514659e-05, 0.00012168486042063468, -4.358415522016535e-05], [-4.353183200131704e-05, -4.358415522016535e-05, 0.00012155889162865568]]}
 #*EXTRAS*# Step:           6  Bead:      0  
{"friction": [[0.00012099722480741191, -4.3840515569208874e-05, -4.38347209370581e-05], [-4.3840515569208874e-05, 0.00012098097244879934, -4.3789364392777254e-05], [-4.38347209370581e-05, -4.3789364392777254e-05, 0.00012093478809575148]]}
 #*EXTRAS*# Step:           7  Bead:      0  
{"friction": [[0.00012047513368860672, -4.402801098715234e-05, -4.401713798666564e-05], [-4.402801098715234e-05, 0.00012040444761002372, -4.392044529322349e-05], [-4.401713798666564e-05, -4.392044529322349e-05, 0.00012043092816211719]]}
 #*EXTRAS*# Step:           8  Bead:      0  
{"friction": [[0.00012004676854326849, -4.416576891284262e-05, -4.413387426792877e-05], [-4.416576891284262e-05, 0.00011992563201858145, -4.400926794893067e-05], [-4.413387426792877e-05, -4.400926794893067e-05, 0.0001200144224083326]]}
 #*EXTRAS*# Step:           9  Bead:      0  
{"friction": [[0.00011968882469468762, -4.4269135670842615e-05, -4.421152802475037e-05], [-4.4269135670842615e-05, 0.00011952363631048464, -4.407157997328812e-05], [-4.421152802475037e-05, -4.407157997328812e-05, 0.00011966466098936051]]}
 #*EXTRAS*# Step:          10  Bead:      0  
{"friction": [[0.00011938455780870601, -4.4348150253567044e-05, -4.426464614037495e-05], [-4.4348150253567044e-05, 0.00011918167219130908, -4.4116465676835725e-05], [-4.426464614037495e-05, -4.4116465676835725e-05, 0.00011936631821480854]]}
 #*EXTRAS*# Step:          11  Bead:      0  
{"friction": [[0.00011912235714428107, -4.440939882327652e-05, -4.4301615589291735e-05], [-4.440939882327652e-05, 0.00011888744133866298, -4.414939133140123e-05], [-4.4301615589291735e-05, -4.414939133140123e-05, 0.00011910857476612228]]}
 #*EXTRAS*# Step:          12  Bead:      0  
{"friction": [[0.00011889383432569592, -4.445738420448903e-05, -4.4327576486406434e-05], [-4.445738420448903e-05, 0.00011863174482938656, -4.417384029431445e-05], [-4.4327576486406434e-05, -4.417384029431445e-05, 0.00011888351382008126]]}
 #*EXTRAS*# Step:          13  Bead:      0  
{"friction": [[0.00011869282786796049, -4.4495266885301666e-05, -4.43458195385756e-05], [-4.4495266885301666e-05, 0.00011840766991069549, -4.419212187815734e-05], [-4.43458195385756e-05, -4.419212187815734e-05, 0.00011868526826213154]]}
 #*EXTRAS*# Step:          14  Bead:      0  
{"friction": [[0.00011851468932455356, -4.4525329121196115e-05, -4.4358534692477954e-05], [-4.4525329121196115e-05, 0.0001182099178100371, -4.4205823870079256e-05], [-4.4358534692477954e-05, -4.4205823870079256e-05, 0.00011850938129380904]]}
 #*EXTRAS*# Step:          15  Bead:      0  
{"friction": [[0.00011835584030688029, -4.454925714372388e-05, -4.436722539957501e-05], [-4.454925714372388e-05, 0.00011803436298363648, -4.421607025478889e-05], [-4.436722539957501e-05, -4.421607025478889e-05, 0.00011835240359100794]]}
 #*EXTRAS*# Step:          16  Bead:      0  
{"friction": [[0.00011821347000711615, -4.4568322669551e-05, -4.4372951355663276e-05], [-4.4568322669551e-05, 0.00011787773849084485, -4.422367684526005e-05], [-4.4372951355663276e-05, -4.422367684526005e-05, 0.00011821161386157358]]}
 #*EXTRAS*# Step:          17  Bead:      0  
{"friction": [[0.00011808533148585529, -4.4583501577174214e-05, -4.437647595046647e-05], [-4.4583501577174214e-05, 0.00011773741792728616, -4.422924823410091e-05], [-4.437647595046647e-05, -4.422924823410091e-05, 0.00011808482883534399]]}
 #*EXTRAS*# Step:          18  Bead:      0  
{"friction": [[0.00011796959928200177, -4.4595553958497464e-05, -4.437835921057119e-05], [-4.4595553958497464e-05, 0.00011761125961548476, -4.423324040524595e-05], [-4.437835921057119e-05, -4.423324040524595e-05, 0.00011797026935441294]]}
 #*EXTRAS*# Step:          19  Bead:      0  
{"friction": [[0.00011786476869850275, -4.4605079310303514e-05, -4.43790181741619e-05], [-4.4605079310303514e-05, 0.00011749749451946986, -4.423600231899259e-05], [-4.43790181741619e-05, -4.423600231899259e-05, 0.00011786646506783663]]}
 #*EXTRAS*# Step:          20  Bead:      0  
{"friction": [[0.00011776958304677086, -4.461255547010909e-05, -4.437876720488774e-05], [-4.461255547010909e-05, 0.00011739464416134118, -4.423780427515735e-05], [-4.437876720488774e-05, -4.423780427515735e-05, 0.00011777218522480207]]}
 #*EXTRAS*# Step:          21  Bead:      0  
{"friction": [[0.00011768298030370451, -4.46183666394908e-05, -4.437784557057352e-05], [-4.46183666394908e-05, 0.00011730145974318679, -4.423885771333731e-05], [-4.437784557057352e-05, -4.423885771333731e-05, 0.00011768638771591833]]}
 #*EXTRAS*# Step:          22  Bead:      0  
{"friction": [[0.00011760405338609765, -4.462282393914277e-05, -4.437643672670115e-05], [-4.462282393914277e-05, 0.00011721687635453845, -4.423932933264973e-05], [-4.437643672670115e-05, -4.423932933264973e-05, 0.00011760818098397374]]}
 #*EXTRAS*# Step:          23  Bead:      0  
{"friction": [[0.00011753202016186403, -4.46261807493954e-05, -4.437468206759167e-05], [-4.46261807493954e-05, 0.00011713997809113728, -4.423935135625017e-05], [-4.437468206759167e-05, -4.423935135625017e-05, 0.0001175367951791919]]}
 #*EXTRAS*# Step:          24  Bead:      0  
{"friction": [[0.00011746620051475942, -4.46286443440893e-05, -4.4372690908424515e-05], [-4.46286443440893e-05, 0.00011706997115585587, -4.4239029125289767e-05], [-4.4372690908424515e-05, -4.4239029125289767e-05, 0.00011747156003702819]]}
 #*EXTRAS*# Step:          25  Bead:      0  
{"friction": [[0.00011740599859012817, -4.463038484392481e-05, -4.437054784861467e-05], [-4.463038484392481e-05, 0.00011700616287359589, -4.4238446807377235e-05], [-4.437054784861467e-05, -4.4238446807377235e-05, 0.00011741188771020598]]}
 #*EXTRAS*# Step:          26  Bead:      0  
{"friction": [[0.00011735088889163575, -4.463154219974536e-05, -4.436831828280235e-05], [-4.463154219974536e-05, 0.00011694794513704876, -4.423767175010732e-05], [-4.436831828280235e-05, -4.423767175010732e-05, 0.00011735725929369392]]}
 #*EXTRAS*# Step:          27  Bead:      0  
{"friction": [[0.00011730040527518005, -4.463223170540547e-05, -4.436605257957682e-05], [-4.463223170540547e-05, 0.00011689478121102554, -4.4236757844754e-05], [-4.436605257957682e-05, -4.4236757844754e-05, 0.00011730721413502656]]}
 #*EXTRAS*# Step:          28  Bead:      0  
{"friction": [[0.00011725413213554819, -4.463254839715351e-05, -4.436378928666611e-05], [-4.463254839715351e-05, 0.00011684619509870085, -4.423574815541906e-05], [-4.436378928666611e-05, -4.423574815541906e-05, 0.00011726134125725034]]}
 #*EXTRAS*# Step:          29  Bead:      0  
{"friction": [[0.00011721169727724889, -4.4632570597751505e-05, -4.436155761466786e-05], [-4.4632570597751505e-05, 0.00011680176289032746, -4.423467699516372e-05], [-4.436155761466786e-05, -4.423467699516372e-05, 0.00011721927240789482]]}
 #*EXTRAS*# Step:          30  Bead:      0  
{"friction": [[0.00011717276610196376, -4.463236279532042e-05, -4.435937937968362e-05], [-4.463236279532042e-05, 0.00011676110567197261, -4.423357158053323e-05], [-4.435937937968362e-05, -4.423357158053323e-05, 0.00011718067638181571]]}
