 #*EXTRAS*# Step:           0  Bead:      9  
     0.00011023          -0.00004172          -0.00004180
    -0.00004172           0.00011025          -0.00004177
    -0.00004180          -0.00004177           0.00011031
 #*EXTRAS*# Step:           1  Bead:      9  
     0.00011201          -0.00004285          -0.00004289
    -0.00004285           0.00011197          -0.00004287
    -0.00004289          -0.00004287           0.00011207
 #*EXTRAS*# Step:           2  Bead:      9  
     0.00011383          -0.00004382          -0.00004369
    -0.00004382           0.00011361          -0.00004365
    -0.00004369          -0.00004365           0.00011387
 #*EXTRAS*# Step:           3  Bead:      9  
     0.00011446          -0.00004408          -0.00004390
    -0.00004408           0.00011417          -0.00004384
    -0.00004390          -0.00004384           0.00011450
 #*EXTRAS*# Step:           4  Bead:      9  
     0.00011489          -0.00004423          -0.00004401
    -0.00004423           0.00011455          -0.00004395
    -0.00004401          -0.00004395           0.00011491
 #*EXTRAS*# Step:           5  Bead:      9  
     0.00011520          -0.00004433          -0.00004408
    -0.00004433           0.00011483          -0.00004401
    -0.00004408          -0.00004401           0.00011522
 #*EXTRAS*# Step:           6  Bead:      9  
     0.00011542          -0.00004439          -0.00004413
    -0.00004439           0.00011504          -0.00004405
    -0.00004413          -0.00004405           0.00011544
 #*EXTRAS*# Step:           7  Bead:      9  
     0.00011559          -0.00004443          -0.00004417
    -0.00004443           0.00011520          -0.00004408
    -0.00004417          -0.00004408           0.00011562
 #*EXTRAS*# Step:           8  Bead:      9  
     0.00011573          -0.00004446          -0.00004419
    -0.00004446           0.00011533          -0.00004411
    -0.00004419          -0.00004411           0.00011575
 #*EXTRAS*# Step:           9  Bead:      9  
     0.00011585          -0.00004449          -0.00004421
    -0.00004449           0.00011544          -0.00004412
    -0.00004421          -0.00004412           0.00011587
 #*EXTRAS*# Step:          10  Bead:      9  
     0.00011594          -0.00004451          -0.00004423
    -0.00004451           0.00011553          -0.00004414
    -0.00004423          -0.00004414           0.00011596
 #*EXTRAS*# Step:          11  Bead:      9  
     0.00011602          -0.00004452          -0.00004424
    -0.00004452           0.00011561          -0.00004415
    -0.00004424          -0.00004415           0.00011604
 #*EXTRAS*# Step:          12  Bead:      9  
     0.00011609          -0.00004454          -0.00004425
    -0.00004454           0.00011568          -0.00004415
    -0.00004425          -0.00004415           0.00011611
 #*EXTRAS*# Step:          13  Bead:      9  
     0.00011615          -0.00004455          -0.00004426
    -0.00004455           0.00011573          -0.00004416
    -0.00004426          -0.00004416           0.00011617
 #*EXTRAS*# Step:          14  Bead:      9  
     0.00011621          -0.00004455          -0.00004427
    -0.00004455           0.00011579          -0.00004417
    -0.00004427          -0.00004417           0.00011622
 #*EXTRAS*# Step:          15  Bead:      9  
     0.00011625          -0.00004456          -0.00004427
    -0.00004456           0.00011583          -0.00004417
    -0.00004427          -0.00004417           0.00011627
 #*EXTRAS*# Step:          16  Bead:      9  
     0.00011630          -0.00004457          -0.00004428
    -0.00004457           0.00011587          -0.00004418
    -0.00004428          -0.00004418           0.00011631
 #*EXTRAS*# Step:          17  Bead:      9  
     0.00011633          -0.00004457          -0.00004428
    -0.00004457           0.00011591          -0.00004418
    -0.00004428          -0.00004418           0.00011635
 #*EXTRAS*# Step:          18  Bead:      9  
     0.00011637          -0.00004458          -0.00004429
    -0.00004458           0.00011595          -0.00004418
    -0.00004429          -0.00004418           0.00011638
 #*EXTRAS*# Step:          19  Bead:      9  
     0.00011640          -0.00004458          -0.00004429
    -0.00004458           0.00011598          -0.00004419
    -0.00004429          -0.00004419           0.00011641
 #*EXTRAS*# Step:          20  Bead:      9  
     0.00011643          -0.00004458          -0.00004429
    -0.00004458           0.00011600          -0.00004419
    -0.00004429          -0.00004419           0.00011644
 #*EXTRAS*# Step:          21  Bead:      9  
     0.00011645          -0.00004459          -0.00004430
    -0.00004459           0.00011603          -0.00004419
    -0.00004430          -0.00004419           0.00011647
 #*EXTRAS*# Step:          22  Bead:      9  
     0.00011648          -0.00004459          -0.00004430
    -0.00004459           0.00011605          -0.00004419
    -0.00004430          -0.00004419           0.00011649
 #*EXTRAS*# Step:          23  Bead:      9  
     0.00011650          -0.00004459          -0.00004430
    -0.00004459           0.00011607          -0.00004420
    -0.00004430          -0.00004420           0.00011651
 #*EXTRAS*# Step:          24  Bead:      9  
     0.00011652          -0.00004459          -0.00004430
    -0.00004459           0.00011609          -0.00004420
    -0.00004430          -0.00004420           0.00011653
 #*EXTRAS*# Step:          25  Bead:      9  
     0.00011653          -0.00004460          -0.00004431
    -0.00004460           0.00011611          -0.00004420
    -0.00004431          -0.00004420           0.00011655
 #*EXTRAS*# Step:          26  Bead:      9  
     0.00011655          -0.00004460          -0.00004431
    -0.00004460           0.00011613          -0.00004420
    -0.00004431          -0.00004420           0.00011656
 #*EXTRAS*# Step:          27  Bead:      9  
     0.00011657          -0.00004460          -0.00004431
    -0.00004460           0.00011614          -0.00004420
    -0.00004431          -0.00004420           0.00011658
 #*EXTRAS*# Step:          28  Bead:      9  
     0.00011658          -0.00004460          -0.00004431
    -0.00004460           0.00011615          -0.00004420
    -0.00004431          -0.00004420           0.00011659
 #*EXTRAS*# Step:          29  Bead:      9  
     0.00011659          -0.00004460          -0.00004431
    -0.00004460           0.00011617          -0.00004420
    -0.00004431          -0.00004420           0.00011660
 #*EXTRAS*# Step:          30  Bead:      9  
     0.00011660          -0.00004460          -0.00004431
    -0.00004460           0.00011618          -0.00004420
    -0.00004431          -0.00004420           0.00011662
