 #*EXTRAS*# Step:           0  Bead:      4  
     0.00012608          -0.00004029          -0.00003974
    -0.00004029           0.00012615          -0.00004038
    -0.00003974          -0.00004038           0.00012575
 #*EXTRAS*# Step:           1  Bead:      4  
     0.00012421          -0.00004202          -0.00004157
    -0.00004202           0.00012427          -0.00004213
    -0.00004157          -0.00004213           0.00012396
 #*EXTRAS*# Step:           2  Bead:      4  
     0.00012262          -0.00004310          -0.00004292
    -0.00004310           0.00012269          -0.00004317
    -0.00004292          -0.00004317           0.00012247
 #*EXTRAS*# Step:           3  Bead:      4  
     0.00012136          -0.00004370          -0.00004368
    -0.00004370           0.00012137          -0.00004368
    -0.00004368          -0.00004368           0.00012128
 #*EXTRAS*# Step:           4  Bead:      4  
     0.00012050          -0.00004402          -0.00004401
    -0.00004402           0.00012044          -0.00004391
    -0.00004401          -0.00004391           0.00012046
 #*EXTRAS*# Step:           5  Bead:      4  
     0.00011991          -0.00004421          -0.00004417
    -0.00004421           0.00011977          -0.00004403
    -0.00004417          -0.00004403           0.00011988
 #*EXTRAS*# Step:           6  Bead:      4  
     0.00011946          -0.00004433          -0.00004425
    -0.00004433           0.00011926          -0.00004411
    -0.00004425          -0.00004411           0.00011944
 #*EXTRAS*# Step:           7  Bead:      4  
     0.00011911          -0.00004441          -0.00004430
    -0.00004441           0.00011887          -0.00004415
    -0.00004430          -0.00004415           0.00011910
 #*EXTRAS*# Step:           8  Bead:      4  
     0.00011883          -0.00004447          -0.00004433
    -0.00004447           0.00011856          -0.00004418
    -0.00004433          -0.00004418           0.00011882
 #*EXTRAS*# Step:           9  Bead:      4  
     0.00011860          -0.00004451          -0.00004435
    -0.00004451           0.00011830          -0.00004420
    -0.00004435          -0.00004420           0.00011859
 #*EXTRAS*# Step:          10  Bead:      4  
     0.00011841          -0.00004454          -0.00004436
    -0.00004454           0.00011809          -0.00004421
    -0.00004436          -0.00004421           0.00011840
 #*EXTRAS*# Step:          11  Bead:      4  
     0.00011824          -0.00004457          -0.00004437
    -0.00004457           0.00011791          -0.00004422
    -0.00004437          -0.00004422           0.00011824
 #*EXTRAS*# Step:          12  Bead:      4  
     0.00011809          -0.00004458          -0.00004438
    -0.00004458           0.00011775          -0.00004423
    -0.00004438          -0.00004423           0.00011809
 #*EXTRAS*# Step:          13  Bead:      4  
     0.00011797          -0.00004460          -0.00004438
    -0.00004460           0.00011761          -0.00004423
    -0.00004438          -0.00004423           0.00011797
 #*EXTRAS*# Step:          14  Bead:      4  
     0.00011786          -0.00004461          -0.00004438
    -0.00004461           0.00011749          -0.00004424
    -0.00004438          -0.00004424           0.00011786
 #*EXTRAS*# Step:          15  Bead:      4  
     0.00011776          -0.00004461          -0.00004438
    -0.00004461           0.00011738          -0.00004424
    -0.00004438          -0.00004424           0.00011776
 #*EXTRAS*# Step:          16  Bead:      4  
     0.00011767          -0.00004462          -0.00004438
    -0.00004462           0.00011728          -0.00004424
    -0.00004438          -0.00004424           0.00011767
 #*EXTRAS*# Step:          17  Bead:      4  
     0.00011759          -0.00004462          -0.00004438
    -0.00004462           0.00011720          -0.00004424
    -0.00004438          -0.00004424           0.00011759
 #*EXTRAS*# Step:          18  Bead:      4  
     0.00011751          -0.00004463          -0.00004437
    -0.00004463           0.00011712          -0.00004424
    -0.00004437          -0.00004424           0.00011752
 #*EXTRAS*# Step:          19  Bead:      4  
     0.00011745          -0.00004463          -0.00004437
    -0.00004463           0.00011705          -0.00004424
    -0.00004437          -0.00004424           0.00011745
 #*EXTRAS*# Step:          20  Bead:      4  
     0.00011739          -0.00004463          -0.00004437
    -0.00004463           0.00011699          -0.00004424
    -0.00004437          -0.00004424           0.00011739
 #*EXTRAS*# Step:          21  Bead:      4  
     0.00011733          -0.00004463          -0.00004437
    -0.00004463           0.00011693          -0.00004424
    -0.00004437          -0.00004424           0.00011734
 #*EXTRAS*# Step:          22  Bead:      4  
     0.00011728          -0.00004463          -0.00004437
    -0.00004463           0.00011688          -0.00004424
    -0.00004437          -0.00004424           0.00011729
 #*EXTRAS*# Step:          23  Bead:      4  
     0.00011724          -0.00004463          -0.00004436
    -0.00004463           0.00011683          -0.00004424
    -0.00004436          -0.00004424           0.00011725
 #*EXTRAS*# Step:          24  Bead:      4  
     0.00011720          -0.00004463          -0.00004436
    -0.00004463           0.00011679          -0.00004423
    -0.00004436          -0.00004423           0.00011720
 #*EXTRAS*# Step:          25  Bead:      4  
     0.00011716          -0.00004463          -0.00004436
    -0.00004463           0.00011675          -0.00004423
    -0.00004436          -0.00004423           0.00011717
 #*EXTRAS*# Step:          26  Bead:      4  
     0.00011712          -0.00004463          -0.00004436
    -0.00004463           0.00011671          -0.00004423
    -0.00004436          -0.00004423           0.00011713
 #*EXTRAS*# Step:          27  Bead:      4  
     0.00011709          -0.00004463          -0.00004435
    -0.00004463           0.00011668          -0.00004423
    -0.00004435          -0.00004423           0.00011710
 #*EXTRAS*# Step:          28  Bead:      4  
     0.00011706          -0.00004463          -0.00004435
    -0.00004463           0.00011665          -0.00004423
    -0.00004435          -0.00004423           0.00011707
 #*EXTRAS*# Step:          29  Bead:      4  
     0.00011704          -0.00004463          -0.00004435
    -0.00004463           0.00011662          -0.00004423
    -0.00004435          -0.00004423           0.00011705
 #*EXTRAS*# Step:          30  Bead:      4  
     0.00011701          -0.00004463          -0.00004435
    -0.00004463           0.00011659          -0.00004423
    -0.00004435          -0.00004423           0.00011702
