 #*EXTRAS*# Step:           0  Bead:     11  
     0.00010562          -0.00003769          -0.00003763
    -0.00003769           0.00010562          -0.00003777
    -0.00003763          -0.00003777           0.00010544
 #*EXTRAS*# Step:           1  Bead:     11  
     0.00010821          -0.00004018          -0.00004019
    -0.00004018           0.00010822          -0.00004018
    -0.00004019          -0.00004018           0.00010825
 #*EXTRAS*# Step:           2  Bead:     11  
     0.00011087          -0.00004215          -0.00004223
    -0.00004215           0.00011089          -0.00004221
    -0.00004223          -0.00004221           0.00011095
 #*EXTRAS*# Step:           3  Bead:     11  
     0.00011213          -0.00004293          -0.00004296
    -0.00004293           0.00011209          -0.00004294
    -0.00004296          -0.00004294           0.00011219
 #*EXTRAS*# Step:           4  Bead:     11  
     0.00011298          -0.00004339          -0.00004336
    -0.00004339           0.00011285          -0.00004333
    -0.00004336          -0.00004333           0.00011303
 #*EXTRAS*# Step:           5  Bead:     11  
     0.00011358          -0.00004370          -0.00004360
    -0.00004370           0.00011339          -0.00004357
    -0.00004360          -0.00004357           0.00011363
 #*EXTRAS*# Step:           6  Bead:     11  
     0.00011403          -0.00004390          -0.00004376
    -0.00004390           0.00011378          -0.00004372
    -0.00004376          -0.00004372           0.00011407
 #*EXTRAS*# Step:           7  Bead:     11  
     0.00011437          -0.00004404          -0.00004387
    -0.00004404           0.00011409          -0.00004382
    -0.00004387          -0.00004382           0.00011441
 #*EXTRAS*# Step:           8  Bead:     11  
     0.00011465          -0.00004415          -0.00004395
    -0.00004415           0.00011434          -0.00004389
    -0.00004395          -0.00004389           0.00011468
 #*EXTRAS*# Step:           9  Bead:     11  
     0.00011488          -0.00004423          -0.00004401
    -0.00004423           0.00011454          -0.00004395
    -0.00004401          -0.00004395           0.00011491
 #*EXTRAS*# Step:          10  Bead:     11  
     0.00011507          -0.00004429          -0.00004405
    -0.00004429           0.00011472          -0.00004399
    -0.00004405          -0.00004399           0.00011510
 #*EXTRAS*# Step:          11  Bead:     11  
     0.00011523          -0.00004434          -0.00004409
    -0.00004434           0.00011487          -0.00004402
    -0.00004409          -0.00004402           0.00011526
 #*EXTRAS*# Step:          12  Bead:     11  
     0.00011538          -0.00004438          -0.00004412
    -0.00004438           0.00011500          -0.00004405
    -0.00004412          -0.00004405           0.00011540
 #*EXTRAS*# Step:          13  Bead:     11  
     0.00011550          -0.00004441          -0.00004415
    -0.00004441           0.00011512          -0.00004407
    -0.00004415          -0.00004407           0.00011553
 #*EXTRAS*# Step:          14  Bead:     11  
     0.00011561          -0.00004444          -0.00004417
    -0.00004444           0.00011522          -0.00004409
    -0.00004417          -0.00004409           0.00011564
 #*EXTRAS*# Step:          15  Bead:     11  
     0.00011571          -0.00004446          -0.00004419
    -0.00004446           0.00011531          -0.00004410
    -0.00004419          -0.00004410           0.00011573
 #*EXTRAS*# Step:          16  Bead:     11  
     0.00011580          -0.00004448          -0.00004420
    -0.00004448           0.00011540          -0.00004412
    -0.00004420          -0.00004412           0.00011582
 #*EXTRAS*# Step:          17  Bead:     11  
     0.00011588          -0.00004450          -0.00004422
    -0.00004450           0.00011547          -0.00004413
    -0.00004422          -0.00004413           0.00011590
 #*EXTRAS*# Step:          18  Bead:     11  
     0.00011595          -0.00004451          -0.00004423
    -0.00004451           0.00011554          -0.00004414
    -0.00004423          -0.00004414           0.00011597
 #*EXTRAS*# Step:          19  Bead:     11  
     0.00011602          -0.00004452          -0.00004424
    -0.00004452           0.00011561          -0.00004415
    -0.00004424          -0.00004415           0.00011604
 #*EXTRAS*# Step:          20  Bead:     11  
     0.00011608          -0.00004453          -0.00004425
    -0.00004453           0.00011566          -0.00004415
    -0.00004425          -0.00004415           0.00011610
 #*EXTRAS*# Step:          21  Bead:     11  
     0.00011613          -0.00004454          -0.00004426
    -0.00004454           0.00011571          -0.00004416
    -0.00004426          -0.00004416           0.00011615
 #*EXTRAS*# Step:          22  Bead:     11  
     0.00011618          -0.00004455          -0.00004426
    -0.00004455           0.00011576          -0.00004416
    -0.00004426          -0.00004416           0.00011620
 #*EXTRAS*# Step:          23  Bead:     11  
     0.00011623          -0.00004456          -0.00004427
    -0.00004456           0.00011581          -0.00004417
    -0.00004427          -0.00004417           0.00011624
 #*EXTRAS*# Step:          24  Bead:     11  
     0.00011627          -0.00004456          -0.00004427
    -0.00004456           0.00011585          -0.00004417
    -0.00004427          -0.00004417           0.00011628
 #*EXTRAS*# Step:          25  Bead:     11  
     0.00011631          -0.00004457          -0.00004428
    -0.00004457           0.00011588          -0.00004418
    -0.00004428          -0.00004418           0.00011632
 #*EXTRAS*# Step:          26  Bead:     11  
     0.00011634          -0.00004457          -0.00004428
    -0.00004457           0.00011592          -0.00004418
    -0.00004428          -0.00004418           0.00011636
 #*EXTRAS*# Step:          27  Bead:     11  
     0.00011637          -0.00004458          -0.00004429
    -0.00004458           0.00011595          -0.00004418
    -0.00004429          -0.00004418           0.00011639
 #*EXTRAS*# Step:          28  Bead:     11  
     0.00011640          -0.00004458          -0.00004429
    -0.00004458           0.00011598          -0.00004419
    -0.00004429          -0.00004419           0.00011642
 #*EXTRAS*# Step:          29  Bead:     11  
     0.00011643          -0.00004458          -0.00004429
    -0.00004458           0.00011600          -0.00004419
    -0.00004429          -0.00004419           0.00011644
 #*EXTRAS*# Step:          30  Bead:     11  
     0.00011645          -0.00004459          -0.00004430
    -0.00004459           0.00011603          -0.00004419
    -0.00004430          -0.00004419           0.00011647
