 #*EXTRAS*# Step:           0  Bead:      1  
{"friction": [[0.00013154835182754853, -3.2245612347009654e-05, -3.218171211344349e-05], [-3.2245612347009654e-05, 0.00013178701661774967, -3.222276035226155e-05], [-3.218171211344349e-05, -3.222276035226155e-05, 0.00013130290733224788]]}
 #*EXTRAS*# Step:           1  Bead:      1  
{"friction": [[0.0001286893030419792, -3.713190846506013e-05, -3.6780546449829285e-05], [-3.713190846506013e-05, 0.00012883988334197165, -3.71800304546541e-05], [-3.6780546449829285e-05, -3.71800304546541e-05, 0.0001283395631744918]]}
 #*EXTRAS*# Step:           2  Bead:      1  
{"friction": [[0.0001255595515977443, -4.0815699620643985e-05, -4.025919338060738e-05], [-4.0815699620643985e-05, 0.00012562459621110223, -4.09116300219017e-05], [-4.025919338060738e-05, -4.09116300219017e-05, 0.00012524752298817733]]}
 #*EXTRAS*# Step:           3  Bead:      1  
{"friction": [[0.00012350571430261051, -4.255206510784103e-05, -4.220874106329722e-05], [-4.255206510784103e-05, 0.00012357346288949112, -4.264636647064302e-05], [-4.220874106329722e-05, -4.264636647064302e-05, 0.0001232977676889637]]}
 #*EXTRAS*# Step:           4  Bead:      1  
{"friction": [[0.00012230328948442814, -4.3269924034515715e-05, -4.314105387634043e-05], [-4.3269924034515715e-05, 0.00012236342268980444, -4.332199011090386e-05], [-4.314105387634043e-05, -4.332199011090386e-05, 0.0001221730939406554]]}
 #*EXTRAS*# Step:           5  Bead:      1  
{"friction": [[0.00012147618519366912, -4.365027247032027e-05, -4.3621756634808554e-05], [-4.365027247032027e-05, 0.00012149855954658759, -4.364421119871324e-05], [-4.3621756634808554e-05, -4.364421119871324e-05, 0.00012139246480726636]]}
 #*EXTRAS*# Step:           6  Bead:      1  
{"friction": [[0.00012083987908020374, -4.389922015919029e-05, -4.389476232172296e-05], [-4.389922015919029e-05, 0.00012080832854013111, -4.3831668419567127e-05], [-4.389476232172296e-05, -4.3831668419567127e-05, 0.00012078343296628643]]}
 #*EXTRAS*# Step:           7  Bead:      1  
{"friction": [[0.0001203338361525274, -4.407509549710837e-05, -4.405869414739484e-05], [-4.407509549710837e-05, 0.00012024692259340631, -4.395152391087184e-05], [-4.405869414739484e-05, -4.395152391087184e-05, 0.00012029381847057779]]}
 #*EXTRAS*# Step:           8  Bead:      1  
{"friction": [[0.00011991985249526275, -4.420367424041907e-05, -4.416337261974183e-05], [-4.420367424041907e-05, 0.0001197832091927444, -4.403256592890761e-05], [-4.416337261974183e-05, -4.403256592890761e-05, 0.0001198905714885945]]}
 #*EXTRAS*# Step:           9  Bead:      1  
{"friction": [[0.00011957458155028012, -4.429977958002725e-05, -4.4232805895842314e-05], [-4.429977958002725e-05, 0.00011939521727819696, -4.408928715038095e-05], [-4.4232805895842314e-05, -4.408928715038095e-05, 0.00011955274456049951]]}
 #*EXTRAS*# Step:          10  Bead:      1  
{"friction": [[0.00011928146135970337, -4.4373005213093815e-05, -4.428012424228152e-05], [-4.4373005213093815e-05, 0.00011906590109778443, -4.413003933839957e-05], [-4.428012424228152e-05, -4.413003933839957e-05, 0.00011926504076207387]]}
 #*EXTRAS*# Step:          11  Bead:      1  
{"friction": [[0.00011902909292312528, -4.442960188875862e-05, -4.431289703776373e-05], [-4.442960188875862e-05, 0.00011878298380230162, -4.4159843246860896e-05], [-4.431289703776373e-05, -4.4159843246860896e-05, 0.00011901676778594759]]}
 #*EXTRAS*# Step:          12  Bead:      1  
{"friction": [[0.00011880927943212927, -4.447382236214496e-05, -4.433576335952819e-05], [-4.447382236214496e-05, 0.00011853737756075751, -4.418189630939627e-05], [-4.433576335952819e-05, -4.418189630939627e-05, 0.0001188001506608638]]}
 #*EXTRAS*# Step:          13  Bead:      1  
{"friction": [[0.00011861602184271071, -4.4508640091453794e-05, -4.435169274499617e-05], [-4.4508640091453794e-05, 0.00011832230221041995, -4.4198316819653946e-05], [-4.435169274499617e-05, -4.4198316819653946e-05, 0.000118609454132268]]}
 #*EXTRAS*# Step:          14  Bead:      1  
{"friction": [[0.00011844480650239423, -4.453619561321111e-05, -4.436266104439535e-05], [-4.453619561321111e-05, 0.00011813258775016587, -4.421056029868031e-05], [-4.436266104439535e-05, -4.421056029868031e-05, 0.00011844033661133822]]}
 #*EXTRAS*# Step:          15  Bead:      1  
{"friction": [[0.00011829216637024726, -4.4558066334736826e-05, -4.437002438598791e-05], [-4.4558066334736826e-05, 0.00011796422506221574, -4.421965644943181e-05], [-4.437002438598791e-05, -4.421965644943181e-05, 0.00011828944716130923]]}
 #*EXTRAS*# Step:          16  Bead:      1  
{"friction": [[0.00011815538288185508, -4.4575439256941875e-05, -4.437473831782914e-05], [-4.4575439256941875e-05, 0.00011781404940212054, -4.4226352186395634e-05], [-4.437473831782914e-05, -4.4226352186395634e-05, 0.0001181541479154643]]}
 #*EXTRAS*# Step:          17  Bead:      1  
{"friction": [[0.00011803228599344999, -4.4589223481923176e-05, -4.437749092009111e-05], [-4.4589223481923176e-05, 0.0001176795229789203, -4.423120069005218e-05], [-4.437749092009111e-05, -4.423120069005218e-05, 0.00011803232635759161]]}
 #*EXTRAS*# Step:          18  Bead:      1  
{"friction": [[0.00011792111484134104, -4.4600125869282194e-05, -4.437878670771937e-05], [-4.4600125869282194e-05, 0.00011755858064433288, -4.423461889270867e-05], [-4.437878670771937e-05, -4.423461889270867e-05, 0.0001179222635627531]]}
 #*EXTRAS*# Step:          19  Bead:      1  
{"friction": [[0.00011782041943975717, -4.460870306046284e-05, -4.437900113112342e-05], [-4.460870306046284e-05, 0.00011744951946421967, -4.4236925642735836e-05], [-4.437900113112342e-05, -4.4236925642735836e-05, 0.00011782254073540414]]}
 #*EXTRAS*# Step:          20  Bead:      1  
{"friction": [[0.00011772898981542528, -4.461539809738384e-05, -4.437841696682741e-05], [-4.461539809738384e-05, 0.00011735091818470088, -4.4238367724485585e-05], [-4.437841696682741e-05, -4.4238367724485585e-05, 0.00011773197152292492]]}
 #*EXTRAS*# Step:          21  Bead:      1  
{"friction": [[0.00011764580414358632, -4.4620566725717444e-05, -4.437724921232335e-05], [-4.4620566725717444e-05, 0.00011726157770944987, -4.4239138016471056e-05], [-4.437724921232335e-05, -4.4239138016471056e-05, 0.0001176495522896419]]}
 #*EXTRAS*# Step:          22  Bead:      1  
{"friction": [[0.00011756999018304595, -4.462449665429248e-05, -4.437566249340663e-05], [-4.462449665429248e-05, 0.00011718047645699442, -4.4239388436178474e-05], [-4.437566249340663e-05, -4.4239388436178474e-05, 0.00011757442502074185]]}
 #*EXTRAS*# Step:          23  Bead:      1  
{"friction": [[0.00011750079620301943, -4.462742190588291e-05, -4.437378347823869e-05], [-4.462742190588291e-05, 0.00011710673644116104, -4.423923934798909e-05], [-4.437378347823869e-05, -4.423923934798909e-05, 0.00011750584927712997]]}
 #*EXTRAS*# Step:          24  Bead:      1  
{"friction": [[0.00011743756877501353, -4.462953368486984e-05, -4.4371709889632625e-05], [-4.462953368486984e-05, 0.00011703959717177546, -4.4238786521853864e-05], [-4.4371709889632625e-05, -4.4238786521853864e-05, 0.0001174431807187092]]}
 #*EXTRAS*# Step:          25  Bead:      1  
{"friction": [[0.00011737973560039088, -4.4630988729962166e-05, -4.436951715398817e-05], [-4.4630988729962166e-05, 0.00011697839533412392, -4.4238106363234706e-05], [-4.436951715398817e-05, -4.4238106363234706e-05, 0.00011738585445991506]]}
 #*EXTRAS*# Step:          26  Bead:      1  
{"friction": [[0.00011732679207633813, -4.463191582118126e-05, -4.436726337839459e-05], [-4.463191582118126e-05, 0.00011692254878800253, -4.4237259901075464e-05], [-4.436726337839459e-05, -4.4237259901075464e-05, 0.0001173333720217664]]}
 #*EXTRAS*# Step:          27  Bead:      1  
{"friction": [[0.00011727829067122374, -4.46324209110383e-05, -4.4364993125255296e-05], [-4.46324209110383e-05, 0.00011687154383424474, -4.423629586865712e-05], [-4.4364993125255296e-05, -4.423629586865712e-05, 0.00011728529099281853]]}
 #*EXTRAS*# Step:          28  Bead:      1  
{"friction": [[0.00011723383242419078, -4.4632591215110264e-05, -4.4362740308075076e-05], [-4.4632591215110264e-05, 0.00011682492496913069, -4.423525311138311e-05], [-4.4362740308075076e-05, -4.423525311138311e-05, 0.00011724121674230699]]}
 #*EXTRAS*# Step:          29  Bead:      1  
{"friction": [[0.00011719306007485499, -4.463249850424318e-05, -4.436053043585729e-05], [-4.463249850424318e-05, 0.00011678228656072049, -4.423416248789445e-05], [-4.436053043585729e-05, -4.423416248789445e-05, 0.00011720079571106209]]}
 #*EXTRAS*# Step:          30  Bead:      1  
{"friction": [[0.00011715565246611227, -4.463220177642326e-05, -4.435838236889387e-05], [-4.463220177642326e-05, 0.00011674326603496645, -4.4233048384971744e-05], [-4.435838236889387e-05, -4.4233048384971744e-05, 0.00011716370993702515]]}
