 #*EXTRAS*# Step:           0  Bead:      5  
     0.00013141          -0.00003255          -0.00003248
    -0.00003255           0.00013164          -0.00003253
    -0.00003248          -0.00003253           0.00013115
 #*EXTRAS*# Step:           1  Bead:      5  
     0.00013392          -0.00002491          -0.00002473
    -0.00002491           0.00013414          -0.00002481
    -0.00002473          -0.00002481           0.00013401
 #*EXTRAS*# Step:           2  Bead:      5  
     0.00013550          -0.00001667          -0.00001619
    -0.00001667           0.00013561          -0.00001653
    -0.00001619          -0.00001653           0.00013596
 #*EXTRAS*# Step:           3  Bead:      5  
     0.00013691          -0.00000880          -0.00000831
    -0.00000880           0.00013695          -0.00000869
    -0.00000831          -0.00000869           0.00013761
 #*EXTRAS*# Step:           4  Bead:      5  
     0.00013750          -0.00000589          -0.00000550
    -0.00000589           0.00013752          -0.00000581
    -0.00000550          -0.00000581           0.00013826
 #*EXTRAS*# Step:           5  Bead:      5  
     0.00013754          -0.00000572          -0.00000533
    -0.00000572           0.00013756          -0.00000563
    -0.00000533          -0.00000563           0.00013830
 #*EXTRAS*# Step:           6  Bead:      5  
     0.00013769          -0.00000504          -0.00000468
    -0.00000504           0.00013771          -0.00000495
    -0.00000468          -0.00000495           0.00013846
 #*EXTRAS*# Step:           7  Bead:      5  
     0.00013774          -0.00000481          -0.00000446
    -0.00000481           0.00013776          -0.00000473
    -0.00000446          -0.00000473           0.00013851
 #*EXTRAS*# Step:           8  Bead:      5  
     0.00013778          -0.00000461          -0.00000428
    -0.00000461           0.00013780          -0.00000454
    -0.00000428          -0.00000454           0.00013855
 #*EXTRAS*# Step:           9  Bead:      5  
     0.00013781          -0.00000451          -0.00000418
    -0.00000451           0.00013782          -0.00000443
    -0.00000418          -0.00000443           0.00013858
 #*EXTRAS*# Step:          10  Bead:      5  
     0.00013782          -0.00000443          -0.00000411
    -0.00000443           0.00013784          -0.00000436
    -0.00000411          -0.00000436           0.00013860
 #*EXTRAS*# Step:          11  Bead:      5  
     0.00013783          -0.00000439          -0.00000406
    -0.00000439           0.00013785          -0.00000431
    -0.00000406          -0.00000431           0.00013861
 #*EXTRAS*# Step:          12  Bead:      5  
     0.00013784          -0.00000436          -0.00000404
    -0.00000436           0.00013786          -0.00000428
    -0.00000404          -0.00000428           0.00013861
 #*EXTRAS*# Step:          13  Bead:      5  
     0.00013784          -0.00000434          -0.00000402
    -0.00000434           0.00013786          -0.00000426
    -0.00000402          -0.00000426           0.00013862
 #*EXTRAS*# Step:          14  Bead:      5  
     0.00013785          -0.00000433          -0.00000401
    -0.00000433           0.00013786          -0.00000425
    -0.00000401          -0.00000425           0.00013862
 #*EXTRAS*# Step:          15  Bead:      5  
     0.00013785          -0.00000432          -0.00000400
    -0.00000432           0.00013787          -0.00000425
    -0.00000400          -0.00000425           0.00013862
 #*EXTRAS*# Step:          16  Bead:      5  
     0.00013785          -0.00000431          -0.00000400
    -0.00000431           0.00013787          -0.00000424
    -0.00000400          -0.00000424           0.00013862
