 #*EXTRAS*# Step:           0  Bead:     40  
     0.00010885          -0.00004069          -0.00004073
    -0.00004069           0.00010886          -0.00004071
    -0.00004073          -0.00004071           0.00010891
 #*EXTRAS*# Step:           1  Bead:     40  
     0.00010645          -0.00003856          -0.00003852
    -0.00003856           0.00010645          -0.00003860
    -0.00003852          -0.00003860           0.00010636
 #*EXTRAS*# Step:           2  Bead:     40  
     0.00010448          -0.00003636          -0.00003629
    -0.00003636           0.00010448          -0.00003650
    -0.00003629          -0.00003650           0.00010418
 #*EXTRAS*# Step:           3  Bead:     40  
     0.00010342          -0.00003494          -0.00003488
    -0.00003494           0.00010341          -0.00003513
    -0.00003488          -0.00003513           0.00010303
 #*EXTRAS*# Step:           4  Bead:     40  
     0.00010466          -0.00003658          -0.00003651
    -0.00003658           0.00010466          -0.00003672
    -0.00003651          -0.00003672           0.00010438
 #*EXTRAS*# Step:           5  Bead:     40  
     0.00010738          -0.00003945          -0.00003943
    -0.00003945           0.00010738          -0.00003945
    -0.00003943          -0.00003945           0.00010737
 #*EXTRAS*# Step:           6  Bead:     40  
     0.00010945          -0.00004116          -0.00004121
    -0.00004116           0.00010947          -0.00004119
    -0.00004121          -0.00004119           0.00010952
 #*EXTRAS*# Step:           7  Bead:     40  
     0.00011081          -0.00004211          -0.00004218
    -0.00004211           0.00011082          -0.00004216
    -0.00004218          -0.00004216           0.00011088
 #*EXTRAS*# Step:           8  Bead:     40  
     0.00011164          -0.00004263          -0.00004269
    -0.00004263           0.00011163          -0.00004267
    -0.00004269          -0.00004267           0.00011171
 #*EXTRAS*# Step:           9  Bead:     40  
     0.00011217          -0.00004295          -0.00004298
    -0.00004295           0.00011212          -0.00004296
    -0.00004298          -0.00004296           0.00011223
 #*EXTRAS*# Step:          10  Bead:     40  
     0.00011251          -0.00004314          -0.00004314
    -0.00004314           0.00011243          -0.00004312
    -0.00004314          -0.00004312           0.00011256
 #*EXTRAS*# Step:          11  Bead:     40  
     0.00011272          -0.00004326          -0.00004325
    -0.00004326           0.00011262          -0.00004322
    -0.00004325          -0.00004322           0.00011278
 #*EXTRAS*# Step:          12  Bead:     40  
     0.00011286          -0.00004333          -0.00004331
    -0.00004333           0.00011275          -0.00004329
    -0.00004331          -0.00004329           0.00011292
 #*EXTRAS*# Step:          13  Bead:     40  
     0.00011295          -0.00004338          -0.00004335
    -0.00004338           0.00011283          -0.00004332
    -0.00004335          -0.00004332           0.00011301
 #*EXTRAS*# Step:          14  Bead:     40  
     0.00011301          -0.00004341          -0.00004337
    -0.00004341           0.00011288          -0.00004335
    -0.00004337          -0.00004335           0.00011306
 #*EXTRAS*# Step:          15  Bead:     40  
     0.00011305          -0.00004343          -0.00004339
    -0.00004343           0.00011291          -0.00004336
    -0.00004339          -0.00004336           0.00011310
 #*EXTRAS*# Step:          16  Bead:     40  
     0.00011307          -0.00004344          -0.00004340
    -0.00004344           0.00011293          -0.00004337
    -0.00004340          -0.00004337           0.00011312
