 #*EXTRAS*# Step:           0  Bead:     63  
{"friction": [[0.00010230241023370649, -3.314250126533514e-05, -3.3126410324985165e-05], [-3.314250126533514e-05, 0.00010223847872837513, -3.331935139787916e-05], [-3.3126410324985165e-05, -3.331935139787916e-05, 0.00010188032678501224]]}
 #*EXTRAS*# Step:           1  Bead:     63  
{"friction": [[0.00010018351870518526, -2.905446363591528e-05, -2.907716368803539e-05], [-2.905446363591528e-05, 0.00010006998277680341, -2.9021891158709383e-05], [-2.907716368803539e-05, -2.9021891158709383e-05, 0.00010008085846559029]]}
 #*EXTRAS*# Step:           2  Bead:     63  
{"friction": [[9.807454252214828e-05, -2.4727717298074652e-05, -2.4516940596123586e-05], [-2.4727717298074652e-05, 9.824830408082602e-05, -2.44271056555307e-05], [-2.4516940596123586e-05, -2.44271056555307e-05, 9.877966453080054e-05]]}
 #*EXTRAS*# Step:           3  Bead:     63  
{"friction": [[9.718995101344479e-05, -1.9749353309399745e-05, -1.9468690627591005e-05], [-1.9749353309399745e-05, 9.753119101376992e-05, -1.9464494746457783e-05], [-1.9468690627591005e-05, -1.9464494746457783e-05, 9.805278319385623e-05]]}
 #*EXTRAS*# Step:           4  Bead:     63  
{"friction": [[9.728417694592658e-05, -1.850052555422473e-05, -1.8270534522998274e-05], [-1.850052555422473e-05, 9.75906758202262e-05, -1.8276077139052005e-05], [-1.8270534522998274e-05, -1.8276077139052005e-05, 9.799844237156387e-05]]}
 #*EXTRAS*# Step:           5  Bead:     63  
{"friction": [[9.72032379249192e-05, -2.105277374985194e-05, -2.0740777801210474e-05], [-2.105277374985194e-05, 9.755204985851789e-05, -2.0720800011274557e-05], [-2.0740777801210474e-05, -2.0720800011274557e-05, 9.816097519124181e-05]]}
 #*EXTRAS*# Step:           6  Bead:     63  
{"friction": [[9.735283198113455e-05, -2.227413073424113e-05, -2.1964876575809726e-05], [-2.227413073424113e-05, 9.767411603398189e-05, -2.1923915393552286e-05], [-2.1964876575809726e-05, -2.1923915393552286e-05, 9.831348089540015e-05]]}
 #*EXTRAS*# Step:           7  Bead:     63  
{"friction": [[9.756920561901278e-05, -2.3224604970750704e-05, -2.2940811986814074e-05], [-2.3224604970750704e-05, 9.78455924485955e-05, -2.288055891288173e-05], [-2.2940811986814074e-05, -2.288055891288173e-05, 9.846845972521893e-05]]}
 #*EXTRAS*# Step:           8  Bead:     63  
{"friction": [[9.772264383112357e-05, -2.374462536902469e-05, -2.348218170215389e-05], [-2.374462536902469e-05, 9.796719476811822e-05, -2.3411162188619685e-05], [-2.348218170215389e-05, -2.3411162188619685e-05, 9.856696251033694e-05]]}
 #*EXTRAS*# Step:           9  Bead:     63  
{"friction": [[9.783809220176591e-05, -2.4091898866849364e-05, -2.3846200037384157e-05], [-2.4091898866849364e-05, 9.805901444636406e-05, -2.3768191412213577e-05], [-2.3846200037384157e-05, -2.3768191412213577e-05, 9.863815682857016e-05]]}
 #*EXTRAS*# Step:          10  Bead:     63  
{"friction": [[9.791468731038645e-05, -2.430733267141808e-05, -2.4072901127049373e-05], [-2.430733267141808e-05, 9.812013592439068e-05, -2.399071330615677e-05], [-2.4072901127049373e-05, -2.399071330615677e-05, 9.86844936673206e-05]]}
 #*EXTRAS*# Step:          11  Bead:     63  
{"friction": [[9.79661126948285e-05, -2.4446485854474863e-05, -2.4219655060252935e-05], [-2.4446485854474863e-05, 9.816127417500086e-05, -2.4134852709008207e-05], [-2.4219655060252935e-05, -2.4134852709008207e-05, 9.871530312614261e-05]]}
 #*EXTRAS*# Step:          12  Bead:     63  
{"friction": [[9.799957563719973e-05, -2.4534935814705664e-05, -2.431305856288476e-05], [-2.4534935814705664e-05, 9.818808969936377e-05, -2.4226634625778833e-05], [-2.431305856288476e-05, -2.4226634625778833e-05, 9.873524399661502e-05]]}
 #*EXTRAS*# Step:          13  Bead:     63  
{"friction": [[9.802132603040287e-05, -2.4591604576429815e-05, -2.4372948376028818e-05], [-2.4591604576429815e-05, 9.820553969992723e-05, -2.4285503479951573e-05], [-2.4372948376028818e-05, -2.4285503479951573e-05, 9.874816544921708e-05]]}
 #*EXTRAS*# Step:          14  Bead:     63  
{"friction": [[9.80353445634791e-05, -2.462780126803823e-05, -2.441122117001879e-05], [-2.462780126803823e-05, 9.8216795207593e-05, -2.4323131890002328e-05], [-2.441122117001879e-05, -2.4323131890002328e-05, 9.87564783062955e-05]]}
 #*EXTRAS*# Step:          15  Bead:     63  
{"friction": [[9.804436363951555e-05, -2.4650957446469668e-05, -2.4435712955289474e-05], [-2.4650957446469668e-05, 9.822404027333466e-05, -2.4347214714399244e-05], [-2.4435712955289474e-05, -2.4347214714399244e-05, 9.876182055492795e-05]]}
 #*EXTRAS*# Step:          16  Bead:     63  
{"friction": [[9.80501510479367e-05, -2.4665763178915614e-05, -2.4451375658037263e-05], [-2.4665763178915614e-05, 9.822869083489756e-05, -2.4362617299172843e-05], [-2.4451375658037263e-05, -2.4362617299172843e-05, 9.876524622047617e-05]]}
