 #*EXTRAS*# Step:           0  Bead:     51  
     0.00010393          -0.00003565          -0.00003558
    -0.00003565           0.00010392          -0.00003582
    -0.00003558          -0.00003582           0.00010358
 #*EXTRAS*# Step:           1  Bead:     51  
     0.00010160          -0.00003185          -0.00003187
    -0.00003185           0.00010150          -0.00003198
    -0.00003187          -0.00003198           0.00010122
 #*EXTRAS*# Step:           2  Bead:     51  
     0.00009959          -0.00002790          -0.00002788
    -0.00002790           0.00009952          -0.00002779
    -0.00002788          -0.00002779           0.00009968
 #*EXTRAS*# Step:           3  Bead:     51  
     0.00009782          -0.00002404          -0.00002380
    -0.00002404           0.00009805          -0.00002372
    -0.00002380          -0.00002372           0.00009863
 #*EXTRAS*# Step:           4  Bead:     51  
     0.00009774          -0.00002380          -0.00002354
    -0.00002380           0.00009798          -0.00002347
    -0.00002354          -0.00002347           0.00009858
 #*EXTRAS*# Step:           5  Bead:     51  
     0.00009884          -0.00002643          -0.00002633
    -0.00002643           0.00009888          -0.00002622
    -0.00002633          -0.00002622           0.00009923
 #*EXTRAS*# Step:           6  Bead:     51  
     0.00009963          -0.00002797          -0.00002796
    -0.00002797           0.00009956          -0.00002786
    -0.00002796          -0.00002786           0.00009971
 #*EXTRAS*# Step:           7  Bead:     51  
     0.00010021          -0.00002911          -0.00002913
    -0.00002911           0.00010010          -0.00002908
    -0.00002913          -0.00002908           0.00010010
 #*EXTRAS*# Step:           8  Bead:     51  
     0.00010054          -0.00002977          -0.00002980
    -0.00002977           0.00010042          -0.00002978
    -0.00002980          -0.00002978           0.00010034
 #*EXTRAS*# Step:           9  Bead:     51  
     0.00010076          -0.00003020          -0.00003023
    -0.00003020           0.00010063          -0.00003024
    -0.00003023          -0.00003024           0.00010051
 #*EXTRAS*# Step:          10  Bead:     51  
     0.00010089          -0.00003047          -0.00003051
    -0.00003047           0.00010077          -0.00003053
    -0.00003051          -0.00003053           0.00010062
 #*EXTRAS*# Step:          11  Bead:     51  
     0.00010098          -0.00003065          -0.00003068
    -0.00003065           0.00010086          -0.00003071
    -0.00003068          -0.00003071           0.00010069
 #*EXTRAS*# Step:          12  Bead:     51  
     0.00010104          -0.00003076          -0.00003079
    -0.00003076           0.00010092          -0.00003083
    -0.00003079          -0.00003083           0.00010073
 #*EXTRAS*# Step:          13  Bead:     51  
     0.00010107          -0.00003083          -0.00003086
    -0.00003083           0.00010095          -0.00003091
    -0.00003086          -0.00003091           0.00010076
 #*EXTRAS*# Step:          14  Bead:     51  
     0.00010110          -0.00003087          -0.00003090
    -0.00003087           0.00010098          -0.00003096
    -0.00003090          -0.00003096           0.00010078
 #*EXTRAS*# Step:          15  Bead:     51  
     0.00010111          -0.00003090          -0.00003093
    -0.00003090           0.00010099          -0.00003099
    -0.00003093          -0.00003099           0.00010079
 #*EXTRAS*# Step:          16  Bead:     51  
     0.00010112          -0.00003092          -0.00003095
    -0.00003092           0.00010100          -0.00003101
    -0.00003095          -0.00003101           0.00010080
