 #*EXTRAS*# Step:           0  Bead:     33  
     0.00011368          -0.00004374          -0.00004364
    -0.00004374           0.00011347          -0.00004360
    -0.00004364          -0.00004360           0.00011372
 #*EXTRAS*# Step:           1  Bead:     33  
     0.00011251          -0.00004314          -0.00004315
    -0.00004314           0.00011243          -0.00004313
    -0.00004315          -0.00004313           0.00011257
 #*EXTRAS*# Step:           2  Bead:     33  
     0.00011181          -0.00004273          -0.00004279
    -0.00004273           0.00011178          -0.00004277
    -0.00004279          -0.00004277           0.00011187
 #*EXTRAS*# Step:           3  Bead:     33  
     0.00011247          -0.00004312          -0.00004313
    -0.00004312           0.00011239          -0.00004311
    -0.00004313          -0.00004311           0.00011252
 #*EXTRAS*# Step:           4  Bead:     33  
     0.00011564          -0.00004444          -0.00004417
    -0.00004444           0.00011524          -0.00004409
    -0.00004417          -0.00004409           0.00011566
 #*EXTRAS*# Step:           5  Bead:     33  
     0.00011947          -0.00004433          -0.00004425
    -0.00004433           0.00011927          -0.00004411
    -0.00004425          -0.00004411           0.00011945
 #*EXTRAS*# Step:           6  Bead:     33  
     0.00012188          -0.00004348          -0.00004341
    -0.00004348           0.00012192          -0.00004350
    -0.00004341          -0.00004350           0.00012177
 #*EXTRAS*# Step:           7  Bead:     33  
     0.00012308          -0.00004283          -0.00004257
    -0.00004283           0.00012315          -0.00004292
    -0.00004257          -0.00004292           0.00012290
 #*EXTRAS*# Step:           8  Bead:     33  
     0.00012382          -0.00004233          -0.00004193
    -0.00004233           0.00012389          -0.00004242
    -0.00004193          -0.00004242           0.00012359
 #*EXTRAS*# Step:           9  Bead:     33  
     0.00012429          -0.00004196          -0.00004149
    -0.00004196           0.00012435          -0.00004206
    -0.00004149          -0.00004206           0.00012404
 #*EXTRAS*# Step:          10  Bead:     33  
     0.00012460          -0.00004170          -0.00004120
    -0.00004170           0.00012466          -0.00004180
    -0.00004120          -0.00004180           0.00012433
 #*EXTRAS*# Step:          11  Bead:     33  
     0.00012480          -0.00004152          -0.00004100
    -0.00004152           0.00012486          -0.00004162
    -0.00004100          -0.00004162           0.00012452
 #*EXTRAS*# Step:          12  Bead:     33  
     0.00012493          -0.00004141          -0.00004087
    -0.00004141           0.00012499          -0.00004151
    -0.00004087          -0.00004151           0.00012465
 #*EXTRAS*# Step:          13  Bead:     33  
     0.00012502          -0.00004133          -0.00004079
    -0.00004133           0.00012508          -0.00004143
    -0.00004079          -0.00004143           0.00012473
 #*EXTRAS*# Step:          14  Bead:     33  
     0.00012507          -0.00004128          -0.00004074
    -0.00004128           0.00012513          -0.00004138
    -0.00004074          -0.00004138           0.00012478
 #*EXTRAS*# Step:          15  Bead:     33  
     0.00012511          -0.00004125          -0.00004070
    -0.00004125           0.00012517          -0.00004135
    -0.00004070          -0.00004135           0.00012481
 #*EXTRAS*# Step:          16  Bead:     33  
     0.00012513          -0.00004123          -0.00004068
    -0.00004123           0.00012519          -0.00004133
    -0.00004068          -0.00004133           0.00012483
