 #*EXTRAS*# Step:           0  Bead:     10  
{"friction": [[0.00012991703273927124, -3.528883604745308e-05, -3.507531490942497e-05], [-3.528883604745308e-05, 0.00013010988907306278, -3.530960766886239e-05], [-3.507531490942497e-05, -3.530960766886239e-05, 0.00012959089167726413]]}
 #*EXTRAS*# Step:           1  Bead:     10  
{"friction": [[0.00013299083465382724, -2.8413198796397015e-05, -2.8344731735154055e-05], [-2.8413198796397015e-05, 0.0001332352507916902, -2.8342680233595343e-05], [-2.8344731735154055e-05, -2.8342680233595343e-05, 0.0001329036171050276]]}
 #*EXTRAS*# Step:           2  Bead:     10  
{"friction": [[0.00013481223629847953, -2.0557798063311087e-05, -2.0206465584359883e-05], [-2.0557798063311087e-05, 0.0001349770562483932, -2.042726365585097e-05], [-2.0206465584359883e-05, -2.042726365585097e-05, 0.00013510364139172312]]}
 #*EXTRAS*# Step:           3  Bead:     10  
{"friction": [[0.00013627200230662074, -1.2222762327442306e-05, -1.1694844974630433e-05], [-1.2222762327442306e-05, 0.00013633696034209518, -1.2091178554884389e-05], [-1.1694844974630433e-05, -1.2091178554884389e-05, 0.00013688745084880982]]}
 #*EXTRAS*# Step:           4  Bead:     10  
{"friction": [[0.00013697021159715477, -8.495555820507278e-06, -8.012601146556129e-06], [-8.495555820507278e-06, 0.00013700495083204594, -8.384324142458883e-06], [-8.012601146556129e-06, -8.384324142458883e-06, 0.00013768066443250852]]}
 #*EXTRAS*# Step:           5  Bead:     10  
{"friction": [[0.00013707442109572556, -7.97041698272725e-06, -7.5012676133261295e-06], [-7.97041698272725e-06, 0.00013710595107870575, -7.86305760859994e-06], [-7.5012676133261295e-06, -7.86305760859994e-06, 0.00013779541851925584]]}
 #*EXTRAS*# Step:           6  Bead:     10  
{"friction": [[0.00013726648057175482, -7.024140748206934e-06, -6.584738746274003e-06], [-7.024140748206934e-06, 0.00013729293841098045, -6.924376015250607e-06], [-6.584738746274003e-06, -6.924376015250607e-06, 0.00013800465206576057]]}
 #*EXTRAS*# Step:           7  Bead:     10  
{"friction": [[0.00013733909998848447, -6.673542148475188e-06, -6.246772376578716e-06], [-6.673542148475188e-06, 0.00013736391626208833, -6.5767915650297055e-06], [-6.246772376578716e-06, -6.5767915650297055e-06, 0.00013808303290538214]]}
 #*EXTRAS*# Step:           8  Bead:     10  
{"friction": [[0.0001373979227220545, -6.39240545217779e-06, -5.976400668664537e-06], [-6.39240545217779e-06, 0.00013742151728005463, -6.298149692159457e-06], [-5.976400668664537e-06, -6.298149692159457e-06, 0.0001381462390071276]]}
 #*EXTRAS*# Step:           9  Bead:     10  
{"friction": [[0.00013743209040494888, -6.230266747617993e-06, -5.820728793536944e-06], [-6.230266747617993e-06, 0.00013745501900164686, -6.137481238296592e-06], [-5.820728793536944e-06, -6.137481238296592e-06, 0.00013818283865360513]]}
 #*EXTRAS*# Step:          10  Bead:     10  
{"friction": [[0.00013745483807246566, -6.122790656775038e-06, -5.717643842149765e-06], [-6.122790656775038e-06, 0.00013747734089645318, -6.030992371351242e-06], [-5.717643842149765e-06, -6.030992371351242e-06, 0.00013820715958492993]]}
 #*EXTRAS*# Step:          11  Bead:     10  
{"friction": [[0.00013746916494187673, -6.0552924797932334e-06, -5.652946104813637e-06], [-6.0552924797932334e-06, 0.0001374914067776091, -5.964119348832339e-06], [-5.652946104813637e-06, -5.964119348832339e-06, 0.00013822245867721222]]}
 #*EXTRAS*# Step:          12  Bead:     10  
{"friction": [[0.00013747840525655695, -6.011837117120213e-06, -5.611311108823194e-06], [-6.011837117120213e-06, 0.00013750048169061733, -5.921068561281474e-06], [-5.611311108823194e-06, -5.921068561281474e-06, 0.0001382323184405087]]}
 #*EXTRAS*# Step:          13  Bead:     10  
{"friction": [[0.00013748430253002385, -5.984135544403714e-06, -5.5847771048763575e-06], [-5.984135544403714e-06, 0.00013750627459894294, -5.893625752117605e-06], [-5.5847771048763575e-06, -5.893625752117605e-06, 0.0001382386079490778]]}
 #*EXTRAS*# Step:          14  Bead:     10  
{"friction": [[0.00013748808207323946, -5.966394845710215e-06, -5.567787062994072e-06], [-5.966394845710215e-06, 0.00013750998774398324, -5.8760511222376265e-06], [-5.567787062994072e-06, -5.8760511222376265e-06, 0.00013824263760579982]]}
 #*EXTRAS*# Step:          15  Bead:     10  
{"friction": [[0.00013749049913507904, -5.955054842834195e-06, -5.5569280810454855e-06], [-5.955054842834195e-06, 0.00013751236254346826, -5.864817415456545e-06], [-5.5569280810454855e-06, -5.864817415456545e-06, 0.0001382452140993823]]}
 #*EXTRAS*# Step:          16  Bead:     10  
{"friction": [[0.00013749204597200926, -5.947799830199992e-06, -5.549981300857601e-06], [-5.947799830199992e-06, 0.00013751388241576928, -5.857630466758874e-06], [-5.549981300857601e-06, -5.857630466758874e-06, 0.00013824686275501727]]}
