 #*EXTRAS*# Step:           0  Bead:     50  
{"friction": [[0.00010422157793290393, -3.6035021611147086e-05, -3.5966888494172815e-05], [-3.6035021611147086e-05, 0.00010421927471690661, -3.619295965410192e-05], [-3.5966888494172815e-05, -3.619295965410192e-05, 0.00010389772288898436]]}
 #*EXTRAS*# Step:           1  Bead:     50  
{"friction": [[0.00010184286409641186, -3.231087751270343e-05, -3.231572170477077e-05], [-3.231087751270343e-05, 0.0001017534840941216, -3.246091735319335e-05], [-3.231572170477077e-05, -3.246091735319335e-05, 0.00010144043728980299]]}
 #*EXTRAS*# Step:           2  Bead:     50  
{"friction": [[9.986564096886184e-05, -2.8431282856047567e-05, -2.843607677563736e-05], [-2.8431282856047567e-05, 9.97730610010615e-05, -2.835594198424407e-05], [-2.843607677563736e-05, -2.835594198424407e-05, 9.986345311413552e-05]]}
 #*EXTRAS*# Step:           3  Bead:     50  
{"friction": [[9.808044547478142e-05, -2.474260497040455e-05, -2.4532701810930088e-05], [-2.474260497040455e-05, 9.825305387157817e-05, -2.4442611092722866e-05], [-2.4532701810930088e-05, -2.4442611092722866e-05, 9.878314938907566e-05]]}
 #*EXTRAS*# Step:           4  Bead:     50  
{"friction": [[9.804282580830414e-05, -2.4647016299492422e-05, -2.4431544083885696e-05], [-2.4647016299492422e-05, 9.822280472410111e-05, -2.434311526444534e-05], [-2.4431544083885696e-05, -2.434311526444534e-05, 9.876090997698144e-05]]}
 #*EXTRAS*# Step:           5  Bead:     50  
{"friction": [[9.928046578102524e-05, -2.7302998692466298e-05, -2.725391000581015e-05], [-2.7302998692466298e-05, 9.92520513363811e-05, -2.714939082438386e-05], [-2.725391000581015e-05, -2.714939082438386e-05, 9.949171995819893e-05]]}
 #*EXTRAS*# Step:           6  Bead:     50  
{"friction": [[0.00010011276245628187, -2.8914798496965835e-05, -2.8934267561954046e-05], [-2.8914798496965835e-05, 0.00010000298017630164, -2.887274624923963e-05], [-2.8934267561954046e-05, -2.887274624923963e-05, 0.00010003135135167634]]}
 #*EXTRAS*# Step:           7  Bead:     50  
{"friction": [[0.00010070493408416996, -3.0092993496150513e-05, -3.012718098213182e-05], [-3.0092993496150513e-05, 0.0001005785720822103, -3.012804724590641e-05], [-3.012718098213182e-05, -3.012804724590641e-05, 0.00010046662618761619]]}
 #*EXTRAS*# Step:           8  Bead:     50  
{"friction": [[0.00010105054520866393, -3.078135380745269e-05, -3.0812770659302374e-05], [-3.078135380745269e-05, 0.00010092813737237016, -3.085735882247448e-05], [-3.0812770659302374e-05, -3.085735882247448e-05, 0.00010074342977187761]]}
 #*EXTRAS*# Step:           9  Bead:     50  
{"friction": [[0.00010127610226880505, -3.122590875650482e-05, -3.125203657541698e-05], [-3.122590875650482e-05, 0.00010116042194024815, -3.132615308405544e-05], [-3.125203657541698e-05, -3.132615308405544e-05, 0.00010093321556631456]]}
 #*EXTRAS*# Step:          10  Bead:     50  
{"friction": [[0.00010141963783795289, -3.150566076041346e-05, -3.152729444047112e-05], [-3.150566076041346e-05, 0.00010130957324371036, -3.162011204809938e-05], [-3.152729444047112e-05, -3.162011204809938e-05, 0.00010105766317638271]]}
 #*EXTRAS*# Step:          11  Bead:     50  
{"friction": [[0.00010151258620180548, -3.168520990542833e-05, -3.170354932455329e-05], [-3.168520990542833e-05, 0.00010140660913335766, -3.1808310292156957e-05], [-3.170354932455329e-05, -3.1808310292156957e-05, 0.00010113973809477499]]}
 #*EXTRAS*# Step:          12  Bead:     50  
{"friction": [[0.00010157226592221296, -3.179975230053877e-05, -3.181583982149026e-05], [-3.179975230053877e-05, 0.00010146907291930396, -3.19281671075682e-05], [-3.181583982149026e-05, -3.19281671075682e-05, 0.0001011930400636229]]}
 #*EXTRAS*# Step:          13  Bead:     50  
{"friction": [[0.00010161063428735534, -3.1873066974763386e-05, -3.188765619188124e-05], [-3.1873066974763386e-05, 0.00010150928985614295, -3.200479716966899e-05], [-3.188765619188124e-05, -3.200479716966899e-05, 0.00010122755380597295]]}
 #*EXTRAS*# Step:          14  Bead:     50  
{"friction": [[0.00010163523603689656, -3.191993753760366e-05, -3.193354678327291e-05], [-3.191993753760366e-05, 0.000101535099179572, -3.205375120705757e-05], [-3.193354678327291e-05, -3.205375120705757e-05, 0.00010124978409963043]]}
 #*EXTRAS*# Step:          15  Bead:     50  
{"friction": [[0.00010165100401287871, -3.1949920006789815e-05, -3.196289365375916e-05], [-3.1949920006789815e-05, 0.00010155164977982365, -3.208505147312827e-05], [-3.196289365375916e-05, -3.208505147312827e-05, 0.00010126407299685324]]}
 #*EXTRAS*# Step:          16  Bead:     50  
{"friction": [[0.00010166110101526962, -3.196909502854489e-05, -3.19816586977276e-05], [-3.196909502854489e-05, 0.00010156225135565583, -3.210506309768043e-05], [-3.19816586977276e-05, -3.210506309768043e-05, 0.0001012732395590608]]}
