 #*EXTRAS*# Step:           0  Bead:     55  
     0.00010303          -0.00003435          -0.00003431
    -0.00003435           0.00010301          -0.00003455
    -0.00003431          -0.00003455           0.00010262
 #*EXTRAS*# Step:           1  Bead:     55  
     0.00010084          -0.00003037          -0.00003040
    -0.00003037           0.00010072          -0.00003042
    -0.00003040          -0.00003042           0.00010058
 #*EXTRAS*# Step:           2  Bead:     55  
     0.00009873          -0.00002620          -0.00002609
    -0.00002620           0.00009878          -0.00002598
    -0.00002609          -0.00002598           0.00009916
 #*EXTRAS*# Step:           3  Bead:     55  
     0.00009727          -0.00002176          -0.00002145
    -0.00002176           0.00009761          -0.00002142
    -0.00002145          -0.00002142           0.00009824
 #*EXTRAS*# Step:           4  Bead:     55  
     0.00009720          -0.00002099          -0.00002068
    -0.00002099           0.00009755          -0.00002066
    -0.00002068          -0.00002066           0.00009815
 #*EXTRAS*# Step:           5  Bead:     55  
     0.00009767          -0.00002358          -0.00002331
    -0.00002358           0.00009793          -0.00002324
    -0.00002331          -0.00002324           0.00009853
 #*EXTRAS*# Step:           6  Bead:     55  
     0.00009816          -0.00002494          -0.00002474
    -0.00002494           0.00009832          -0.00002465
    -0.00002474          -0.00002465           0.00009883
 #*EXTRAS*# Step:           7  Bead:     55  
     0.00009861          -0.00002596          -0.00002583
    -0.00002596           0.00009869          -0.00002572
    -0.00002583          -0.00002572           0.00009909
 #*EXTRAS*# Step:           8  Bead:     55  
     0.00009889          -0.00002654          -0.00002644
    -0.00002654           0.00009892          -0.00002633
    -0.00002644          -0.00002633           0.00009926
 #*EXTRAS*# Step:           9  Bead:     55  
     0.00009908          -0.00002692          -0.00002684
    -0.00002692           0.00009908          -0.00002674
    -0.00002684          -0.00002674           0.00009937
 #*EXTRAS*# Step:          10  Bead:     55  
     0.00009920          -0.00002715          -0.00002710
    -0.00002715           0.00009919          -0.00002699
    -0.00002710          -0.00002699           0.00009944
 #*EXTRAS*# Step:          11  Bead:     55  
     0.00009928          -0.00002731          -0.00002726
    -0.00002731           0.00009925          -0.00002715
    -0.00002726          -0.00002715           0.00009949
 #*EXTRAS*# Step:          12  Bead:     55  
     0.00009933          -0.00002740          -0.00002736
    -0.00002740           0.00009930          -0.00002726
    -0.00002736          -0.00002726           0.00009952
 #*EXTRAS*# Step:          13  Bead:     55  
     0.00009936          -0.00002747          -0.00002743
    -0.00002747           0.00009933          -0.00002732
    -0.00002743          -0.00002732           0.00009954
 #*EXTRAS*# Step:          14  Bead:     55  
     0.00009939          -0.00002751          -0.00002747
    -0.00002751           0.00009934          -0.00002737
    -0.00002747          -0.00002737           0.00009956
 #*EXTRAS*# Step:          15  Bead:     55  
     0.00009940          -0.00002753          -0.00002750
    -0.00002753           0.00009936          -0.00002739
    -0.00002750          -0.00002739           0.00009956
 #*EXTRAS*# Step:          16  Bead:     55  
     0.00009941          -0.00002755          -0.00002751
    -0.00002755           0.00009936          -0.00002741
    -0.00002751          -0.00002741           0.00009957
