 #*EXTRAS*# Step:           0  Bead:     15  
{"friction": [[0.00012726027358761464, -3.896940372900226e-05, -3.8480234708173996e-05], [-3.896940372900226e-05, 0.00012736412762627062, -3.9043725441288e-05], [-3.8480234708173996e-05, -3.9043725441288e-05, 0.00012691129785582055]]}
 #*EXTRAS*# Step:           1  Bead:     15  
{"friction": [[0.00013075563007134403, -3.383515887941949e-05, -3.370914581896609e-05], [-3.383515887941949e-05, 0.00013097481875553555, -3.3834659660389763e-05], [-3.370914581896609e-05, -3.3834659660389763e-05, 0.00013046207017740528]]}
 #*EXTRAS*# Step:           2  Bead:     15  
{"friction": [[0.00013334304006582646, -2.7207533011997012e-05, -2.7107546612817397e-05], [-2.7207533011997012e-05, 0.0001335805527481861, -2.7124283004988266e-05], [-2.7107546612817397e-05, -2.7124283004988266e-05, 0.00013331282823855403]]}
 #*EXTRAS*# Step:           3  Bead:     15  
{"friction": [[0.00013512758882667922, -1.880446315902926e-05, -1.8391909782546642e-05], [-1.880446315902926e-05, 0.00013526958137225612, -1.8668280572179135e-05], [-1.8391909782546642e-05, -1.8668280572179135e-05, 0.00013549777543054507]]}
 #*EXTRAS*# Step:           4  Bead:     15  
{"friction": [[0.00013601441856726082, -1.3679059093255272e-05, -1.3157250691019724e-05], [-1.3679059093255272e-05, 0.00013609431801553487, -1.3542972891772954e-05], [-1.3157250691019724e-05, -1.3542972891772954e-05, 0.0001365835661920177]]}
 #*EXTRAS*# Step:           5  Bead:     15  
{"friction": [[0.00013625059945418568, -1.2342350057704083e-05, -1.1814458709699892e-05], [-1.2342350057704083e-05, 0.00013631672464772593, -1.2210322803739529e-05], [-1.1814458709699892e-05, -1.2210322803739529e-05, 0.00013686243327888536]]}
 #*EXTRAS*# Step:           6  Bead:     15  
{"friction": [[0.00013650992464440398, -1.0913345526217244e-05, -1.0390943830229813e-05], [-1.0913345526217244e-05, 0.0001365628618779277, -1.0787475263383961e-05], [-1.0390943830229813e-05, -1.0787475263383961e-05, 0.00013716269475026968]]}
 #*EXTRAS*# Step:           7  Bead:     15  
{"friction": [[0.00013661991824969366, -1.0321244745951809e-05, -9.804919391385312e-06], [-1.0321244745951809e-05, 0.0001366679001097015, -1.0198471447139221e-05], [-9.804919391385312e-06, -1.0198471447139221e-05, 0.00013728818132706817]]}
 #*EXTRAS*# Step:           8  Bead:     15  
{"friction": [[0.00013670395602328455, -9.874828404959758e-06, -9.364600153793568e-06], [-9.874828404959758e-06, 0.00013674841008933742, -9.754600149927545e-06], [-9.364600153793568e-06, -9.754600149927545e-06, 0.0001373833194979909]]}
 #*EXTRAS*# Step:           9  Bead:     15  
{"friction": [[0.0001367540742158623, -9.61110235342023e-06, -9.105096780258365e-06], [-9.61110235342023e-06, 0.0001367965305508375, -9.49246217163632e-06], [-9.105096780258365e-06, -9.49246217163632e-06, 0.00013743975862121985]]}
 #*EXTRAS*# Step:          10  Bead:     15  
{"friction": [[0.0001367871929118243, -9.43786639380244e-06, -8.93488769625713e-06], [-9.43786639380244e-06, 0.00013682837246411678, -9.320303474092856e-06], [-8.93488769625713e-06, -9.320303474092856e-06, 0.00013747693312111782]]}
 #*EXTRAS*# Step:          11  Bead:     15  
{"friction": [[0.0001368081632097493, -9.328604529662604e-06, -8.827638651487792e-06], [-9.328604529662604e-06, 0.0001368485520917207, -9.211734930210104e-06], [-8.827638651487792e-06, -9.211734930210104e-06, 0.00013750042206048924]]}
 #*EXTRAS*# Step:          12  Bead:     15  
{"friction": [[0.00013682168089355947, -9.258349772223948e-06, -8.75872064997521e-06], [-9.258349772223948e-06, 0.00013686156738582789, -9.141931638871224e-06], [-8.75872064997521e-06, -9.141931638871224e-06, 0.00013751554308142824]]}
 #*EXTRAS*# Step:          13  Bead:     15  
{"friction": [[0.00013683032003667495, -9.213522622307818e-06, -8.714763868037366e-06], [-9.213522622307818e-06, 0.00013686988843783447, -9.097394869733063e-06], [-8.714763868037366e-06, -9.097394869733063e-06, 0.0001375251986497308]]}
 #*EXTRAS*# Step:          14  Bead:     15  
{"friction": [[0.00013683585778763387, -9.18481791441584e-06, -8.686623633999523e-06], [-9.18481791441584e-06, 0.00013687522351332992, -9.068877051942377e-06], [-8.686623633999523e-06, -9.068877051942377e-06, 0.00013753138455388085]]}
 #*EXTRAS*# Step:          15  Bead:     15  
{"friction": [[0.00013683940077880073, -9.166465184025984e-06, -8.668634731478581e-06], [-9.166465184025984e-06, 0.00013687863733586103, -9.050644199594586e-06], [-8.668634731478581e-06, -9.050644199594586e-06, 0.00013753534084219902]]}
 #*EXTRAS*# Step:          16  Bead:     15  
{"friction": [[0.00013684166848964378, -9.154723425381994e-06, -8.657126940654715e-06], [-9.154723425381994e-06, 0.00013688082257664428, -9.038979295328312e-06], [-8.657126940654715e-06, -9.038979295328312e-06, 0.00013753787251985326]]}
