 #*EXTRAS*# Step:           0  Bead:     43  
{"friction": [[0.00010715217792801399, -3.923464312552263e-05, -3.921096682771662e-05], [-3.923464312552263e-05, 0.00010714750227249788, -3.92473297219389e-05], [-3.921096682771662e-05, -3.92473297219389e-05, 0.00010711974146902487]]}
 #*EXTRAS*# Step:           1  Bead:     43  
{"friction": [[0.00010454305074822383, -3.644106269991503e-05, -3.637211548779993e-05], [-3.644106269991503e-05, 0.00010454251974005566, -3.658231785418943e-05], [-3.637211548779993e-05, -3.658231785418943e-05, 0.00010425075591069191]]}
 #*EXTRAS*# Step:           2  Bead:     43  
{"friction": [[0.00010252745815866934, -3.353077923102774e-05, -3.3504604696066525e-05], [-3.353077923102774e-05, 0.00010247567332776365, -3.371600898606345e-05], [-3.3504604696066525e-05, -3.371600898606345e-05, 0.00010210375207214395]]}
 #*EXTRAS*# Step:           3  Bead:     43  
{"friction": [[0.00010128586477060097, -3.124502290066867e-05, -3.127087033212352e-05], [-3.124502290066867e-05, 0.00010117053659333839, -3.134626497387675e-05], [-3.127087033212352e-05, -3.134626497387675e-05, 0.00010094159022058502]]}
 #*EXTRAS*# Step:           4  Bead:     43  
{"friction": [[0.0001018772219533189, -3.237472242993008e-05, -3.2378048404515545e-05], [-3.237472242993008e-05, 0.00010178969822026577, -3.252720733188819e-05], [-3.2378048404515545e-05, -3.252720733188819e-05, 0.00010147249633129714]]}
 #*EXTRAS*# Step:           5  Bead:     43  
{"friction": [[0.00010376528363084542, -3.542669263365644e-05, -3.536310348320248e-05], [-3.542669263365644e-05, 0.00010375742542476681, -3.560444835897472e-05], [-3.536310348320248e-05, -3.560444835897472e-05, 0.0001034009121849032]]}
 #*EXTRAS*# Step:           6  Bead:     43  
{"friction": [[0.00010536908071083201, -3.7412765730816286e-05, -3.734922651303697e-05], [-3.7412765730816286e-05, 0.00010536824484283737, -3.750700779629536e-05], [-3.734922651303697e-05, -3.750700779629536e-05, 0.00010516322809194156]]}
 #*EXTRAS*# Step:           7  Bead:     43  
{"friction": [[0.00010654456571406692, -3.865046819832964e-05, -3.860953604032163e-05], [-3.865046819832964e-05, 0.00010653988261999253, -3.868427487339966e-05], [-3.860953604032163e-05, -3.868427487339966e-05, 0.00010645857151382234]]}
 #*EXTRAS*# Step:           8  Bead:     43  
{"friction": [[0.0001072726553803448, -3.934642219886736e-05, -3.9326564543261994e-05], [-3.934642219886736e-05, 0.00010726832712766751, -3.935612207760564e-05], [-3.9326564543261994e-05, -3.935612207760564e-05, 0.00010724979026488522]]}
 #*EXTRAS*# Step:           9  Bead:     43  
{"friction": [[0.0001077370818054769, -3.9765393695025754e-05, -3.9761408185633054e-05], [-3.9765393695025754e-05, 0.00010773550488568549, -3.976802600199203e-05], [-3.9761408185633054e-05, -3.976802600199203e-05, 0.00010774717108245793]]}
 #*EXTRAS*# Step:          10  Bead:     43  
{"friction": [[0.0001080332501436496, -4.00229913243921e-05, -4.003003633534549e-05], [-4.00229913243921e-05, 0.00010803479830441766, -4.002524022521354e-05], [-4.003003633534549e-05, -4.002524022521354e-05, 0.00010806066167116464]]}
 #*EXTRAS*# Step:          11  Bead:     43  
{"friction": [[0.00010822310121314715, -4.018429992719905e-05, -4.019869630732803e-05], [-4.018429992719905e-05, 0.00010822718907203007, -4.0187991751868996e-05], [-4.019869630732803e-05, -4.0187991751868996e-05, 0.0001082600180271449]]}
 #*EXTRAS*# Step:          12  Bead:     43  
{"friction": [[0.00010834476050372291, -4.028612385237115e-05, -4.0305285116106215e-05], [-4.028612385237115e-05, 0.00010835063132599846, -4.029133292410121e-05], [-4.0305285116106215e-05, -4.029133292410121e-05, 0.00010838714288628579]]}
 #*EXTRAS*# Step:          13  Bead:     43  
{"friction": [[0.00010842271133516437, -4.035073748880891e-05, -4.037295716957075e-05], [-4.035073748880891e-05, 0.00010842977021850981, -4.0357133422498276e-05], [-4.037295716957075e-05, -4.0357133422498276e-05, 0.00010846834819175399]]}
 #*EXTRAS*# Step:          14  Bead:     43  
{"friction": [[0.00010847262979347391, -4.0391859051456496e-05, -4.0416035130034516e-05], [-4.0391859051456496e-05, 0.00010848046346990081, -4.0399095626228064e-05], [-4.0416035130034516e-05, -4.0399095626228064e-05, 0.00010852025170218044]]}
 #*EXTRAS*# Step:          15  Bead:     43  
{"friction": [[0.00010850458502692974, -4.041807849422016e-05, -4.044350492549152e-05], [-4.041807849422016e-05, 0.00010851291917174239, -4.042588427726886e-05], [-4.044350492549152e-05, -4.042588427726886e-05, 0.00010855343770837245]]}
 #*EXTRAS*# Step:          16  Bead:     43  
{"friction": [[0.00010852503512470026, -4.043481523591691e-05, -4.046104071154139e-05], [-4.043481523591691e-05, 0.00010853369106173592, -4.0442997504852044e-05], [-4.046104071154139e-05, -4.0442997504852044e-05, 0.00010857465925562761]]}
