 #*EXTRAS*# Step:           0  Bead:     46  
     0.00010571          -0.00003778          -0.00003773
    -0.00003778           0.00010570          -0.00003786
    -0.00003773          -0.00003786           0.00010554
 #*EXTRAS*# Step:           1  Bead:     46  
     0.00010312          -0.00003449          -0.00003444
    -0.00003449           0.00010310          -0.00003468
    -0.00003444          -0.00003468           0.00010271
 #*EXTRAS*# Step:           2  Bead:     46  
     0.00010119          -0.00003105          -0.00003108
    -0.00003105           0.00010107          -0.00003115
    -0.00003108          -0.00003115           0.00010086
 #*EXTRAS*# Step:           3  Bead:     46  
     0.00009968          -0.00002808          -0.00002807
    -0.00002808           0.00009961          -0.00002798
    -0.00002807          -0.00002798           0.00009974
 #*EXTRAS*# Step:           4  Bead:     46  
     0.00009997          -0.00002864          -0.00002865
    -0.00002864           0.00009987          -0.00002857
    -0.00002865          -0.00002857           0.00009993
 #*EXTRAS*# Step:           5  Bead:     46  
     0.00010144          -0.00003155          -0.00003157
    -0.00003155           0.00010133          -0.00003166
    -0.00003157          -0.00003166           0.00010108
 #*EXTRAS*# Step:           6  Bead:     46  
     0.00010248          -0.00003346          -0.00003343
    -0.00003346           0.00010243          -0.00003364
    -0.00003343          -0.00003364           0.00010206
 #*EXTRAS*# Step:           7  Bead:     46  
     0.00010330          -0.00003476          -0.00003470
    -0.00003476           0.00010328          -0.00003495
    -0.00003470          -0.00003495           0.00010290
 #*EXTRAS*# Step:           8  Bead:     46  
     0.00010383          -0.00003551          -0.00003545
    -0.00003551           0.00010382          -0.00003569
    -0.00003545          -0.00003569           0.00010347
 #*EXTRAS*# Step:           9  Bead:     46  
     0.00010418          -0.00003598          -0.00003591
    -0.00003598           0.00010418          -0.00003614
    -0.00003591          -0.00003614           0.00010385
 #*EXTRAS*# Step:          10  Bead:     46  
     0.00010441          -0.00003628          -0.00003621
    -0.00003628           0.00010441          -0.00003643
    -0.00003621          -0.00003643           0.00010411
 #*EXTRAS*# Step:          11  Bead:     46  
     0.00010456          -0.00003646          -0.00003640
    -0.00003646           0.00010456          -0.00003660
    -0.00003640          -0.00003660           0.00010427
 #*EXTRAS*# Step:          12  Bead:     46  
     0.00010466          -0.00003658          -0.00003652
    -0.00003658           0.00010466          -0.00003672
    -0.00003652          -0.00003672           0.00010438
 #*EXTRAS*# Step:          13  Bead:     46  
     0.00010472          -0.00003666          -0.00003659
    -0.00003666           0.00010472          -0.00003679
    -0.00003659          -0.00003679           0.00010445
 #*EXTRAS*# Step:          14  Bead:     46  
     0.00010476          -0.00003671          -0.00003664
    -0.00003671           0.00010476          -0.00003684
    -0.00003664          -0.00003684           0.00010449
 #*EXTRAS*# Step:          15  Bead:     46  
     0.00010479          -0.00003674          -0.00003667
    -0.00003674           0.00010479          -0.00003687
    -0.00003667          -0.00003687           0.00010452
 #*EXTRAS*# Step:          16  Bead:     46  
     0.00010480          -0.00003676          -0.00003669
    -0.00003676           0.00010480          -0.00003689
    -0.00003669          -0.00003689           0.00010454
