 #*EXTRAS*# Step:           0  Bead:      0  
     0.00013194          -0.00003135          -0.00003130
    -0.00003135           0.00013218          -0.00003131
    -0.00003130          -0.00003131           0.00013173
 #*EXTRAS*# Step:           1  Bead:      0  
     0.00013424          -0.00002349          -0.00002325
    -0.00002349           0.00013444          -0.00002337
    -0.00002325          -0.00002337           0.00013439
 #*EXTRAS*# Step:           2  Bead:      0  
     0.00013575          -0.00001519          -0.00001469
    -0.00001519           0.00013585          -0.00001505
    -0.00001469          -0.00001505           0.00013627
 #*EXTRAS*# Step:           3  Bead:      0  
     0.00013715          -0.00000761          -0.00000716
    -0.00000761           0.00013718          -0.00000751
    -0.00000716          -0.00000751           0.00013787
 #*EXTRAS*# Step:           4  Bead:      0  
     0.00013769          -0.00000503          -0.00000467
    -0.00000503           0.00013771          -0.00000495
    -0.00000467          -0.00000495           0.00013846
 #*EXTRAS*# Step:           5  Bead:      0  
     0.00013771          -0.00000496          -0.00000461
    -0.00000496           0.00013772          -0.00000488
    -0.00000461          -0.00000488           0.00013847
 #*EXTRAS*# Step:           6  Bead:      0  
     0.00013784          -0.00000437          -0.00000404
    -0.00000437           0.00013786          -0.00000429
    -0.00000404          -0.00000429           0.00013861
 #*EXTRAS*# Step:           7  Bead:      0  
     0.00013788          -0.00000418          -0.00000387
    -0.00000418           0.00013790          -0.00000411
    -0.00000387          -0.00000411           0.00013866
 #*EXTRAS*# Step:           8  Bead:      0  
     0.00013792          -0.00000402          -0.00000371
    -0.00000402           0.00013793          -0.00000395
    -0.00000371          -0.00000395           0.00013869
 #*EXTRAS*# Step:           9  Bead:      0  
     0.00013794          -0.00000393          -0.00000363
    -0.00000393           0.00013795          -0.00000386
    -0.00000363          -0.00000386           0.00013872
 #*EXTRAS*# Step:          10  Bead:      0  
     0.00013795          -0.00000386          -0.00000357
    -0.00000386           0.00013797          -0.00000380
    -0.00000357          -0.00000380           0.00013873
 #*EXTRAS*# Step:          11  Bead:      0  
     0.00013796          -0.00000383          -0.00000353
    -0.00000383           0.00013798          -0.00000376
    -0.00000353          -0.00000376           0.00013874
 #*EXTRAS*# Step:          12  Bead:      0  
     0.00013797          -0.00000380          -0.00000351
    -0.00000380           0.00013798          -0.00000373
    -0.00000351          -0.00000373           0.00013875
 #*EXTRAS*# Step:          13  Bead:      0  
     0.00013797          -0.00000379          -0.00000350
    -0.00000379           0.00013799          -0.00000372
    -0.00000350          -0.00000372           0.00013875
 #*EXTRAS*# Step:          14  Bead:      0  
     0.00013797          -0.00000378          -0.00000349
    -0.00000378           0.00013799          -0.00000371
    -0.00000349          -0.00000371           0.00013875
 #*EXTRAS*# Step:          15  Bead:      0  
     0.00013797          -0.00000377          -0.00000348
    -0.00000377           0.00013799          -0.00000370
    -0.00000348          -0.00000370           0.00013875
 #*EXTRAS*# Step:          16  Bead:      0  
     0.00013797          -0.00000376          -0.00000348
    -0.00000376           0.00013799          -0.00000370
    -0.00000348          -0.00000370           0.00013875
