 #*EXTRAS*# Step:           0  Bead:     58  
     0.00010261          -0.00003368          -0.00003365
    -0.00003368           0.00010257          -0.00003386
    -0.00003365          -0.00003386           0.00010219
 #*EXTRAS*# Step:           1  Bead:     58  
     0.00010047          -0.00002962          -0.00002966
    -0.00002962           0.00010035          -0.00002963
    -0.00002966          -0.00002963           0.00010029
 #*EXTRAS*# Step:           2  Bead:     58  
     0.00009834          -0.00002536          -0.00002519
    -0.00002536           0.00009846          -0.00002509
    -0.00002519          -0.00002509           0.00009893
 #*EXTRAS*# Step:           3  Bead:     58  
     0.00009718          -0.00002060          -0.00002030
    -0.00002060           0.00009753          -0.00002028
    -0.00002030          -0.00002028           0.00009812
 #*EXTRAS*# Step:           4  Bead:     58  
     0.00009720          -0.00001954          -0.00001927
    -0.00001954           0.00009754          -0.00001927
    -0.00001927          -0.00001927           0.00009804
 #*EXTRAS*# Step:           5  Bead:     58  
     0.00009733          -0.00002212          -0.00002181
    -0.00002212           0.00009765          -0.00002177
    -0.00002181          -0.00002177           0.00009829
 #*EXTRAS*# Step:           6  Bead:     58  
     0.00009762          -0.00002340          -0.00002312
    -0.00002340           0.00009788          -0.00002306
    -0.00002312          -0.00002306           0.00009850
 #*EXTRAS*# Step:           7  Bead:     58  
     0.00009794          -0.00002438          -0.00002415
    -0.00002438           0.00009814          -0.00002406
    -0.00002415          -0.00002406           0.00009870
 #*EXTRAS*# Step:           8  Bead:     58  
     0.00009815          -0.00002492          -0.00002472
    -0.00002492           0.00009831          -0.00002463
    -0.00002472          -0.00002463           0.00009882
 #*EXTRAS*# Step:           9  Bead:     58  
     0.00009830          -0.00002528          -0.00002510
    -0.00002528           0.00009843          -0.00002500
    -0.00002510          -0.00002500           0.00009891
 #*EXTRAS*# Step:          10  Bead:     58  
     0.00009840          -0.00002550          -0.00002534
    -0.00002550           0.00009851          -0.00002524
    -0.00002534          -0.00002524           0.00009897
 #*EXTRAS*# Step:          11  Bead:     58  
     0.00009847          -0.00002565          -0.00002549
    -0.00002565           0.00009857          -0.00002539
    -0.00002549          -0.00002539           0.00009901
 #*EXTRAS*# Step:          12  Bead:     58  
     0.00009851          -0.00002574          -0.00002559
    -0.00002574           0.00009860          -0.00002549
    -0.00002559          -0.00002549           0.00009903
 #*EXTRAS*# Step:          13  Bead:     58  
     0.00009854          -0.00002580          -0.00002565
    -0.00002580           0.00009862          -0.00002555
    -0.00002565          -0.00002555           0.00009905
 #*EXTRAS*# Step:          14  Bead:     58  
     0.00009855          -0.00002583          -0.00002569
    -0.00002583           0.00009864          -0.00002559
    -0.00002569          -0.00002559           0.00009906
 #*EXTRAS*# Step:          15  Bead:     58  
     0.00009856          -0.00002586          -0.00002572
    -0.00002586           0.00009865          -0.00002561
    -0.00002572          -0.00002561           0.00009907
 #*EXTRAS*# Step:          16  Bead:     58  
     0.00009857          -0.00002587          -0.00002573
    -0.00002587           0.00009865          -0.00002563
    -0.00002573          -0.00002563           0.00009907
