 #*EXTRAS*# Step:           0  Bead:     59  
     0.00010252          -0.00003351          -0.00003348
    -0.00003351           0.00010246          -0.00003369
    -0.00003348          -0.00003369           0.00010209
 #*EXTRAS*# Step:           1  Bead:     59  
     0.00010038          -0.00002944          -0.00002947
    -0.00002944           0.00010026          -0.00002944
    -0.00002947          -0.00002944           0.00010022
 #*EXTRAS*# Step:           2  Bead:     59  
     0.00009825          -0.00002516          -0.00002497
    -0.00002516           0.00009839          -0.00002488
    -0.00002497          -0.00002488           0.00009888
 #*EXTRAS*# Step:           3  Bead:     59  
     0.00009718          -0.00002032          -0.00002003
    -0.00002032           0.00009753          -0.00002002
    -0.00002003          -0.00002002           0.00009809
 #*EXTRAS*# Step:           4  Bead:     59  
     0.00009722          -0.00001919          -0.00001893
    -0.00001919           0.00009755          -0.00001894
    -0.00001893          -0.00001894           0.00009802
 #*EXTRAS*# Step:           5  Bead:     59  
     0.00009727          -0.00002177          -0.00002145
    -0.00002177           0.00009761          -0.00002142
    -0.00002145          -0.00002142           0.00009824
 #*EXTRAS*# Step:           6  Bead:     59  
     0.00009752          -0.00002303          -0.00002274
    -0.00002303           0.00009780          -0.00002268
    -0.00002274          -0.00002268           0.00009843
 #*EXTRAS*# Step:           7  Bead:     59  
     0.00009780          -0.00002399          -0.00002374
    -0.00002399           0.00009803          -0.00002367
    -0.00002374          -0.00002367           0.00009862
 #*EXTRAS*# Step:           8  Bead:     59  
     0.00009800          -0.00002453          -0.00002431
    -0.00002453           0.00009819          -0.00002422
    -0.00002431          -0.00002422           0.00009873
 #*EXTRAS*# Step:           9  Bead:     59  
     0.00009814          -0.00002488          -0.00002468
    -0.00002488           0.00009830          -0.00002459
    -0.00002468          -0.00002459           0.00009882
 #*EXTRAS*# Step:          10  Bead:     59  
     0.00009823          -0.00002511          -0.00002492
    -0.00002511           0.00009837          -0.00002482
    -0.00002492          -0.00002482           0.00009887
 #*EXTRAS*# Step:          11  Bead:     59  
     0.00009829          -0.00002525          -0.00002507
    -0.00002525           0.00009842          -0.00002497
    -0.00002507          -0.00002497           0.00009891
 #*EXTRAS*# Step:          12  Bead:     59  
     0.00009833          -0.00002534          -0.00002517
    -0.00002534           0.00009845          -0.00002507
    -0.00002517          -0.00002507           0.00009893
 #*EXTRAS*# Step:          13  Bead:     59  
     0.00009835          -0.00002540          -0.00002523
    -0.00002540           0.00009848          -0.00002513
    -0.00002523          -0.00002513           0.00009894
 #*EXTRAS*# Step:          14  Bead:     59  
     0.00009837          -0.00002543          -0.00002527
    -0.00002543           0.00009849          -0.00002517
    -0.00002527          -0.00002517           0.00009895
 #*EXTRAS*# Step:          15  Bead:     59  
     0.00009838          -0.00002546          -0.00002529
    -0.00002546           0.00009850          -0.00002519
    -0.00002529          -0.00002519           0.00009896
 #*EXTRAS*# Step:          16  Bead:     59  
     0.00009839          -0.00002547          -0.00002531
    -0.00002547           0.00009850          -0.00002521
    -0.00002531          -0.00002521           0.00009896
