 #*EXTRAS*# Step:           0  Bead:     47  
     0.00010529          -0.00003732          -0.00003726
    -0.00003732           0.00010529          -0.00003742
    -0.00003726          -0.00003742           0.00010507
 #*EXTRAS*# Step:           1  Bead:     47  
     0.00010275          -0.00003390          -0.00003386
    -0.00003390           0.00010271          -0.00003409
    -0.00003386          -0.00003409           0.00010233
 #*EXTRAS*# Step:           2  Bead:     47  
     0.00010082          -0.00003032          -0.00003036
    -0.00003032           0.00010069          -0.00003037
    -0.00003036          -0.00003037           0.00010056
 #*EXTRAS*# Step:           3  Bead:     47  
     0.00009921          -0.00002716          -0.00002710
    -0.00002716           0.00009919          -0.00002699
    -0.00002710          -0.00002699           0.00009945
 #*EXTRAS*# Step:           4  Bead:     47  
     0.00009940          -0.00002754          -0.00002750
    -0.00002754           0.00009936          -0.00002740
    -0.00002750          -0.00002740           0.00009957
 #*EXTRAS*# Step:           5  Bead:     47  
     0.00010084          -0.00003037          -0.00003041
    -0.00003037           0.00010072          -0.00003042
    -0.00003041          -0.00003042           0.00010058
 #*EXTRAS*# Step:           6  Bead:     47  
     0.00010179          -0.00003222          -0.00003222
    -0.00003222           0.00010170          -0.00003236
    -0.00003222          -0.00003236           0.00010139
 #*EXTRAS*# Step:           7  Bead:     47  
     0.00010251          -0.00003350          -0.00003347
    -0.00003350           0.00010246          -0.00003368
    -0.00003347          -0.00003368           0.00010209
 #*EXTRAS*# Step:           8  Bead:     47  
     0.00010296          -0.00003425          -0.00003420
    -0.00003425           0.00010293          -0.00003444
    -0.00003420          -0.00003444           0.00010255
 #*EXTRAS*# Step:           9  Bead:     47  
     0.00010327          -0.00003472          -0.00003466
    -0.00003472           0.00010325          -0.00003491
    -0.00003466          -0.00003491           0.00010287
 #*EXTRAS*# Step:          10  Bead:     47  
     0.00010347          -0.00003501          -0.00003496
    -0.00003501           0.00010346          -0.00003520
    -0.00003496          -0.00003520           0.00010309
 #*EXTRAS*# Step:          11  Bead:     47  
     0.00010360          -0.00003520          -0.00003514
    -0.00003520           0.00010359          -0.00003539
    -0.00003514          -0.00003539           0.00010323
 #*EXTRAS*# Step:          12  Bead:     47  
     0.00010369          -0.00003532          -0.00003526
    -0.00003532           0.00010368          -0.00003550
    -0.00003526          -0.00003550           0.00010332
 #*EXTRAS*# Step:          13  Bead:     47  
     0.00010375          -0.00003540          -0.00003534
    -0.00003540           0.00010374          -0.00003558
    -0.00003534          -0.00003558           0.00010338
 #*EXTRAS*# Step:          14  Bead:     47  
     0.00010378          -0.00003545          -0.00003538
    -0.00003545           0.00010377          -0.00003563
    -0.00003538          -0.00003563           0.00010342
 #*EXTRAS*# Step:          15  Bead:     47  
     0.00010380          -0.00003548          -0.00003542
    -0.00003548           0.00010380          -0.00003566
    -0.00003542          -0.00003566           0.00010344
 #*EXTRAS*# Step:          16  Bead:     47  
     0.00010382          -0.00003550          -0.00003544
    -0.00003550           0.00010381          -0.00003568
    -0.00003544          -0.00003568           0.00010346
