 #*EXTRAS*# Step:           0  Bead:     23  
     0.00012195          -0.00004344          -0.00004336
    -0.00004344           0.00012200          -0.00004347
    -0.00004336          -0.00004347           0.00012184
 #*EXTRAS*# Step:           1  Bead:     23  
     0.00012344          -0.00004260          -0.00004226
    -0.00004260           0.00012351          -0.00004269
    -0.00004226          -0.00004269           0.00012324
 #*EXTRAS*# Step:           2  Bead:     23  
     0.00012551          -0.00004086          -0.00004031
    -0.00004086           0.00012557          -0.00004096
    -0.00004031          -0.00004096           0.00012520
 #*EXTRAS*# Step:           3  Bead:     23  
     0.00012936          -0.00003616          -0.00003588
    -0.00003616           0.00012953          -0.00003619
    -0.00003588          -0.00003619           0.00012902
 #*EXTRAS*# Step:           4  Bead:     23  
     0.00013257          -0.00002969          -0.00002964
    -0.00002969           0.00013282          -0.00002964
    -0.00002964          -0.00002964           0.00013243
 #*EXTRAS*# Step:           5  Bead:     23  
     0.00013369          -0.00002589          -0.00002574
    -0.00002589           0.00013392          -0.00002579
    -0.00002574          -0.00002579           0.00013372
 #*EXTRAS*# Step:           6  Bead:     23  
     0.00013429          -0.00002324          -0.00002299
    -0.00002324           0.00013449          -0.00002312
    -0.00002299          -0.00002312           0.00013445
 #*EXTRAS*# Step:           7  Bead:     23  
     0.00013455          -0.00002196          -0.00002167
    -0.00002196           0.00013473          -0.00002184
    -0.00002167          -0.00002184           0.00013477
 #*EXTRAS*# Step:           8  Bead:     23  
     0.00013472          -0.00002108          -0.00002075
    -0.00002108           0.00013489          -0.00002095
    -0.00002075          -0.00002095           0.00013498
 #*EXTRAS*# Step:           9  Bead:     23  
     0.00013482          -0.00002054          -0.00002018
    -0.00002054           0.00013498          -0.00002041
    -0.00002018          -0.00002041           0.00013511
 #*EXTRAS*# Step:          10  Bead:     23  
     0.00013488          -0.00002018          -0.00001982
    -0.00002018           0.00013504          -0.00002005
    -0.00001982          -0.00002005           0.00013519
 #*EXTRAS*# Step:          11  Bead:     23  
     0.00013492          -0.00001996          -0.00001959
    -0.00001996           0.00013508          -0.00001983
    -0.00001959          -0.00001983           0.00013524
 #*EXTRAS*# Step:          12  Bead:     23  
     0.00013495          -0.00001982          -0.00001944
    -0.00001982           0.00013510          -0.00001968
    -0.00001944          -0.00001968           0.00013527
 #*EXTRAS*# Step:          13  Bead:     23  
     0.00013496          -0.00001972          -0.00001934
    -0.00001972           0.00013512          -0.00001959
    -0.00001934          -0.00001959           0.00013529
 #*EXTRAS*# Step:          14  Bead:     23  
     0.00013497          -0.00001966          -0.00001928
    -0.00001966           0.00013513          -0.00001953
    -0.00001928          -0.00001953           0.00013531
 #*EXTRAS*# Step:          15  Bead:     23  
     0.00013498          -0.00001963          -0.00001924
    -0.00001963           0.00013513          -0.00001949
    -0.00001924          -0.00001949           0.00013532
 #*EXTRAS*# Step:          16  Bead:     23  
     0.00013499          -0.00001960          -0.00001922
    -0.00001960           0.00013514          -0.00001947
    -0.00001922          -0.00001947           0.00013532
