 #*EXTRAS*# Step:           0  Bead:     19  
{"friction": [[0.00012459632602131336, -4.170492542491858e-05, -4.120187097266213e-05], [-4.170492542491858e-05, 0.00012465628415804492, -4.1806390624578615e-05], [-4.120187097266213e-05, -4.1806390624578615e-05, 0.00012432488906652224]]}
 #*EXTRAS*# Step:           1  Bead:     19  
{"friction": [[0.00012737514691066066, -3.8831975972658615e-05, -3.835200305068976e-05], [-3.8831975972658615e-05, 0.00012748245331564668, -3.890443226980349e-05], [-3.835200305068976e-05, -3.890443226980349e-05, 0.00012702509131795944]]}
 #*EXTRAS*# Step:           2  Bead:     19  
{"friction": [[0.00013056371513976987, -3.418528092134356e-05, -3.404055026720772e-05], [-3.418528092134356e-05, 0.00013077724553918366, -3.4189848233424744e-05], [-3.404055026720772e-05, -3.4189848233424744e-05, 0.00013026127236826898]]}
 #*EXTRAS*# Step:           3  Bead:     19  
{"friction": [[0.00013347229646797784, -2.6730988452118543e-05, -2.6616154827821612e-05], [-2.6730988452118543e-05, 0.0001337062801232049, -2.6643038523072606e-05], [-2.6616154827821612e-05, -2.6643038523072606e-05, 0.0001334650886812493]]}
 #*EXTRAS*# Step:           4  Bead:     19  
{"friction": [[0.0001348340856662566, -2.0439096706516972e-05, -2.0083361277669606e-05], [-2.0439096706516972e-05, 0.0001349973643011436, -2.0308088471247244e-05], [-2.0083361277669606e-05, -2.0308088471247244e-05, 0.00013513096036123912]]}
 #*EXTRAS*# Step:           5  Bead:     19  
{"friction": [[0.00013527158530635258, -1.7981026076545074e-05, -1.7543108291491857e-05], [-1.7981026076545074e-05, 0.00013540294423364493, -1.7843192178958153e-05], [-1.7543108291491857e-05, -1.7843192178958153e-05, 0.00013567711848954975]]}
 #*EXTRAS*# Step:           6  Bead:     19  
{"friction": [[0.0001356153120108408, -1.5987317982323938e-05, -1.549937882263404e-05], [-1.5987317982323938e-05, 0.00013572172874288567, -1.5848134728436318e-05], [-1.549937882263404e-05, -1.5848134728436318e-05, 0.00013610134925392454]]}
 #*EXTRAS*# Step:           7  Bead:     19  
{"friction": [[0.00013576890015841464, -1.5094487449900917e-05, -1.4590138313740641e-05], [-1.5094487449900917e-05, 0.0001358646991310732, -1.495591152587845e-05], [-1.4590138313740641e-05, -1.495591152587845e-05, 0.0001362884399744548]]}
 #*EXTRAS*# Step:           8  Bead:     19  
{"friction": [[0.00013588042156139238, -1.4449075376273e-05, -1.3935416815000705e-05], [-1.4449075376273e-05, 0.00013596881719162962, -1.4311403069276172e-05], [-1.3935416815000705e-05, -1.4311403069276172e-05, 0.00013642312803424444]]}
 #*EXTRAS*# Step:           9  Bead:     19  
{"friction": [[0.00013594778918990427, -1.4061073799854021e-05, -1.3542897672339578e-05], [-1.4061073799854021e-05, 0.0001360318557621689, -1.3924131752988994e-05], [-1.3542897672339578e-05, -1.3924131752988994e-05, 0.00013650398444447684]]}
 #*EXTRAS*# Step:          10  Bead:     19  
{"friction": [[0.00013599198700427214, -1.3807460045783828e-05, -1.328678105927552e-05], [-1.3807460045783828e-05, 0.00013607327626730738, -1.3671071050449758e-05], [-1.328678105927552e-05, -1.3671071050449758e-05, 0.00013655681780615008]]}
 #*EXTRAS*# Step:          11  Bead:     19  
{"friction": [[0.0001360200358910923, -1.3646939620791668e-05, -1.3124863289613076e-05], [-1.3646939620791668e-05, 0.00013609958941912208, -1.3510931556836012e-05], [-1.3124863289613076e-05, -1.3510931556836012e-05, 0.00013659025753077434]]}
 #*EXTRAS*# Step:          12  Bead:     19  
{"friction": [[0.00013603809679509915, -1.3543765609822126e-05, -1.3020868346571515e-05], [-1.3543765609822126e-05, 0.0001361165439238566, -1.3408015016019237e-05], [-1.3020868346571515e-05, -1.3408015016019237e-05, 0.00013661175252142733]]}
 #*EXTRAS*# Step:          13  Bead:     19  
{"friction": [[0.00013604964537260804, -1.3477872803273392e-05, -1.2954483054488914e-05], [-1.3477872803273392e-05, 0.00013612738972322374, -1.3342291811784259e-05], [-1.2954483054488914e-05, -1.3342291811784259e-05, 0.0001366254816129177]]}
 #*EXTRAS*# Step:          14  Bead:     19  
{"friction": [[0.0001360570470305401, -1.3435674242518404e-05, -1.2911982174123592e-05], [-1.3435674242518404e-05, 0.0001361343428947732, -1.330020398116565e-05], [-1.2911982174123592e-05, -1.330020398116565e-05, 0.00013663427448905262]]}
 #*EXTRAS*# Step:          15  Bead:     19  
{"friction": [[0.00013606178315754558, -1.3408686242505361e-05, -1.2884806191366222e-05], [-1.3408686242505361e-05, 0.00013613879284387083, -1.327328766381683e-05], [-1.2884806191366222e-05, -1.327328766381683e-05, 0.0001366398982304427]]}
 #*EXTRAS*# Step:          16  Bead:     19  
{"friction": [[0.0001360648145243259, -1.339141820193649e-05, -1.286742007091546e-05], [-1.339141820193649e-05, 0.00013614164136930315, -1.3256065842931632e-05], [-1.286742007091546e-05, -1.3256065842931632e-05, 0.00013664349665439612]]}
