 #*EXTRAS*# Step:           0  Bead:      3  
     0.00013172          -0.00003187          -0.00003181
    -0.00003187           0.00013196          -0.00003184
    -0.00003181          -0.00003184           0.00013149
 #*EXTRAS*# Step:           1  Bead:      3  
     0.00013411          -0.00002409          -0.00002388
    -0.00002409           0.00013432          -0.00002398
    -0.00002388          -0.00002398           0.00013423
 #*EXTRAS*# Step:           2  Bead:      3  
     0.00013565          -0.00001581          -0.00001532
    -0.00001581           0.00013575          -0.00001567
    -0.00001532          -0.00001567           0.00013614
 #*EXTRAS*# Step:           3  Bead:      3  
     0.00013705          -0.00000810          -0.00000763
    -0.00000810           0.00013708          -0.00000799
    -0.00000763          -0.00000799           0.00013777
 #*EXTRAS*# Step:           4  Bead:      3  
     0.00013762          -0.00000537          -0.00000500
    -0.00000537           0.00013764          -0.00000529
    -0.00000500          -0.00000529           0.00013838
 #*EXTRAS*# Step:           5  Bead:      3  
     0.00013764          -0.00000526          -0.00000489
    -0.00000526           0.00013766          -0.00000518
    -0.00000489          -0.00000518           0.00013840
 #*EXTRAS*# Step:           6  Bead:      3  
     0.00013778          -0.00000463          -0.00000429
    -0.00000463           0.00013780          -0.00000455
    -0.00000429          -0.00000455           0.00013855
 #*EXTRAS*# Step:           7  Bead:      3  
     0.00013782          -0.00000443          -0.00000410
    -0.00000443           0.00013784          -0.00000435
    -0.00000410          -0.00000435           0.00013860
 #*EXTRAS*# Step:           8  Bead:      3  
     0.00013786          -0.00000425          -0.00000394
    -0.00000425           0.00013788          -0.00000418
    -0.00000394          -0.00000418           0.00013864
 #*EXTRAS*# Step:           9  Bead:      3  
     0.00013789          -0.00000415          -0.00000384
    -0.00000415           0.00013790          -0.00000408
    -0.00000384          -0.00000408           0.00013866
 #*EXTRAS*# Step:          10  Bead:      3  
     0.00013790          -0.00000409          -0.00000378
    -0.00000409           0.00013792          -0.00000402
    -0.00000378          -0.00000402           0.00013868
 #*EXTRAS*# Step:          11  Bead:      3  
     0.00013791          -0.00000405          -0.00000374
    -0.00000405           0.00013793          -0.00000398
    -0.00000374          -0.00000398           0.00013869
 #*EXTRAS*# Step:          12  Bead:      3  
     0.00013792          -0.00000402          -0.00000372
    -0.00000402           0.00013793          -0.00000395
    -0.00000372          -0.00000395           0.00013869
 #*EXTRAS*# Step:          13  Bead:      3  
     0.00013792          -0.00000400          -0.00000370
    -0.00000400           0.00013794          -0.00000393
    -0.00000370          -0.00000393           0.00013870
 #*EXTRAS*# Step:          14  Bead:      3  
     0.00013792          -0.00000399          -0.00000369
    -0.00000399           0.00013794          -0.00000392
    -0.00000369          -0.00000392           0.00013870
 #*EXTRAS*# Step:          15  Bead:      3  
     0.00013792          -0.00000398          -0.00000368
    -0.00000398           0.00013794          -0.00000391
    -0.00000368          -0.00000391           0.00013870
 #*EXTRAS*# Step:          16  Bead:      3  
     0.00013793          -0.00000398          -0.00000368
    -0.00000398           0.00013794          -0.00000391
    -0.00000368          -0.00000391           0.00013870
