 #*EXTRAS*# Step:           0  Bead:     62  
     0.00010233          -0.00003319          -0.00003317
    -0.00003319           0.00010227          -0.00003337
    -0.00003317          -0.00003337           0.00010191
 #*EXTRAS*# Step:           1  Bead:     62  
     0.00010021          -0.00002910          -0.00002913
    -0.00002910           0.00010009          -0.00002907
    -0.00002913          -0.00002907           0.00010010
 #*EXTRAS*# Step:           2  Bead:     62  
     0.00009809          -0.00002478          -0.00002457
    -0.00002478           0.00009826          -0.00002448
    -0.00002457          -0.00002448           0.00009879
 #*EXTRAS*# Step:           3  Bead:     62  
     0.00009719          -0.00001981          -0.00001953
    -0.00001981           0.00009753          -0.00001952
    -0.00001953          -0.00001952           0.00009806
 #*EXTRAS*# Step:           4  Bead:     62  
     0.00009728          -0.00001857          -0.00001834
    -0.00001857           0.00009759          -0.00001834
    -0.00001834          -0.00001834           0.00009800
 #*EXTRAS*# Step:           5  Bead:     62  
     0.00009721          -0.00002112          -0.00002081
    -0.00002112           0.00009756          -0.00002079
    -0.00002081          -0.00002079           0.00009817
 #*EXTRAS*# Step:           6  Bead:     62  
     0.00009737          -0.00002235          -0.00002204
    -0.00002235           0.00009769          -0.00002200
    -0.00002204          -0.00002200           0.00009832
 #*EXTRAS*# Step:           7  Bead:     62  
     0.00009759          -0.00002330          -0.00002302
    -0.00002330           0.00009786          -0.00002296
    -0.00002302          -0.00002296           0.00009848
 #*EXTRAS*# Step:           8  Bead:     62  
     0.00009775          -0.00002382          -0.00002356
    -0.00002382           0.00009799          -0.00002349
    -0.00002356          -0.00002349           0.00009858
 #*EXTRAS*# Step:           9  Bead:     62  
     0.00009787          -0.00002417          -0.00002393
    -0.00002417           0.00009808          -0.00002385
    -0.00002393          -0.00002385           0.00009866
 #*EXTRAS*# Step:          10  Bead:     62  
     0.00009794          -0.00002439          -0.00002416
    -0.00002439           0.00009814          -0.00002407
    -0.00002416          -0.00002407           0.00009870
 #*EXTRAS*# Step:          11  Bead:     62  
     0.00009800          -0.00002453          -0.00002430
    -0.00002453           0.00009819          -0.00002422
    -0.00002430          -0.00002422           0.00009873
 #*EXTRAS*# Step:          12  Bead:     62  
     0.00009803          -0.00002462          -0.00002440
    -0.00002462           0.00009821          -0.00002431
    -0.00002440          -0.00002431           0.00009875
 #*EXTRAS*# Step:          13  Bead:     62  
     0.00009805          -0.00002467          -0.00002446
    -0.00002467           0.00009823          -0.00002437
    -0.00002446          -0.00002437           0.00009877
 #*EXTRAS*# Step:          14  Bead:     62  
     0.00009807          -0.00002471          -0.00002450
    -0.00002471           0.00009824          -0.00002441
    -0.00002450          -0.00002441           0.00009878
 #*EXTRAS*# Step:          15  Bead:     62  
     0.00009808          -0.00002473          -0.00002452
    -0.00002473           0.00009825          -0.00002443
    -0.00002452          -0.00002443           0.00009878
 #*EXTRAS*# Step:          16  Bead:     62  
     0.00009808          -0.00002475          -0.00002454
    -0.00002475           0.00009825          -0.00002445
    -0.00002454          -0.00002445           0.00009878
