 #*EXTRAS*# Step:           0  Bead:     56  
     0.00010287          -0.00003410          -0.00003406
    -0.00003410           0.00010284          -0.00003429
    -0.00003406          -0.00003429           0.00010245
 #*EXTRAS*# Step:           1  Bead:     56  
     0.00010070          -0.00003009          -0.00003012
    -0.00003009           0.00010058          -0.00003012
    -0.00003012          -0.00003012           0.00010046
 #*EXTRAS*# Step:           2  Bead:     56  
     0.00009858          -0.00002588          -0.00002575
    -0.00002588           0.00009866          -0.00002564
    -0.00002575          -0.00002564           0.00009907
 #*EXTRAS*# Step:           3  Bead:     56  
     0.00009722          -0.00002132          -0.00002101
    -0.00002132           0.00009757          -0.00002099
    -0.00002101          -0.00002099           0.00009819
 #*EXTRAS*# Step:           4  Bead:     56  
     0.00009718          -0.00002044          -0.00002014
    -0.00002044           0.00009753          -0.00002013
    -0.00002014          -0.00002013           0.00009810
 #*EXTRAS*# Step:           5  Bead:     56  
     0.00009752          -0.00002303          -0.00002274
    -0.00002303           0.00009780          -0.00002268
    -0.00002274          -0.00002268           0.00009843
 #*EXTRAS*# Step:           6  Bead:     56  
     0.00009793          -0.00002436          -0.00002412
    -0.00002436           0.00009813          -0.00002404
    -0.00002412          -0.00002404           0.00009870
 #*EXTRAS*# Step:           7  Bead:     56  
     0.00009834          -0.00002536          -0.00002519
    -0.00002536           0.00009846          -0.00002509
    -0.00002519          -0.00002509           0.00009893
 #*EXTRAS*# Step:           8  Bead:     56  
     0.00009859          -0.00002592          -0.00002579
    -0.00002592           0.00009867          -0.00002568
    -0.00002579          -0.00002568           0.00009908
 #*EXTRAS*# Step:           9  Bead:     56  
     0.00009877          -0.00002629          -0.00002618
    -0.00002629           0.00009882          -0.00002607
    -0.00002618          -0.00002607           0.00009919
 #*EXTRAS*# Step:          10  Bead:     56  
     0.00009889          -0.00002653          -0.00002643
    -0.00002653           0.00009892          -0.00002632
    -0.00002643          -0.00002632           0.00009925
 #*EXTRAS*# Step:          11  Bead:     56  
     0.00009896          -0.00002667          -0.00002659
    -0.00002667           0.00009898          -0.00002648
    -0.00002659          -0.00002648           0.00009930
 #*EXTRAS*# Step:          12  Bead:     56  
     0.00009901          -0.00002677          -0.00002669
    -0.00002677           0.00009902          -0.00002658
    -0.00002669          -0.00002658           0.00009933
 #*EXTRAS*# Step:          13  Bead:     56  
     0.00009904          -0.00002683          -0.00002675
    -0.00002683           0.00009904          -0.00002665
    -0.00002675          -0.00002665           0.00009935
 #*EXTRAS*# Step:          14  Bead:     56  
     0.00009906          -0.00002687          -0.00002680
    -0.00002687           0.00009906          -0.00002669
    -0.00002680          -0.00002669           0.00009936
 #*EXTRAS*# Step:          15  Bead:     56  
     0.00009907          -0.00002690          -0.00002682
    -0.00002690           0.00009907          -0.00002671
    -0.00002682          -0.00002671           0.00009937
 #*EXTRAS*# Step:          16  Bead:     56  
     0.00009908          -0.00002691          -0.00002684
    -0.00002691           0.00009908          -0.00002673
    -0.00002684          -0.00002673           0.00009937
