 #*EXTRAS*# Step:           0  Bead:     29  
{"friction": [[0.0001169988017405095, -4.4628706812311107e-05, -4.434812841942771e-05], [-4.4628706812311107e-05, 0.00011658072617402499, -4.422718506529086e-05], [-4.434812841942771e-05, -4.422718506529086e-05, 0.00011700820795224204]]}
 #*EXTRAS*# Step:           1  Bead:     29  
{"friction": [[0.00011692860364519255, -4.46259375021065e-05, -4.434289196062407e-05], [-4.46259375021065e-05, 0.00011650856832696371, -4.422393145283681e-05], [-4.434289196062407e-05, -4.422393145283681e-05, 0.00011693861572399676]]}
 #*EXTRAS*# Step:           2  Bead:     29  
{"friction": [[0.00011741109028397437, -4.46302567917649e-05, -4.437074095211232e-05], [-4.46302567917649e-05, 0.00011701155113704522, -4.42385067268331e-05], [-4.437074095211232e-05, -4.42385067268331e-05, 0.00011741693477777579]]}
 #*EXTRAS*# Step:           3  Bead:     29  
{"friction": [[0.00011958987907136912, -4.429574361634451e-05, -4.423005127666648e-05], [-4.429574361634451e-05, 0.00011941241292812724, -4.4086976099700915e-05], [-4.423005127666648e-05, -4.4086976099700915e-05, 0.00011956773791920831]]}
 #*EXTRAS*# Step:           4  Bead:     29  
{"friction": [[0.0001231804793903084, -4.276826254224514e-05, -4.248423494921946e-05], [-4.276826254224514e-05, 0.00012324967530780533, -4.2855493764435625e-05], [-4.248423494921946e-05, -4.2855493764435625e-05, 0.0001229936287556039]]}
 #*EXTRAS*# Step:           5  Bead:     29  
{"friction": [[0.00012631074897209233, -4.004293482285742e-05, -3.94973600091662e-05], [-4.004293482285742e-05, 0.0001263895163315975, -4.0130833179487585e-05], [-3.94973600091662e-05, -4.0130833179487585e-05, 0.00012597743155948622]]}
 #*EXTRAS*# Step:           6  Bead:     29  
{"friction": [[0.00012857125803449962, -3.729497263484096e-05, -3.6930776004932744e-05], [-3.729497263484096e-05, 0.00012871776559630644, -3.734549430497054e-05], [-3.6930776004932744e-05, -3.734549430497054e-05, 0.00012822050510570942]]}
 #*EXTRAS*# Step:           7  Bead:     29  
{"friction": [[0.0001296870560416613, -3.565674468209571e-05, -3.5417490532921645e-05], [-3.565674468209571e-05, 0.0001298721547498471, -3.5682972825625904e-05], [-3.5417490532921645e-05, -3.5682972825625904e-05, 0.00012935453273480406]]}
 #*EXTRAS*# Step:           8  Bead:     29  
{"friction": [[0.00013035793578345487, -3.454847342907612e-05, -3.4382652575311744e-05], [-3.454847342907612e-05, 0.00013056512104841984, -3.45583389134542e-05], [-3.4382652575311744e-05, -3.45583389134542e-05, 0.00013004696109175518]]}
 #*EXTRAS*# Step:           9  Bead:     29  
{"friction": [[0.00013074895196810835, -3.3847538320278155e-05, -3.3720891769966095e-05], [-3.3847538320278155e-05, 0.00013096794850799015, -3.384721749129757e-05], [-3.3720891769966095e-05, -3.384721749129757e-05, 0.00013045506714060666]]}
 #*EXTRAS*# Step:          10  Bead:     29  
{"friction": [[0.0001309915798528324, -3.338802771436791e-05, -3.328343510278873e-05], [-3.338802771436791e-05, 0.00013121730654528223, -3.3381125461645546e-05], [-3.328343510278873e-05, -3.3381125461645546e-05, 0.00013071028172415318]]}
 #*EXTRAS*# Step:          11  Bead:     29  
{"friction": [[0.00013114167698358492, -3.309302305732928e-05, -3.3000940588495514e-05], [-3.309302305732928e-05, 0.00013137127642437864, -3.308194232237275e-05], [-3.3000940588495514e-05, -3.308194232237275e-05, 0.00013086902150523936]]}
 #*EXTRAS*# Step:          12  Bead:     29  
{"friction": [[0.0001312361934801847, -3.29026539689337e-05, -3.281792641748531e-05], [-3.29026539689337e-05, 0.00013146809969847564, -3.28888978679011e-05], [-3.281792641748531e-05, -3.28888978679011e-05, 0.00013096934492786113]]}
 #*EXTRAS*# Step:          13  Bead:     29  
{"friction": [[0.00013129587871608286, -3.2780495148273824e-05, -3.2700181964125756e-05], [-3.2780495148273824e-05, 0.00013152918407720052, -3.276503138723642e-05], [-3.2700181964125756e-05, -3.276503138723642e-05, 0.00013103285050672828]]}
 #*EXTRAS*# Step:          14  Bead:     29  
{"friction": [[0.00013133378456270414, -3.2702099911170686e-05, -3.262449171631374e-05], [-3.2702099911170686e-05, 0.00013156795399800637, -3.2685544119056665e-05], [-3.262449171631374e-05, -3.2685544119056665e-05, 0.00013107324657900575]]}
 #*EXTRAS*# Step:          15  Bead:     29  
{"friction": [[0.0001313579064847583, -3.2651874856466496e-05, -3.257594651588804e-05], [-3.2651874856466496e-05, 0.00013159261549442453, -3.263462105099414e-05], [-3.257594651588804e-05, -3.263462105099414e-05, 0.00013109897967601683]]}
 #*EXTRAS*# Step:          16  Bead:     29  
{"friction": [[0.00013137328823072003, -3.261970883460103e-05, -3.254483438683766e-05], [-3.261970883460103e-05, 0.00013160833702892388, -3.260200866362256e-05], [-3.254483438683766e-05, -3.260200866362256e-05, 0.00013111539973731335]]}
