 #*EXTRAS*# Step:           0  Bead:     42  
     0.00010769          -0.00003973          -0.00003972
    -0.00003973           0.00010769          -0.00003973
    -0.00003972          -0.00003973           0.00010770
 #*EXTRAS*# Step:           1  Bead:     42  
     0.00010513          -0.00003714          -0.00003707
    -0.00003714           0.00010513          -0.00003724
    -0.00003707          -0.00003724           0.00010489
 #*EXTRAS*# Step:           2  Bead:     42  
     0.00010309          -0.00003444          -0.00003439
    -0.00003444           0.00010306          -0.00003463
    -0.00003439          -0.00003463           0.00010268
 #*EXTRAS*# Step:           3  Bead:     42  
     0.00010191          -0.00003243          -0.00003243
    -0.00003243           0.00010182          -0.00003258
    -0.00003243          -0.00003258           0.00010150
 #*EXTRAS*# Step:           4  Bead:     42  
     0.00010266          -0.00003375          -0.00003371
    -0.00003375           0.00010261          -0.00003393
    -0.00003371          -0.00003393           0.00010223
 #*EXTRAS*# Step:           5  Bead:     42  
     0.00010483          -0.00003679          -0.00003672
    -0.00003679           0.00010483          -0.00003691
    -0.00003672          -0.00003691           0.00010456
 #*EXTRAS*# Step:           6  Bead:     42  
     0.00010662          -0.00003873          -0.00003869
    -0.00003873           0.00010662          -0.00003876
    -0.00003869          -0.00003876           0.00010655
 #*EXTRAS*# Step:           7  Bead:     42  
     0.00010788          -0.00003989          -0.00003989
    -0.00003989           0.00010788          -0.00003989
    -0.00003989          -0.00003989           0.00010790
 #*EXTRAS*# Step:           8  Bead:     42  
     0.00010864          -0.00004053          -0.00004056
    -0.00004053           0.00010866          -0.00004054
    -0.00004056          -0.00004054           0.00010870
 #*EXTRAS*# Step:           9  Bead:     42  
     0.00010913          -0.00004091          -0.00004096
    -0.00004091           0.00010915          -0.00004094
    -0.00004096          -0.00004094           0.00010920
 #*EXTRAS*# Step:          10  Bead:     42  
     0.00010944          -0.00004115          -0.00004121
    -0.00004115           0.00010946          -0.00004118
    -0.00004121          -0.00004118           0.00010951
 #*EXTRAS*# Step:          11  Bead:     42  
     0.00010963          -0.00004129          -0.00004136
    -0.00004129           0.00010966          -0.00004133
    -0.00004136          -0.00004133           0.00010971
 #*EXTRAS*# Step:          12  Bead:     42  
     0.00010976          -0.00004139          -0.00004145
    -0.00004139           0.00010979          -0.00004143
    -0.00004145          -0.00004143           0.00010984
 #*EXTRAS*# Step:          13  Bead:     42  
     0.00010984          -0.00004145          -0.00004152
    -0.00004145           0.00010987          -0.00004149
    -0.00004152          -0.00004149           0.00010992
 #*EXTRAS*# Step:          14  Bead:     42  
     0.00010990          -0.00004148          -0.00004155
    -0.00004148           0.00010992          -0.00004153
    -0.00004155          -0.00004153           0.00010997
 #*EXTRAS*# Step:          15  Bead:     42  
     0.00010993          -0.00004151          -0.00004158
    -0.00004151           0.00010995          -0.00004155
    -0.00004158          -0.00004155           0.00011001
 #*EXTRAS*# Step:          16  Bead:     42  
     0.00010995          -0.00004152          -0.00004159
    -0.00004152           0.00010998          -0.00004157
    -0.00004159          -0.00004157           0.00011003
