 #*EXTRAS*# Step:           0  Bead:     25  
     0.00012045          -0.00004404          -0.00004402
    -0.00004404           0.00012038          -0.00004393
    -0.00004402          -0.00004393           0.00012041
 #*EXTRAS*# Step:           1  Bead:     25  
     0.00012154          -0.00004362          -0.00004359
    -0.00004362           0.00012156          -0.00004362
    -0.00004359          -0.00004362           0.00012145
 #*EXTRAS*# Step:           2  Bead:     25  
     0.00012300          -0.00004288          -0.00004263
    -0.00004288           0.00012307          -0.00004296
    -0.00004263          -0.00004296           0.00012283
 #*EXTRAS*# Step:           3  Bead:     25  
     0.00012602          -0.00004035          -0.00003979
    -0.00004035           0.00012610          -0.00004044
    -0.00003979          -0.00004044           0.00012570
 #*EXTRAS*# Step:           4  Bead:     25  
     0.00013017          -0.00003488          -0.00003469
    -0.00003488           0.00013037          -0.00003489
    -0.00003469          -0.00003489           0.00012985
 #*EXTRAS*# Step:           5  Bead:     25  
     0.00013224          -0.00003060          -0.00003056
    -0.00003060           0.00013249          -0.00003055
    -0.00003056          -0.00003055           0.00013206
 #*EXTRAS*# Step:           6  Bead:     25  
     0.00013322          -0.00002766          -0.00002757
    -0.00002766           0.00013346          -0.00002758
    -0.00002757          -0.00002758           0.00013316
 #*EXTRAS*# Step:           7  Bead:     25  
     0.00013361          -0.00002619          -0.00002606
    -0.00002619           0.00013384          -0.00002610
    -0.00002606          -0.00002610           0.00013363
 #*EXTRAS*# Step:           8  Bead:     25  
     0.00013386          -0.00002519          -0.00002502
    -0.00002519           0.00013408          -0.00002509
    -0.00002502          -0.00002509           0.00013393
 #*EXTRAS*# Step:           9  Bead:     25  
     0.00013400          -0.00002458          -0.00002438
    -0.00002458           0.00013421          -0.00002447
    -0.00002438          -0.00002447           0.00013410
 #*EXTRAS*# Step:          10  Bead:     25  
     0.00013409          -0.00002418          -0.00002397
    -0.00002418           0.00013430          -0.00002407
    -0.00002397          -0.00002407           0.00013421
 #*EXTRAS*# Step:          11  Bead:     25  
     0.00013414          -0.00002392          -0.00002370
    -0.00002392           0.00013435          -0.00002381
    -0.00002370          -0.00002381           0.00013428
 #*EXTRAS*# Step:          12  Bead:     25  
     0.00013418          -0.00002376          -0.00002353
    -0.00002376           0.00013438          -0.00002364
    -0.00002353          -0.00002364           0.00013432
 #*EXTRAS*# Step:          13  Bead:     25  
     0.00013420          -0.00002365          -0.00002342
    -0.00002365           0.00013441          -0.00002354
    -0.00002342          -0.00002354           0.00013435
 #*EXTRAS*# Step:          14  Bead:     25  
     0.00013422          -0.00002358          -0.00002335
    -0.00002358           0.00013442          -0.00002347
    -0.00002335          -0.00002347           0.00013436
 #*EXTRAS*# Step:          15  Bead:     25  
     0.00013423          -0.00002354          -0.00002331
    -0.00002354           0.00013443          -0.00002343
    -0.00002331          -0.00002343           0.00013438
 #*EXTRAS*# Step:          16  Bead:     25  
     0.00013423          -0.00002351          -0.00002328
    -0.00002351           0.00013443          -0.00002340
    -0.00002328          -0.00002340           0.00013438
