 #*EXTRAS*# Step:           0  Bead:      3  
{"friction": [[0.00013171780647812666, -3.186828910318049e-05, -3.181299933918628e-05], [-3.186828910318049e-05, 0.0001319594795236481, -3.184031805657655e-05], [-3.181299933918628e-05, -3.184031805657655e-05, 0.00013148559226403892]]}
 #*EXTRAS*# Step:           1  Bead:      3  
{"friction": [[0.0001341073054254621, -2.4091918826671486e-05, -2.38799248192029e-05], [-2.4091918826671486e-05, 0.0001343156734060211, -2.3981518631629152e-05], [-2.38799248192029e-05, -2.3981518631629152e-05, 0.00013422944390107609]]}
 #*EXTRAS*# Step:           2  Bead:      3  
{"friction": [[0.0001356459621644533, -1.5808944485075542e-05, -1.5317410469091326e-05], [-1.5808944485075542e-05, 0.0001357502254732159, -1.5669822806364226e-05], [-1.5317410469091326e-05, -1.5669822806364226e-05, 0.00013613882449957463]]}
 #*EXTRAS*# Step:           3  Bead:      3  
{"friction": [[0.00013704858835151458, -8.09982393646933e-06, -7.6270948629997415e-06], [-8.09982393646933e-06, 0.00013708088341545045, -7.991487566659908e-06], [-7.6270948629997415e-06, -7.991487566659908e-06, 0.00013776705416370654]]}
 #*EXTRAS*# Step:           4  Bead:      3  
{"friction": [[0.00013761635512817485, -5.370331120688832e-06, -4.998274065256625e-06], [-5.370331120688832e-06, 0.00013763623069557024, -5.2857260077085855e-06], [-4.998274065256625e-06, -5.2857260077085855e-06, 0.00013837882178726406]]}
 #*EXTRAS*# Step:           5  Bead:      3  
{"friction": [[0.00013764050036780585, -5.259428966355928e-06, -4.892597873339387e-06], [-5.259428966355928e-06, 0.0001376600415548423, -5.1759255393440015e-06], [-4.892597873339387e-06, -5.1759255393440015e-06, 0.00013840433318992323]]}
 #*EXTRAS*# Step:           6  Bead:      3  
{"friction": [[0.00013777951704774323, -4.62873034737059e-06, -4.293336437723489e-06], [-4.62873034737059e-06, 0.0001377974184018706, -4.5516939579244145e-06], [-4.293336437723489e-06, -4.5516939579244145e-06, 0.0001385504856729999]]}
 #*EXTRAS*# Step:           7  Bead:      3  
{"friction": [[0.00013782448357032125, -4.427530952936149e-06, -4.102782981314627e-06], [-4.427530952936149e-06, 0.00013784195626635742, -4.3526295890126455e-06], [-4.102782981314627e-06, -4.3526295890126455e-06, 0.00013859750126340328]]}
 #*EXTRAS*# Step:           8  Bead:      3  
{"friction": [[0.00013786402545591187, -4.251717218417898e-06, -3.936517440200816e-06], [-4.251717218417898e-06, 0.00013788116131019357, -4.178709905316281e-06], [-3.936517440200816e-06, -4.178709905316281e-06, 0.00013863874341182728]]}
 #*EXTRAS*# Step:           9  Bead:      3  
{"friction": [[0.00013788622745084406, -4.153453999202411e-06, -3.8436906893443965e-06], [-4.153453999202411e-06, 0.00013790319043292305, -4.0815168034275855e-06], [-3.8436906893443965e-06, -4.0815168034275855e-06, 0.0001386618589704395]]}
 #*EXTRAS*# Step:          10  Bead:      3  
{"friction": [[0.00013790118732845096, -4.087425899284604e-06, -3.7813559390482727e-06], [-4.087425899284604e-06, 0.00013791804036488933, -4.016212405956493e-06], [-3.7813559390482727e-06, -4.016212405956493e-06, 0.00013867741791452715]]}
 #*EXTRAS*# Step:          11  Bead:      3  
{"friction": [[0.0001379105500990275, -4.0461760643877775e-06, -3.7424299123029473e-06], [-4.0461760643877775e-06, 0.00013792733698882805, -3.9754165805040554e-06], [-3.7424299123029473e-06, -3.9754165805040554e-06, 0.00013868714889881485]]}
 #*EXTRAS*# Step:          12  Bead:      3  
{"friction": [[0.0001379165975998007, -4.019562791819492e-06, -3.7173226174559855e-06], [-4.019562791819492e-06, 0.000137933342851277, -3.949096993389073e-06], [-3.7173226174559855e-06, -3.949096993389073e-06, 0.00013869343149434978]]}
 #*EXTRAS*# Step:          13  Bead:      3  
{"friction": [[0.00013792045169693705, -4.002614463428573e-06, -3.7013360999725105e-06], [-4.002614463428573e-06, 0.00013793717085604587, -3.932336009932304e-06], [-3.7013360999725105e-06, -3.932336009932304e-06, 0.00013869743430006243]]}
 #*EXTRAS*# Step:          14  Bead:      3  
{"friction": [[0.0001379229219598502, -3.991756602187793e-06, -3.69109554200351e-06], [-3.991756602187793e-06, 0.00013793962457667224, -3.921598299087858e-06], [-3.69109554200351e-06, -3.921598299087858e-06, 0.0001386999994198825]]}
 #*EXTRAS*# Step:          15  Bead:      3  
{"friction": [[0.00013792450110888487, -3.984817644788738e-06, -3.684551545761487e-06], [-3.984817644788738e-06, 0.00013794119322504053, -3.914736179147696e-06], [-3.684551545761487e-06, -3.914736179147696e-06, 0.00013870163902059615]]}
 #*EXTRAS*# Step:          16  Bead:      3  
{"friction": [[0.0001379255116481648, -3.980378072060427e-06, -3.680364858862378e-06], [-3.980378072060427e-06, 0.00013794219707502083, -3.910345788880799e-06], [-3.680364858862378e-06, -3.910345788880799e-06, 0.0001387026881680756]]}
