 #*EXTRAS*# Step:           0  Bead:     63  
     0.00010230          -0.00003314          -0.00003313
    -0.00003314           0.00010224          -0.00003332
    -0.00003313          -0.00003332           0.00010188
 #*EXTRAS*# Step:           1  Bead:     63  
     0.00010018          -0.00002905          -0.00002908
    -0.00002905           0.00010007          -0.00002902
    -0.00002908          -0.00002902           0.00010008
 #*EXTRAS*# Step:           2  Bead:     63  
     0.00009807          -0.00002473          -0.00002452
    -0.00002473           0.00009825          -0.00002443
    -0.00002452          -0.00002443           0.00009878
 #*EXTRAS*# Step:           3  Bead:     63  
     0.00009719          -0.00001975          -0.00001947
    -0.00001975           0.00009753          -0.00001946
    -0.00001947          -0.00001946           0.00009805
 #*EXTRAS*# Step:           4  Bead:     63  
     0.00009728          -0.00001850          -0.00001827
    -0.00001850           0.00009759          -0.00001828
    -0.00001827          -0.00001828           0.00009800
 #*EXTRAS*# Step:           5  Bead:     63  
     0.00009720          -0.00002105          -0.00002074
    -0.00002105           0.00009755          -0.00002072
    -0.00002074          -0.00002072           0.00009816
 #*EXTRAS*# Step:           6  Bead:     63  
     0.00009735          -0.00002227          -0.00002196
    -0.00002227           0.00009767          -0.00002192
    -0.00002196          -0.00002192           0.00009831
 #*EXTRAS*# Step:           7  Bead:     63  
     0.00009757          -0.00002322          -0.00002294
    -0.00002322           0.00009785          -0.00002288
    -0.00002294          -0.00002288           0.00009847
 #*EXTRAS*# Step:           8  Bead:     63  
     0.00009772          -0.00002374          -0.00002348
    -0.00002374           0.00009797          -0.00002341
    -0.00002348          -0.00002341           0.00009857
 #*EXTRAS*# Step:           9  Bead:     63  
     0.00009784          -0.00002409          -0.00002385
    -0.00002409           0.00009806          -0.00002377
    -0.00002385          -0.00002377           0.00009864
 #*EXTRAS*# Step:          10  Bead:     63  
     0.00009791          -0.00002431          -0.00002407
    -0.00002431           0.00009812          -0.00002399
    -0.00002407          -0.00002399           0.00009868
 #*EXTRAS*# Step:          11  Bead:     63  
     0.00009797          -0.00002445          -0.00002422
    -0.00002445           0.00009816          -0.00002413
    -0.00002422          -0.00002413           0.00009872
 #*EXTRAS*# Step:          12  Bead:     63  
     0.00009800          -0.00002453          -0.00002431
    -0.00002453           0.00009819          -0.00002423
    -0.00002431          -0.00002423           0.00009874
 #*EXTRAS*# Step:          13  Bead:     63  
     0.00009802          -0.00002459          -0.00002437
    -0.00002459           0.00009821          -0.00002429
    -0.00002437          -0.00002429           0.00009875
 #*EXTRAS*# Step:          14  Bead:     63  
     0.00009804          -0.00002463          -0.00002441
    -0.00002463           0.00009822          -0.00002432
    -0.00002441          -0.00002432           0.00009876
 #*EXTRAS*# Step:          15  Bead:     63  
     0.00009804          -0.00002465          -0.00002444
    -0.00002465           0.00009822          -0.00002435
    -0.00002444          -0.00002435           0.00009876
 #*EXTRAS*# Step:          16  Bead:     63  
     0.00009805          -0.00002467          -0.00002445
    -0.00002467           0.00009823          -0.00002436
    -0.00002445          -0.00002436           0.00009877
