 #*EXTRAS*# Step:           0  Bead:     43  
     0.00010715          -0.00003923          -0.00003921
    -0.00003923           0.00010715          -0.00003925
    -0.00003921          -0.00003925           0.00010712
 #*EXTRAS*# Step:           1  Bead:     43  
     0.00010454          -0.00003644          -0.00003637
    -0.00003644           0.00010454          -0.00003658
    -0.00003637          -0.00003658           0.00010425
 #*EXTRAS*# Step:           2  Bead:     43  
     0.00010253          -0.00003353          -0.00003350
    -0.00003353           0.00010248          -0.00003372
    -0.00003350          -0.00003372           0.00010210
 #*EXTRAS*# Step:           3  Bead:     43  
     0.00010129          -0.00003125          -0.00003127
    -0.00003125           0.00010117          -0.00003135
    -0.00003127          -0.00003135           0.00010094
 #*EXTRAS*# Step:           4  Bead:     43  
     0.00010188          -0.00003237          -0.00003238
    -0.00003237           0.00010179          -0.00003253
    -0.00003238          -0.00003253           0.00010147
 #*EXTRAS*# Step:           5  Bead:     43  
     0.00010377          -0.00003543          -0.00003536
    -0.00003543           0.00010376          -0.00003560
    -0.00003536          -0.00003560           0.00010340
 #*EXTRAS*# Step:           6  Bead:     43  
     0.00010537          -0.00003741          -0.00003735
    -0.00003741           0.00010537          -0.00003751
    -0.00003735          -0.00003751           0.00010516
 #*EXTRAS*# Step:           7  Bead:     43  
     0.00010654          -0.00003865          -0.00003861
    -0.00003865           0.00010654          -0.00003868
    -0.00003861          -0.00003868           0.00010646
 #*EXTRAS*# Step:           8  Bead:     43  
     0.00010727          -0.00003935          -0.00003933
    -0.00003935           0.00010727          -0.00003936
    -0.00003933          -0.00003936           0.00010725
 #*EXTRAS*# Step:           9  Bead:     43  
     0.00010774          -0.00003977          -0.00003976
    -0.00003977           0.00010774          -0.00003977
    -0.00003976          -0.00003977           0.00010775
 #*EXTRAS*# Step:          10  Bead:     43  
     0.00010803          -0.00004002          -0.00004003
    -0.00004002           0.00010803          -0.00004003
    -0.00004003          -0.00004003           0.00010806
 #*EXTRAS*# Step:          11  Bead:     43  
     0.00010822          -0.00004018          -0.00004020
    -0.00004018           0.00010823          -0.00004019
    -0.00004020          -0.00004019           0.00010826
 #*EXTRAS*# Step:          12  Bead:     43  
     0.00010834          -0.00004029          -0.00004031
    -0.00004029           0.00010835          -0.00004029
    -0.00004031          -0.00004029           0.00010839
 #*EXTRAS*# Step:          13  Bead:     43  
     0.00010842          -0.00004035          -0.00004037
    -0.00004035           0.00010843          -0.00004036
    -0.00004037          -0.00004036           0.00010847
 #*EXTRAS*# Step:          14  Bead:     43  
     0.00010847          -0.00004039          -0.00004042
    -0.00004039           0.00010848          -0.00004040
    -0.00004042          -0.00004040           0.00010852
 #*EXTRAS*# Step:          15  Bead:     43  
     0.00010850          -0.00004042          -0.00004044
    -0.00004042           0.00010851          -0.00004043
    -0.00004044          -0.00004043           0.00010855
 #*EXTRAS*# Step:          16  Bead:     43  
     0.00010853          -0.00004043          -0.00004046
    -0.00004043           0.00010853          -0.00004044
    -0.00004046          -0.00004044           0.00010857
