 #*EXTRAS*# Step:           0  Bead:      9  
{"friction": [[0.00013030641560764987, -3.4637552590400345e-05, -3.4466313676195334e-05], [-3.4637552590400345e-05, 0.0001305119734329694, -3.464872341487375e-05], [-3.4466313676195334e-05, -3.464872341487375e-05, 0.00012999345633835313]]}
 #*EXTRAS*# Step:           1  Bead:      9  
{"friction": [[0.00013324760201863632, -2.7547287952704127e-05, -2.745713276857384e-05], [-2.7547287952704127e-05, 0.00013348736991993047, -2.746750510471413e-05], [-2.745713276857384e-05, -2.746750510471413e-05, 0.00013320113079484775]]}
 #*EXTRAS*# Step:           2  Bead:      9  
{"friction": [[0.00013499269979524978, -1.9564249321977466e-05, -1.9177145684223304e-05], [-1.9564249321977466e-05, 0.00013514458282816628, -1.9430158287639176e-05], [-1.9177145684223304e-05, -1.9430158287639176e-05, 0.00013532929865753293]]}
 #*EXTRAS*# Step:           3  Bead:      9  
{"friction": [[0.00013643556922191414, -1.1318473549900948e-05, -1.0793214024115789e-05], [-1.1318473549900948e-05, 0.00013649207305291473, -1.1190668064869072e-05], [-1.0793214024115789e-05, -1.1190668064869072e-05, 0.00013707723845023654]]}
 #*EXTRAS*# Step:           4  Bead:      9  
{"friction": [[0.00013710797974783413, -7.803064949085999e-06, -7.338718206841832e-06], [-7.803064949085999e-06, 0.00013713854553500042, -7.696991079250247e-06], [-7.338718206841832e-06, -7.696991079250247e-06, 0.00013783218606710094]]}
 #*EXTRAS*# Step:           5  Bead:      9  
{"friction": [[0.00013719430807212504, -7.376475963856894e-06, -6.9252599735936125e-06], [-7.376475963856894e-06, 0.00013722254603283846, -7.273791055060373e-06], [-6.9252599735936125e-06, -7.273791055060373e-06, 0.00013792636103232087]]}
 #*EXTRAS*# Step:           6  Bead:      9  
{"friction": [[0.0001373756810911033, -6.498408353307459e-06, -6.078277981379461e-06], [-6.498408353307459e-06, 0.00013739972634884792, -6.403203793821034e-06], [-6.078277981379461e-06, -6.403203793821034e-06, 0.00013812236940336864]]}
 #*EXTRAS*# Step:           7  Bead:      9  
{"friction": [[0.0001374425697215263, -6.180708461795537e-06, -5.7731849416039865e-06], [-6.180708461795537e-06, 0.00013746530043454676, -6.088376919382487e-06], [-5.7731849416039865e-06, -6.088376919382487e-06, 0.00013819404726394068]]}
 #*EXTRAS*# Step:           8  Bead:      9  
{"friction": [[0.00013749743669160108, -5.922529563874119e-06, -5.525787632280334e-06], [-5.922529563874119e-06, 0.00013751917966241053, -5.832597634657298e-06], [-5.525787632280334e-06, -5.832597634657298e-06, 0.00013825260701981403]]}
 #*EXTRAS*# Step:           9  Bead:      9  
{"friction": [[0.00013752913076356418, -5.774376822291396e-06, -5.384039911486536e-06], [-5.774376822291396e-06, 0.0001375503397824534, -5.685848078008783e-06], [-5.384039911486536e-06, -5.685848078008783e-06, 0.00013828633929371977]]}
 #*EXTRAS*# Step:          10  Bead:      9  
{"friction": [[0.00013755026866604022, -5.675966643942407e-06, -5.289972417306982e-06], [-5.675966643942407e-06, 0.00013757113631801473, -5.588380504064165e-06], [-5.289972417306982e-06, -5.588380504064165e-06, 0.00013830879842034076]]}
 #*EXTRAS*# Step:          11  Bead:      9  
{"friction": [[0.00013756356749858068, -5.61421478950384e-06, -5.230981566374915e-06], [-5.61421478950384e-06, 0.00013758422638647817, -5.527224421170974e-06], [-5.230981566374915e-06, -5.527224421170974e-06, 0.00013832291299268937]]}
 #*EXTRAS*# Step:          12  Bead:      9  
{"friction": [[0.0001375721463121495, -5.574446305635254e-06, -5.193005889289942e-06], [-5.574446305635254e-06, 0.00013759267298077914, -5.4878413679954094e-06], [-5.193005889289942e-06, -5.4878413679954094e-06, 0.00013833201170509828]]}
 #*EXTRAS*# Step:          13  Bead:      9  
{"friction": [[0.00013757762000089017, -5.5490992991426455e-06, -5.1688075700327595e-06], [-5.5490992991426455e-06, 0.00013759806330873966, -5.462740736743647e-06], [-5.1688075700327595e-06, -5.462740736743647e-06, 0.00013833781453331202]]}
 #*EXTRAS*# Step:          14  Bead:      9  
{"friction": [[0.00013758112803702956, -5.532865753261733e-06, -5.153312164969049e-06], [-5.532865753261733e-06, 0.00013760151832916973, -5.44666527497735e-06], [-5.153312164969049e-06, -5.44666527497735e-06, 0.00013834153245717722]]}
 #*EXTRAS*# Step:          15  Bead:      9  
{"friction": [[0.00013758337129876158, -5.52248953757241e-06, -5.143408763920244e-06], [-5.52248953757241e-06, 0.00013760372785673723, -5.436390223703002e-06], [-5.143408763920244e-06, -5.436390223703002e-06, 0.00013834390950324366]]}
 #*EXTRAS*# Step:          16  Bead:      9  
{"friction": [[0.0001375848068830465, -5.515851097540263e-06, -5.137073230801556e-06], [-5.515851097540263e-06, 0.00013760514192120597, -5.4298165550417216e-06], [-5.137073230801556e-06, -5.4298165550417216e-06, 0.0001383454305269793]]}
