 #*EXTRAS*# Step:           0  Bead:     55  
{"friction": [[0.0001030336955245592, -3.435497053307799e-05, -3.430893758166685e-05], [-3.435497053307799e-05, 0.00010300555227581691, -3.4547622358950575e-05], [-3.430893758166685e-05, -3.4547622358950575e-05, 0.00010262224478354004]]}
 #*EXTRAS*# Step:           1  Bead:     55  
{"friction": [[0.00010084323851698672, -3.0369088844643668e-05, -3.0403037269591273e-05], [-3.0369088844643668e-05, 0.00010071741954785476, -3.0421014530895674e-05], [-3.0403037269591273e-05, -3.0421014530895674e-05, 0.00010057535095624512]]}
 #*EXTRAS*# Step:           2  Bead:     55  
{"friction": [[9.872861954109439e-05, -2.620392956771059e-05, -2.6086616622463943e-05], [-2.620392956771059e-05, 9.878339862040572e-05, -2.5979288915981047e-05], [-2.6086616622463943e-05, -2.5979288915981047e-05, 9.916208422109301e-05]]}
 #*EXTRAS*# Step:           3  Bead:     55  
{"friction": [[9.727256038123935e-05, -2.176454047024342e-05, -2.144981033296398e-05], [-2.176454047024342e-05, 9.7609738580856e-05, -2.141831872937291e-05], [-2.144981033296398e-05, -2.141831872937291e-05, 9.824357424802705e-05]]}
 #*EXTRAS*# Step:           4  Bead:     55  
{"friction": [[9.719944207474689e-05, -2.0990124963094387e-05, -2.067892925219908e-05], [-2.0990124963094387e-05, 9.75486946250711e-05, -2.0659860191048528e-05], [-2.067892925219908e-05, -2.0659860191048528e-05, 9.815452394978559e-05]]}
 #*EXTRAS*# Step:           5  Bead:     55  
{"friction": [[9.767165463135103e-05, -2.3580525836210872e-05, -2.3310836462196283e-05], [-2.3580525836210872e-05, 9.792674090528685e-05, -2.3243192121646128e-05], [-2.3310836462196283e-05, -2.3243192121646128e-05, 9.85348279938594e-05]]}
 #*EXTRAS*# Step:           6  Bead:     55  
{"friction": [[9.816041453990958e-05, -2.494050461095045e-05, -2.474241525327793e-05], [-2.494050461095045e-05, 9.831752737060797e-05, -2.4649040101068896e-05], [-2.474241525327793e-05, -2.4649040101068896e-05, 9.883021070134415e-05]]}
 #*EXTRAS*# Step:           7  Bead:     55  
{"friction": [[9.861233182845656e-05, -2.5960412067907193e-05, -2.58272218024581e-05], [-2.5960412067907193e-05, 9.868683484524019e-05, -2.572141525955759e-05], [-2.58272218024581e-05, -2.572141525955759e-05, 9.90940135238982e-05]]}
 #*EXTRAS*# Step:           8  Bead:     55  
{"friction": [[9.889153371173634e-05, -2.6536484450618504e-05, -2.644064202299371e-05], [-2.6536484450618504e-05, 9.89198757448243e-05, -2.6332374831793928e-05], [-2.644064202299371e-05, -2.6332374831793928e-05, 9.925805097775005e-05]]}
 #*EXTRAS*# Step:           9  Bead:     55  
{"friction": [[9.908202991662435e-05, -2.6915651277525225e-05, -2.684358375312845e-05], [-2.6915651277525225e-05, 9.908138004180094e-05, -2.6736054835089458e-05], [-2.684358375312845e-05, -2.6736054835089458e-05, 9.937153979536133e-05]]}
 #*EXTRAS*# Step:          10  Bead:     55  
{"friction": [[9.920326821346101e-05, -2.715301550097698e-05, -2.709522288511609e-05], [-2.715301550097698e-05, 9.918534195466327e-05, -2.698924997929247e-05], [-2.709522288511609e-05, -2.698924997929247e-05, 9.944469392068833e-05]]}
 #*EXTRAS*# Step:          11  Bead:     55  
{"friction": [[9.928207092943393e-05, -2.7306109484565944e-05, -2.7257198420527072e-05], [-2.7306109484565944e-05, 9.925344280585467e-05, -2.7152713399492733e-05], [-2.7257198420527072e-05, -2.7152713399492733e-05, 9.949270174441089e-05]]}
 #*EXTRAS*# Step:          12  Bead:     55  
{"friction": [[9.933250359838599e-05, -2.740371052926841e-05, -2.7360308205932366e-05], [-2.740371052926841e-05, 9.929725549394364e-05, -2.7256979713061154e-05], [-2.7360308205932366e-05, -2.7256979713061154e-05, 9.952363571003751e-05]]}
 #*EXTRAS*# Step:          13  Bead:     55  
{"friction": [[9.936489120277991e-05, -2.7466263775532264e-05, -2.7426323845516763e-05], [-2.7466263775532264e-05, 9.932548917846205e-05, -2.7323824281930674e-05], [-2.7426323845516763e-05, -2.7323824281930674e-05, 9.954359303700285e-05]]}
 #*EXTRAS*# Step:          14  Bead:     55  
{"friction": [[9.938562156934706e-05, -2.750625837114144e-05, -2.746850285644841e-05], [-2.750625837114144e-05, 9.93436015864439e-05, -2.7366569854952853e-05], [-2.746850285644841e-05, -2.7366569854952853e-05, 9.95564062442568e-05]]}
 #*EXTRAS*# Step:          15  Bead:     55  
{"friction": [[9.939889605917562e-05, -2.7531852517328048e-05, -2.7495482521910943e-05], [-2.7531852517328048e-05, 9.935521666883056e-05, -2.7393927228830775e-05], [-2.7495482521910943e-05, -2.7393927228830775e-05, 9.956462747629897e-05]]}
 #*EXTRAS*# Step:          16  Bead:     55  
{"friction": [[9.940738970819511e-05, -2.754822283368826e-05, -2.7512733871010748e-05], [-2.754822283368826e-05, 9.936265556631575e-05, -2.7411426407049646e-05], [-2.7512733871010748e-05, -2.7411426407049646e-05, 9.956989463941387e-05]]}
