 #*EXTRAS*# Step:           0  Bead:     13  
{"friction": [[0.00012845706441002837, -3.745063354531244e-05, -3.70741901275435e-05], [-3.745063354531244e-05, 0.00012859965202404274, -3.75034377235823e-05], [-3.70741901275435e-05, -3.75034377235823e-05, 0.00012810552361980438]]}
 #*EXTRAS*# Step:           1  Bead:     13  
{"friction": [[0.00013188953554751334, -3.146913611374767e-05, -3.142033235991329e-05], [-3.146913611374767e-05, 0.00013213370780751463, -3.143583961717038e-05], [-3.142033235991329e-05, -3.143583961717038e-05, 0.00013167201947931348]]}
 #*EXTRAS*# Step:           2  Bead:     13  
{"friction": [[0.0001340795657752404, -2.4218078198327182e-05, -2.4011082989593534e-05], [-2.4218078198327182e-05, 0.00013428934256581586, -2.4108609757907764e-05], [-2.4011082989593534e-05, -2.4108609757907764e-05, 0.00013419551247792358]]}
 #*EXTRAS*# Step:           3  Bead:     13  
{"friction": [[0.0001356592199261579, -1.573180698268421e-05, -1.5238766453980848e-05], [-1.573180698268421e-05, 0.0001357625567552464, -1.559272118263123e-05], [-1.5238766453980848e-05, -1.559272118263123e-05, 0.00013615501362565133]]}
 #*EXTRAS*# Step:           4  Bead:     13  
{"friction": [[0.00013645308234984263, -1.122270694403571e-05, -1.0698028670620889e-05], [-1.122270694403571e-05, 0.00013650873044093156, -1.1095345408784575e-05], [-1.0698028670620889e-05, -1.1095345408784575e-05, 0.00013709741208239604]]}
 #*EXTRAS*# Step:           5  Bead:     13  
{"friction": [[0.00013662706755689782, -1.028306384127028e-05, -9.767208648942414e-06], [-1.028306384127028e-05, 0.0001366747405989479, -1.0160501163250383e-05], [-9.767208648942414e-06, -1.0160501163250383e-05, 0.0001372962996357886]]}
 #*EXTRAS*# Step:           6  Bead:     13  
{"friction": [[0.0001368567022838553, -9.076980285850606e-06, -8.580956510835619e-06], [-9.076980285850606e-06, 0.00013689531367872985, -8.961748134081892e-06], [-8.580956510835619e-06, -8.961748134081892e-06, 0.0001375546451248301]]}
 #*EXTRAS*# Step:           7  Bead:     13  
{"friction": [[0.0001369500264237354, -8.598231275519284e-06, -8.112800249274347e-06], [-8.598231275519284e-06, 0.00013698542531958286, -8.486271182738479e-06], [-8.112800249274347e-06, -8.486271182738479e-06, 0.00013765833367313773]]}
 #*EXTRAS*# Step:           8  Bead:     13  
{"friction": [[0.00013702295620845897, -8.228727963830209e-06, -7.752548903146429e-06], [-8.228727963830209e-06, 0.00013705603019133444, -8.119433185803642e-06], [-7.752548903146429e-06, -8.119433185803642e-06, 0.0001377388567337728]]}
 #*EXTRAS*# Step:           9  Bead:     13  
{"friction": [[0.0001370660162885877, -8.012464458304396e-06, -7.542139159816209e-06], [-8.012464458304396e-06, 0.00013709779300478467, -7.904786003904244e-06], [-7.542139159816209e-06, -7.904786003904244e-06, 0.00013778619593550408]]}
 #*EXTRAS*# Step:          10  Bead:     13  
{"friction": [[0.00013709454949440767, -7.86993703602206e-06, -7.403647732388023e-06], [-7.86993703602206e-06, 0.00013712549714028425, -7.763346513758998e-06], [-7.403647732388023e-06, -7.763346513758998e-06, 0.00013781748238326873]]}
 #*EXTRAS*# Step:          11  Bead:     13  
{"friction": [[0.00013711257892421396, -7.7801961148641e-06, -7.316520869611668e-06], [-7.7801961148641e-06, 0.00013714301517220765, -7.674299838413195e-06], [-7.316520869611668e-06, -7.674299838413195e-06, 0.00013783721803627507]]}
 #*EXTRAS*# Step:          12  Bead:     13  
{"friction": [[0.00013712420284097142, -7.722469081966275e-06, -7.260505173686606e-06], [-7.722469081966275e-06, 0.00013715431447906866, -7.6170231588403715e-06], [-7.260505173686606e-06, -7.6170231588403715e-06, 0.00013784992832706103]]}
 #*EXTRAS*# Step:          13  Bead:     13  
{"friction": [[0.0001371316275376846, -7.68564989148603e-06, -7.224789706086899e-06], [-7.68564989148603e-06, 0.00013716153391927921, -7.58049275161821e-06], [-7.224789706086899e-06, -7.58049275161821e-06, 0.00013785804135542183]]}
 #*EXTRAS*# Step:          14  Bead:     13  
{"friction": [[0.0001371363864157451, -7.662072478711794e-06, -7.2019240667047715e-06], [-7.662072478711794e-06, 0.0001371661620911798, -7.557100893240508e-06], [-7.2019240667047715e-06, -7.557100893240508e-06, 0.00013786323913892487]]}
 #*EXTRAS*# Step:          15  Bead:     13  
{"friction": [[0.00013713943055079818, -7.646999583043214e-06, -7.187308248875878e-06], [-7.646999583043214e-06, 0.000137169122966028, -7.54214687909083e-06], [-7.187308248875878e-06, -7.54214687909083e-06, 0.0001378665630972903]]}
 #*EXTRAS*# Step:          16  Bead:     13  
{"friction": [[0.00013714137884570307, -7.637356367797478e-06, -7.177958296321102e-06], [-7.637356367797478e-06, 0.00013717101811597964, -7.5325798263279965e-06], [-7.177958296321102e-06, -7.5325798263279965e-06, 0.0001378686901017286]]}
