 #*EXTRAS*# Step:           0  Bead:     60  
     0.00010243          -0.00003337          -0.00003335
    -0.00003337           0.00010238          -0.00003355
    -0.00003335          -0.00003355           0.00010201
 #*EXTRAS*# Step:           1  Bead:     60  
     0.00010031          -0.00002930          -0.00002932
    -0.00002930           0.00010019          -0.00002928
    -0.00002932          -0.00002928           0.00010017
 #*EXTRAS*# Step:           2  Bead:     60  
     0.00009818          -0.00002499          -0.00002480
    -0.00002499           0.00009834          -0.00002470
    -0.00002480          -0.00002470           0.00009884
 #*EXTRAS*# Step:           3  Bead:     60  
     0.00009718          -0.00002010          -0.00001981
    -0.00002010           0.00009753          -0.00001980
    -0.00001981          -0.00001980           0.00009808
 #*EXTRAS*# Step:           4  Bead:     60  
     0.00009724          -0.00001892          -0.00001867
    -0.00001892           0.00009756          -0.00001867
    -0.00001867          -0.00001867           0.00009801
 #*EXTRAS*# Step:           5  Bead:     60  
     0.00009724          -0.00002148          -0.00002117
    -0.00002148           0.00009758          -0.00002114
    -0.00002117          -0.00002114           0.00009821
 #*EXTRAS*# Step:           6  Bead:     60  
     0.00009745          -0.00002273          -0.00002243
    -0.00002273           0.00009775          -0.00002238
    -0.00002243          -0.00002238           0.00009838
 #*EXTRAS*# Step:           7  Bead:     60  
     0.00009770          -0.00002369          -0.00002342
    -0.00002369           0.00009795          -0.00002335
    -0.00002342          -0.00002335           0.00009856
 #*EXTRAS*# Step:           8  Bead:     60  
     0.00009788          -0.00002422          -0.00002398
    -0.00002422           0.00009809          -0.00002390
    -0.00002398          -0.00002390           0.00009866
 #*EXTRAS*# Step:           9  Bead:     60  
     0.00009801          -0.00002457          -0.00002435
    -0.00002457           0.00009820          -0.00002426
    -0.00002435          -0.00002426           0.00009874
 #*EXTRAS*# Step:          10  Bead:     60  
     0.00009810          -0.00002479          -0.00002458
    -0.00002479           0.00009827          -0.00002449
    -0.00002458          -0.00002449           0.00009879
 #*EXTRAS*# Step:          11  Bead:     60  
     0.00009816          -0.00002493          -0.00002473
    -0.00002493           0.00009831          -0.00002464
    -0.00002473          -0.00002464           0.00009883
 #*EXTRAS*# Step:          12  Bead:     60  
     0.00009819          -0.00002502          -0.00002482
    -0.00002502           0.00009834          -0.00002473
    -0.00002482          -0.00002473           0.00009885
 #*EXTRAS*# Step:          13  Bead:     60  
     0.00009822          -0.00002508          -0.00002489
    -0.00002508           0.00009836          -0.00002479
    -0.00002489          -0.00002479           0.00009886
 #*EXTRAS*# Step:          14  Bead:     60  
     0.00009823          -0.00002511          -0.00002492
    -0.00002511           0.00009838          -0.00002483
    -0.00002492          -0.00002483           0.00009887
 #*EXTRAS*# Step:          15  Bead:     60  
     0.00009824          -0.00002514          -0.00002495
    -0.00002514           0.00009838          -0.00002485
    -0.00002495          -0.00002485           0.00009888
 #*EXTRAS*# Step:          16  Bead:     60  
     0.00009825          -0.00002515          -0.00002497
    -0.00002515           0.00009839          -0.00002487
    -0.00002497          -0.00002487           0.00009888
