 #*EXTRAS*# Step:           0  Bead:     36  
{"friction": [[0.00011145322627121049, -4.2518769308164815e-05, -4.2584527045753256e-05], [-4.2518769308164815e-05, 0.00011144842873098494, -4.2564924963892915e-05], [-4.2584527045753256e-05, -4.2564924963892915e-05, 0.00011152215281971272]]}
 #*EXTRAS*# Step:           1  Bead:     36  
{"friction": [[0.00010966559906378145, -4.131735318725655e-05, -4.138252285472593e-05], [-4.131735318725655e-05, 0.00010968947931368976, -4.135435050689565e-05], [-4.138252285472593e-05, -4.135435050689565e-05, 0.00010974068343260462]]}
 #*EXTRAS*# Step:           2  Bead:     36  
{"friction": [[0.00010828689339154656, -4.0237840940055385e-05, -4.0254733125379006e-05], [-4.0237840940055385e-05, 0.00010829190381642513, -4.024227503398736e-05], [-4.0254733125379006e-05, -4.024227503398736e-05, 0.00010832673557097196]]}
 #*EXTRAS*# Step:           3  Bead:     36  
{"friction": [[0.00010803472732303432, -4.0024257852909585e-05, -4.0031359426412444e-05], [-4.0024257852909585e-05, 0.00010803629384306061, -4.0026513221606095e-05], [-4.0031359426412444e-05, -4.0026513221606095e-05, 0.00010806221753441469]]}
 #*EXTRAS*# Step:           4  Bead:     36  
{"friction": [[0.00011032997078026068, -4.178799936757539e-05, -4.186515869311822e-05], [-4.178799936757539e-05, 0.00011035413948864857, -4.183910767221489e-05], [-4.186515869311822e-05, -4.183910767221489e-05, 0.00011040733855906848]]}
 #*EXTRAS*# Step:           5  Bead:     36  
{"friction": [[0.00011368826567761034, -4.374822944955434e-05, -4.364199072506649e-05], [-4.374822944955434e-05, 0.00011347973379239564, -4.3605727684323016e-05], [-4.364199072506649e-05, -4.3605727684323016e-05, 0.00011373017155881563]]}
 #*EXTRAS*# Step:           6  Bead:     36  
{"friction": [[0.00011623555482830233, -4.455823131113455e-05, -4.4269610476642605e-05], [-4.455823131113455e-05, 0.00011581559190113467, -4.417030549148699e-05], [-4.4269610476642605e-05, -4.417030549148699e-05, 0.00011625172257426339]]}
 #*EXTRAS*# Step:           7  Bead:     36  
{"friction": [[0.00011782271837924666, -4.460852121293309e-05, -4.437900630789932e-05], [-4.460852121293309e-05, 0.000117452004036985, -4.4236881368582285e-05], [-4.437900630789932e-05, -4.4236881368582285e-05, 0.00011782481777479668]]}
 #*EXTRAS*# Step:           8  Bead:     36  
{"friction": [[0.00011879298485089414, -4.447690680741198e-05, -4.433725491481219e-05], [-4.447690680741198e-05, 0.00011851920941980702, -4.418338766201658e-05], [-4.433725491481219e-05, -4.418338766201658e-05, 0.00011878408056711673]]}
 #*EXTRAS*# Step:           9  Bead:     36  
{"friction": [[0.00011938572449176385, -4.434786333972444e-05, -4.4264463858600315e-05], [-4.434786333972444e-05, 0.000119182982759469, -4.411630738322281e-05], [-4.4264463858600315e-05, -4.411630738322281e-05, 0.00011936746379674874]]}
 #*EXTRAS*# Step:          10  Bead:     36  
{"friction": [[0.00011975893045365748, -4.424976068093299e-05, -4.419765179432589e-05], [-4.424976068093299e-05, 0.00011960243139869854, -4.40601981029783e-05], [-4.419765179432589e-05, -4.40601981029783e-05, 0.00011973327398987868]]}
 #*EXTRAS*# Step:          11  Bead:     36  
{"friction": [[0.00011999385168303931, -4.418173846084318e-05, -4.414644315080138e-05], [-4.418173846084318e-05, 0.00011986627075315657, -4.401914511224472e-05], [-4.414644315080138e-05, -4.401914511224472e-05, 0.00011996280653739656]]}
 #*EXTRAS*# Step:          12  Bead:     36  
{"friction": [[0.00012014299815472209, -4.413612899446036e-05, -4.41100080608449e-05], [-4.413612899446036e-05, 0.00012003348706705606, -4.39907009240829e-05], [-4.41100080608449e-05, -4.39907009240829e-05, 0.00012010819871109152]]}
 #*EXTRAS*# Step:          13  Bead:     36  
{"friction": [[0.000120237805493007, -4.410617918255955e-05, -4.408519016286835e-05], [-4.410617918255955e-05, 0.00012013960625854008, -4.397163391395846e-05], [-4.408519016286835e-05, -4.397163391395846e-05, 0.00012020047415098786]]}
 #*EXTRAS*# Step:          14  Bead:     36  
{"friction": [[0.00012029823891646707, -4.4086704944933534e-05, -4.406867775462716e-05], [-4.4086704944933534e-05, 0.0001202071639809128, -4.395907285700918e-05], [-4.406867775462716e-05, -4.395907285700918e-05, 0.0001202592316816196]]}
 #*EXTRAS*# Step:          15  Bead:     36  
{"friction": [[0.00012033679683492273, -4.4074125313986054e-05, -4.4057855115324214e-05], [-4.4074125313986054e-05, 0.00012025022814948598, -4.3950891009001604e-05], [-4.4057855115324214e-05, -4.3950891009001604e-05, 0.00012029669432194084]]}
 #*EXTRAS*# Step:          16  Bead:     36  
{"friction": [[0.00012036142226497382, -4.406602849599611e-05, -4.4050824498053083e-05], [-4.406602849599611e-05, 0.0001202777144657621, -4.39455967244352e-05], [-4.4050824498053083e-05, -4.39455967244352e-05, 0.00012032060941895086]]}
