 #*EXTRAS*# Step:           0  Bead:     60  
{"friction": [[0.00010243489413890537, -3.337266793205423e-05, -3.3350583183048474e-05], [-3.337266793205423e-05, 0.00010237819197671717, -3.355483283288116e-05], [-3.3350583183048474e-05, -3.355483283288116e-05, 0.00010201127331709875]]}
 #*EXTRAS*# Step:           1  Bead:     60  
{"friction": [[0.00010030554386096575, -2.92963241292448e-05, -2.9323614712425175e-05], [-2.92963241292448e-05, 0.00010018671772734519, -2.9279986997115343e-05], [-2.9323614712425175e-05, -2.9279986997115343e-05, 0.000100167794024414]]}
 #*EXTRAS*# Step:           2  Bead:     60  
{"friction": [[9.8182389441973e-05, -2.499373027515611e-05, -2.4798878087874322e-05], [-2.499373027515611e-05, 9.833528655743751e-05, -2.470465870608873e-05], [-2.4798878087874322e-05, -2.470465870608873e-05, 9.884310115457009e-05]]}
 #*EXTRAS*# Step:           3  Bead:     60  
{"friction": [[9.7180908939243e-05, -2.0098659836044432e-05, -1.9806912509833764e-05], [-2.0098659836044432e-05, 9.752739895146938e-05, -1.9799098402679313e-05], [-1.9806912509833764e-05, -1.9799098402679313e-05, 9.807650775274657e-05]]}
 #*EXTRAS*# Step:           4  Bead:     60  
{"friction": [[9.724291436829919e-05, -1.8917447617868385e-05, -1.866898504856869e-05], [-1.8917447617868385e-05, 9.75635553123535e-05, -1.8671800519933502e-05], [-1.866898504856869e-05, -1.8671800519933502e-05, 9.801134224729761e-05]]}
 #*EXTRAS*# Step:           5  Bead:     60  
{"friction": [[9.723906648158019e-05, -2.1481719118558802e-05, -2.1166614804225257e-05], [-2.1481719118558802e-05, 9.7582366411545e-05, -2.1139962632404197e-05], [-2.1166614804225257e-05, -2.1139962632404197e-05, 9.820867972523337e-05]]}
 #*EXTRAS*# Step:           6  Bead:     60  
{"friction": [[9.74451819842229e-05, -2.2726449748644298e-05, -2.2426964001285947e-05], [-2.2726449748644298e-05, 9.774742875711584e-05, -2.2376994505044336e-05], [-2.2426964001285947e-05, -2.2376994505044336e-05, 9.838321047901973e-05]]}
 #*EXTRAS*# Step:           7  Bead:     60  
{"friction": [[9.770467661692687e-05, -2.3687650118301826e-05, -2.3422640001075604e-05], [-2.3687650118301826e-05, 9.795293378835016e-05, -2.335278847314381e-05], [-2.3422640001075604e-05, -2.335278847314381e-05, 9.855569566910974e-05]]}
 #*EXTRAS*# Step:           8  Bead:     60  
{"friction": [[9.788191433043101e-05, -2.421642974038673e-05, -2.3977167117058714e-05], [-2.421642974038673e-05, 9.809396223106949e-05, -2.3896724869112565e-05], [-2.3977167117058714e-05, -2.3896724869112565e-05, 9.866473954955063e-05]]}
 #*EXTRAS*# Step:           9  Bead:     60  
{"friction": [[9.801240338053946e-05, -2.4568433282431695e-05, -2.4348455659959415e-05], [-2.4568433282431695e-05, 9.819837923384216e-05, -2.4261426465855103e-05], [-2.4348455659959415e-05, -2.4261426465855103e-05, 9.874286827274087e-05]]}
 #*EXTRAS*# Step:          10  Bead:     60  
{"friction": [[9.809819039411136e-05, -2.478711832135308e-05, -2.457984016929087e-05], [-2.478711832135308e-05, 9.826733988707809e-05, -2.4488991670490208e-05], [-2.457984016929087e-05, -2.4488991670490208e-05, 9.879361534773418e-05]]}
 #*EXTRAS*# Step:          11  Bead:     60  
{"friction": [[9.815540521946722e-05, -2.4928304933050536e-05, -2.4729476985744752e-05], [-2.4928304933050536e-05, 9.831348164748491e-05, -2.4636297775665538e-05], [-2.4729476985744752e-05, -2.4636297775665538e-05, 9.882727000679762e-05]]}
 #*EXTRAS*# Step:          12  Bead:     60  
{"friction": [[9.81925098947162e-05, -2.501808676709059e-05, -2.482472375447456e-05], [-2.501808676709059e-05, 9.834347177169294e-05, -2.4730123939354733e-05], [-2.482472375447456e-05, -2.4730123939354733e-05, 9.884903274866809e-05]]}
 #*EXTRAS*# Step:          13  Bead:     60  
{"friction": [[9.821656971701218e-05, -2.5075607735100318e-05, -2.4885780295205246e-05], [-2.5075607735100318e-05, 9.83629469800449e-05, -2.4790297172275877e-05], [-2.4885780295205246e-05, -2.4790297172275877e-05, 9.886312257264868e-05]]}
 #*EXTRAS*# Step:          14  Bead:     60  
{"friction": [[9.823205556020426e-05, -2.5112353621403843e-05, -2.4924798031565134e-05], [-2.5112353621403843e-05, 9.837549411179429e-05, -2.4828762049907244e-05], [-2.4924798031565134e-05, -2.4828762049907244e-05, 9.887218341119737e-05]]}
 #*EXTRAS*# Step:          15  Bead:     60  
{"friction": [[9.824200947294337e-05, -2.5135861757294544e-05, -2.4949764781276185e-05], [-2.5135861757294544e-05, 9.838356415833861e-05, -2.4853379897647883e-05], [-2.4949764781276185e-05, -2.4853379897647883e-05, 9.887800451008932e-05]]}
 #*EXTRAS*# Step:          16  Bead:     60  
{"friction": [[9.824839318294628e-05, -2.515089319378181e-05, -2.4965730947475086e-05], [-2.515089319378181e-05, 9.838874179355621e-05, -2.4869124960547818e-05], [-2.4965730947475086e-05, -2.4869124960547818e-05, 9.888173658419655e-05]]}
