 #*EXTRAS*# Step:           0  Bead:     48  
     0.00010490          -0.00003687          -0.00003681
    -0.00003687           0.00010490          -0.00003699
    -0.00003681          -0.00003699           0.00010465
 #*EXTRAS*# Step:           1  Bead:     48  
     0.00010241          -0.00003333          -0.00003331
    -0.00003333           0.00010235          -0.00003351
    -0.00003331          -0.00003351           0.00010199
 #*EXTRAS*# Step:           2  Bead:     48  
     0.00010048          -0.00002964          -0.00002968
    -0.00002964           0.00010036          -0.00002965
    -0.00002968          -0.00002965           0.00010030
 #*EXTRAS*# Step:           3  Bead:     48  
     0.00009877          -0.00002630          -0.00002619
    -0.00002630           0.00009882          -0.00002608
    -0.00002619          -0.00002608           0.00009919
 #*EXTRAS*# Step:           4  Bead:     48  
     0.00009888          -0.00002651          -0.00002642
    -0.00002651           0.00009891          -0.00002631
    -0.00002642          -0.00002631           0.00009925
 #*EXTRAS*# Step:           5  Bead:     48  
     0.00010029          -0.00002927          -0.00002930
    -0.00002927           0.00010017          -0.00002925
    -0.00002930          -0.00002925           0.00010016
 #*EXTRAS*# Step:           6  Bead:     48  
     0.00010118          -0.00003104          -0.00003107
    -0.00003104           0.00010106          -0.00003113
    -0.00003107          -0.00003113           0.00010085
 #*EXTRAS*# Step:           7  Bead:     48  
     0.00010183          -0.00003230          -0.00003230
    -0.00003230           0.00010174          -0.00003245
    -0.00003230          -0.00003245           0.00010143
 #*EXTRAS*# Step:           8  Bead:     48  
     0.00010224          -0.00003303          -0.00003301
    -0.00003303           0.00010217          -0.00003320
    -0.00003301          -0.00003320           0.00010182
 #*EXTRAS*# Step:           9  Bead:     48  
     0.00010251          -0.00003349          -0.00003347
    -0.00003349           0.00010245          -0.00003368
    -0.00003347          -0.00003368           0.00010208
 #*EXTRAS*# Step:          10  Bead:     48  
     0.00010268          -0.00003379          -0.00003375
    -0.00003379           0.00010264          -0.00003398
    -0.00003375          -0.00003398           0.00010226
 #*EXTRAS*# Step:          11  Bead:     48  
     0.00010279          -0.00003397          -0.00003394
    -0.00003397           0.00010276          -0.00003417
    -0.00003394          -0.00003417           0.00010237
 #*EXTRAS*# Step:          12  Bead:     48  
     0.00010287          -0.00003409          -0.00003405
    -0.00003409           0.00010283          -0.00003429
    -0.00003405          -0.00003429           0.00010245
 #*EXTRAS*# Step:          13  Bead:     48  
     0.00010292          -0.00003417          -0.00003413
    -0.00003417           0.00010288          -0.00003436
    -0.00003413          -0.00003436           0.00010250
 #*EXTRAS*# Step:          14  Bead:     48  
     0.00010295          -0.00003422          -0.00003418
    -0.00003422           0.00010292          -0.00003441
    -0.00003418          -0.00003441           0.00010253
 #*EXTRAS*# Step:          15  Bead:     48  
     0.00010297          -0.00003425          -0.00003421
    -0.00003425           0.00010294          -0.00003444
    -0.00003421          -0.00003444           0.00010255
 #*EXTRAS*# Step:          16  Bead:     48  
     0.00010298          -0.00003427          -0.00003423
    -0.00003427           0.00010295          -0.00003446
    -0.00003423          -0.00003446           0.00010257
