 #*EXTRAS*# Step:           0  Bead:     30  
{"friction": [[0.00011613512964090057, -4.4542480960535e-05, -4.4255686347443705e-05], [-4.4542480960535e-05, 0.00011571790314066553, -4.415921694916118e-05], [-4.4255686347443705e-05, -4.415921694916118e-05, 0.00011615221676811073]]}
 #*EXTRAS*# Step:           1  Bead:     30  
{"friction": [[0.00011575897154320233, -4.447060824352395e-05, -4.419592799146512e-05], [-4.447060824352395e-05, 0.00011535746416609618, -4.410997632419228e-05], [-4.419592799146512e-05, -4.410997632419228e-05, 0.00011577956674846523]]}
 #*EXTRAS*# Step:           2  Bead:     30  
{"friction": [[0.00011591022236211386, -4.450192388528662e-05, -4.422140801901887e-05], [-4.450192388528662e-05, 0.00011550139345811448, -4.413125099549748e-05], [-4.422140801901887e-05, -4.413125099549748e-05, 0.00011592939462460905]]}
 #*EXTRAS*# Step:           3  Bead:     30  
{"friction": [[0.00011772166257957501, -4.461588894119972e-05, -4.4378338351162186e-05], [-4.461588894119972e-05, 0.00011734303438162406, -4.4238456339390354e-05], [-4.4378338351162186e-05, -4.4238456339390354e-05, 0.00011772471239219435]]}
 #*EXTRAS*# Step:           4  Bead:     30  
{"friction": [[0.0001215243377015859, -4.363010297646558e-05, -4.359770947492865e-05], [-4.363010297646558e-05, 0.00012154988450304211, -4.362811959777788e-05], [-4.359770947492865e-05, -4.362811959777788e-05, 0.00012143822186902066]]}
 #*EXTRAS*# Step:           5  Bead:     30  
{"friction": [[0.00012456234417278531, -4.173403823322342e-05, -4.1234550432460786e-05], [-4.173403823322342e-05, 0.00012462241748754225, -4.183555942797928e-05], [-4.1234550432460786e-05, -4.183555942797928e-05, 0.00012429263525022885]]}
 #*EXTRAS*# Step:           6  Bead:     30  
{"friction": [[0.00012682824825785758, -3.9471455772809754e-05, -3.8951878289022816e-05], [-3.9471455772809754e-05, 0.00012691984375003837, -3.955237825505439e-05], [-3.8951878289022816e-05, -3.955237825505439e-05, 0.00012648489811913755]]}
 #*EXTRAS*# Step:           7  Bead:     30  
{"friction": [[0.00012807642286260374, -3.7955319539971494e-05, -3.753954005764631e-05], [-3.7955319539971494e-05, 0.00012820614544184922, -3.801545174554209e-05], [-3.753954005764631e-05, -3.801545174554209e-05, 0.00012772358621374394]]}
 #*EXTRAS*# Step:           8  Bead:     30  
{"friction": [[0.000128852113824639, -3.690330587616891e-05, -3.6569892456550665e-05], [-3.690330587616891e-05, 0.00012900833620732593, -3.694805159710403e-05], [-3.6569892456550665e-05, -3.694805159710403e-05, 0.00012850410892393754]]}
 #*EXTRAS*# Step:           9  Bead:     30  
{"friction": [[0.00012931721638910484, -3.6225124555209584e-05, -3.594401100915313e-05], [-3.6225124555209584e-05, 0.0001294895978219521, -3.625980344545412e-05], [-3.594401100915313e-05, -3.625980344545412e-05, 0.00012897641800064172]]}
 #*EXTRAS*# Step:          10  Bead:     30  
{"friction": [[0.0001296105187152246, -3.577664703457526e-05, -3.5528757733220545e-05], [-3.577664703457526e-05, 0.0001297930055272022, -3.5804656652818016e-05], [-3.5528757733220545e-05, -3.5804656652818016e-05, 0.0001292760870351291]]}
 #*EXTRAS*# Step:          11  Bead:     30  
{"friction": [[0.0001297941294827854, -3.5486906397888764e-05, -3.525968057820502e-05], [-3.5486906397888764e-05, 0.00012998285858892647, -3.551061350227416e-05], [-3.525968057820502e-05, -3.551061350227416e-05, 0.00012946445460721977]]}
 #*EXTRAS*# Step:          12  Bead:     30  
{"friction": [[0.00012991060062556066, -3.5299286950114334e-05, -3.5085051823463605e-05], [-3.5299286950114334e-05, 0.000130103242139112, -3.5320213312376376e-05], [-3.5085051823463605e-05, -3.5320213312376376e-05, 0.00012958426746657558]]}
 #*EXTRAS*# Step:          13  Bead:     30  
{"friction": [[0.0001299845171467507, -3.51786088826155e-05, -3.497255400665127e-05], [-3.51786088826155e-05, 0.00013017961878755135, -3.5197749539387014e-05], [-3.497255400665127e-05, -3.5197749539387014e-05, 0.00012966044008057504]]}
 #*EXTRAS*# Step:          14  Bead:     30  
{"friction": [[0.00013003160918319376, -3.5101055090425746e-05, -3.4900181311631305e-05], [-3.5101055090425746e-05, 0.00013022826790833012, -3.511904952762073e-05], [-3.4900181311631305e-05, -3.511904952762073e-05, 0.00012970902559057826]]}
 #*EXTRAS*# Step:          15  Bead:     30  
{"friction": [[0.00013006163887227976, -3.505132309967148e-05, -3.485373958505037e-05], [-3.505132309967148e-05, 0.00013025928608030045, -3.506858312037787e-05], [-3.485373958505037e-05, -3.506858312037787e-05, 0.00012974003080831178]]}
 #*EXTRAS*# Step:          16  Bead:     30  
{"friction": [[0.0001300808129798318, -3.501945459538228e-05, -3.4823966058867656e-05], [-3.501945459538228e-05, 0.0001302790894584044, -3.503624425876368e-05], [-3.4823966058867656e-05, -3.503624425876368e-05, 0.00012975983733100308]]}
