 #*EXTRAS*# Step:           0  Bead:     46  
{"friction": [[0.00010570677276922272, -3.778420803142114e-05, -3.7725549753719546e-05], [-3.778420803142114e-05, 0.0001057047887977086, -3.7859417660977375e-05], [-3.7725549753719546e-05, -3.7859417660977375e-05, 0.00010553660403377729]]}
 #*EXTRAS*# Step:           1  Bead:     46  
{"friction": [[0.00010312068182388208, -3.448961136841816e-05, -3.444073715784168e-05], [-3.448961136841816e-05, 0.0001030958742800372, -3.468198192095972e-05], [-3.444073715784168e-05, -3.468198192095972e-05, 0.00010271324538096658]]}
 #*EXTRAS*# Step:           2  Bead:     46  
{"friction": [[0.00010118870594557712, -3.105428811993952e-05, -3.108274541285152e-05], [-3.105428811993952e-05, 0.00010107008668698186, -3.114540474587346e-05], [-3.108274541285152e-05, -3.114540474587346e-05, 0.00010085883309608546]]}
 #*EXTRAS*# Step:           3  Bead:     46  
{"friction": [[9.968233045865866e-05, -2.80771184889227e-05, -2.8067641990699267e-05], [-2.80771184889227e-05, 9.960661181690746e-05, -2.797709423026835e-05], [-2.8067641990699267e-05, -2.797709423026835e-05, 9.974359299421726e-05]]}
 #*EXTRAS*# Step:           4  Bead:     46  
{"friction": [[9.99707557669177e-05, -2.8636054547941205e-05, -2.8647743653415935e-05], [-2.8636054547941205e-05, 9.987007008668562e-05, -2.8574889668780047e-05], [-2.8647743653415935e-05, -2.8574889668780047e-05, 9.993393659420326e-05]]}
 #*EXTRAS*# Step:           5  Bead:     46  
{"friction": [[0.00010144063187069611, -3.1546332675361663e-05, -3.156724661264432e-05], [-3.1546332675361663e-05, 0.00010133146204474885, -3.166277638729108e-05], [-3.156724661264432e-05, -3.166277638729108e-05, 0.00010107610013894785]]}
 #*EXTRAS*# Step:           6  Bead:     46  
{"friction": [[0.00010248419750378064, -3.345716411469634e-05, -3.3432888834879214e-05], [-3.345716411469634e-05, 0.0001024301307513911, -3.3641027859179616e-05], [-3.3432888834879214e-05, -3.3641027859179616e-05, 0.0001020604329771546]]}
 #*EXTRAS*# Step:           7  Bead:     46  
{"friction": [[0.00010329714723657551, -3.475648491672512e-05, -3.470247742075372e-05], [-3.475648491672512e-05, 0.00010327831287759902, -3.494693137309133e-05], [-3.470247742075372e-05, -3.494693137309133e-05, 0.0001028993281705598]]}
 #*EXTRAS*# Step:           8  Bead:     46  
{"friction": [[0.00010382635102082632, -3.551048701421213e-05, -3.5446036589264305e-05], [-3.551048701421213e-05, 0.00010381948879483968, -3.568593893862973e-05], [-3.5446036589264305e-05, -3.568593893862973e-05, 0.00010346702609829425]]}
 #*EXTRAS*# Step:           9  Bead:     46  
{"friction": [[0.00010418086841561535, -3.59823408719403e-05, -3.591444408854958e-05], [-3.59823408719403e-05, 0.00010417822984372442, -3.614225991259169e-05], [-3.591444408854958e-05, -3.614225991259169e-05, 0.00010385316609913986]]}
 #*EXTRAS*# Step:          10  Bead:     46  
{"friction": [[0.00010441175575530671, -3.6277309248118946e-05, -3.62084751995981e-05], [-3.6277309248118946e-05, 0.0001044106757169697, -3.642557619933238e-05], [-3.62084751995981e-05, -3.642557619933238e-05, 0.0001041063426659083]]}
 #*EXTRAS*# Step:          11  Bead:     46  
{"friction": [[0.00010456219513787276, -3.6464708935239637e-05, -3.6395769512193725e-05], [-3.6464708935239637e-05, 0.00010456172614029575, -3.6604922819226556e-05], [-3.6395769512193725e-05, -3.6604922819226556e-05, 0.00010427183551520427]]}
 #*EXTRAS*# Step:          12  Bead:     46  
{"friction": [[0.00010465935201701016, -3.6583830088930845e-05, -3.651502281566863e-05], [-3.6583830088930845e-05, 0.00010465913261351188, -3.6718696350295903e-05], [-3.651502281566863e-05, -3.6718696350295903e-05, 0.00010437889082790067]]}
 #*EXTRAS*# Step:          13  Bead:     46  
{"friction": [[0.00010472194341555205, -3.66598052225658e-05, -3.659116341596077e-05], [-3.66598052225658e-05, 0.00010472183069211772, -3.6791177087529916e-05], [-3.659116341596077e-05, -3.6791177087529916e-05, 0.00010444792095636778]]}
 #*EXTRAS*# Step:          14  Bead:     46  
{"friction": [[0.00010476214583505724, -3.670829375493973e-05, -3.6639790702226404e-05], [-3.670829375493973e-05, 0.00010476208083853802, -3.6837403793541606e-05], [-3.6639790702226404e-05, -3.6837403793541606e-05, 0.00010449228158515653]]}
 #*EXTRAS*# Step:          15  Bead:     46  
{"friction": [[0.0001047879330882239, -3.6739269910907394e-05, -3.667086904645554e-05], [-3.6739269910907394e-05, 0.00010478789054841851, -3.686692275226453e-05], [-3.667086904645554e-05, -3.686692275226453e-05, 0.00010452074461239907]]}
 #*EXTRAS*# Step:          16  Bead:     46  
{"friction": [[0.00010480445560189681, -3.675906570134224e-05, -3.6690735680612935e-05], [-3.675906570134224e-05, 0.0001048044242047548, -3.688578246046996e-05], [-3.6690735680612935e-05, -3.688578246046996e-05, 0.0001045389848744415]]}
