 #*EXTRAS*# Step:           0  Bead:     52  
     0.00010366          -0.00003529          -0.00003522
    -0.00003529           0.00010365          -0.00003547
    -0.00003522          -0.00003547           0.00010329
 #*EXTRAS*# Step:           1  Bead:     52  
     0.00010138          -0.00003143          -0.00003145
    -0.00003143           0.00010127          -0.00003154
    -0.00003145          -0.00003154           0.00010102
 #*EXTRAS*# Step:           2  Bead:     52  
     0.00009934          -0.00002741          -0.00002737
    -0.00002741           0.00009930          -0.00002726
    -0.00002737          -0.00002726           0.00009953
 #*EXTRAS*# Step:           3  Bead:     52  
     0.00009762          -0.00002340          -0.00002312
    -0.00002340           0.00009788          -0.00002306
    -0.00002312          -0.00002306           0.00009850
 #*EXTRAS*# Step:           4  Bead:     52  
     0.00009751          -0.00002301          -0.00002272
    -0.00002301           0.00009780          -0.00002266
    -0.00002272          -0.00002266           0.00009843
 #*EXTRAS*# Step:           5  Bead:     52  
     0.00009846          -0.00002562          -0.00002547
    -0.00002562           0.00009856          -0.00002536
    -0.00002547          -0.00002536           0.00009900
 #*EXTRAS*# Step:           6  Bead:     52  
     0.00009918          -0.00002711          -0.00002705
    -0.00002711           0.00009916          -0.00002694
    -0.00002705          -0.00002694           0.00009943
 #*EXTRAS*# Step:           7  Bead:     52  
     0.00009975          -0.00002820          -0.00002820
    -0.00002820           0.00009967          -0.00002811
    -0.00002820          -0.00002811           0.00009979
 #*EXTRAS*# Step:           8  Bead:     52  
     0.00010007          -0.00002884          -0.00002886
    -0.00002884           0.00009997          -0.00002879
    -0.00002886          -0.00002879           0.00010000
 #*EXTRAS*# Step:           9  Bead:     52  
     0.00010029          -0.00002926          -0.00002928
    -0.00002926           0.00010017          -0.00002924
    -0.00002928          -0.00002924           0.00010015
 #*EXTRAS*# Step:          10  Bead:     52  
     0.00010042          -0.00002952          -0.00002955
    -0.00002952           0.00010029          -0.00002952
    -0.00002955          -0.00002952           0.00010025
 #*EXTRAS*# Step:          11  Bead:     52  
     0.00010050          -0.00002969          -0.00002972
    -0.00002969           0.00010038          -0.00002970
    -0.00002972          -0.00002970           0.00010031
 #*EXTRAS*# Step:          12  Bead:     52  
     0.00010056          -0.00002979          -0.00002983
    -0.00002979           0.00010043          -0.00002981
    -0.00002983          -0.00002981           0.00010035
 #*EXTRAS*# Step:          13  Bead:     52  
     0.00010059          -0.00002986          -0.00002990
    -0.00002986           0.00010046          -0.00002988
    -0.00002990          -0.00002988           0.00010038
 #*EXTRAS*# Step:          14  Bead:     52  
     0.00010061          -0.00002991          -0.00002994
    -0.00002991           0.00010049          -0.00002993
    -0.00002994          -0.00002993           0.00010040
 #*EXTRAS*# Step:          15  Bead:     52  
     0.00010063          -0.00002994          -0.00002997
    -0.00002994           0.00010050          -0.00002996
    -0.00002997          -0.00002996           0.00010041
 #*EXTRAS*# Step:          16  Bead:     52  
     0.00010064          -0.00002995          -0.00002999
    -0.00002995           0.00010051          -0.00002998
    -0.00002999          -0.00002998           0.00010041
