 #*EXTRAS*# Step:           0  Bead:     32  
{"friction": [[0.00011447442737646712, -4.4082214189905e-05, -4.389842451436581e-05], [-4.4082214189905e-05, 0.00011417821453784439, -4.384566898769395e-05], [-4.389842451436581e-05, -4.384566898769395e-05, 0.0001145078200454766]]}
 #*EXTRAS*# Step:           1  Bead:     32  
{"friction": [[0.0001135481329710347, -4.368209209846083e-05, -4.3590141079231984e-05], [-4.368209209846083e-05, 0.00011335577591735126, -4.355637430108674e-05], [-4.3590141079231984e-05, -4.355637430108674e-05, 0.00011359161488625723]]}
 #*EXTRAS*# Step:           2  Bead:     32  
{"friction": [[0.00011310710831811503, -4.3462412800855617e-05, -4.341459224960964e-05], [-4.3462412800855617e-05, 0.00011296494931577472, -4.338762039848684e-05], [-4.341459224960964e-05, -4.338762039848684e-05, 0.00011315567132622761]]}
 #*EXTRAS*# Step:           3  Bead:     32  
{"friction": [[0.000114122877153058, -4.394099795227437e-05, -4.379091941852661e-05], [-4.394099795227437e-05, 0.00011386480169547532, -4.374601601157903e-05], [-4.379091941852661e-05, -4.374601601157903e-05, 0.00011416000910337057]]}
 #*EXTRAS*# Step:           4  Bead:     32  
{"friction": [[0.00011763200489681337, -4.4621337869212946e-05, -4.4376997346763915e-05], [-4.4621337869212946e-05, 0.00011724679282003752, -4.423921571673185e-05], [-4.4376997346763915e-05, -4.423921571673185e-05, 0.0001176358788214876]]}
 #*EXTRAS*# Step:           5  Bead:     32  
{"friction": [[0.00012132082880657961, -4.3713962128213234e-05, -4.369602309317331e-05], [-4.3713962128213234e-05, 0.00012133208615046775, -4.369416631119117e-05], [-4.369602309317331e-05, -4.369416631119117e-05, 0.00012124452785204513]]}
 #*EXTRAS*# Step:           6  Bead:     32  
{"friction": [[0.00012345437106952876, -4.258732409351493e-05, -4.225319488811502e-05], [-4.258732409351493e-05, 0.0001235224450277167, -4.268069432189849e-05], [-4.225319488811502e-05, -4.268069432189849e-05, 0.00012324971993130806]]}
 #*EXTRAS*# Step:           7  Bead:     32  
{"friction": [[0.00012464170503096077, -4.166579265106377e-05, -4.115814801075808e-05], [-4.166579265106377e-05, 0.00012470153560971867, -4.1767163340740546e-05], [-4.115814801075808e-05, -4.1767163340740546e-05, 0.00012436799060681683]]}
 #*EXTRAS*# Step:           8  Bead:     32  
{"friction": [[0.0001254342205043844, -4.093804231702306e-05, -4.0383586714178126e-05], [-4.093804231702306e-05, 0.0001254976939228206, -4.103503425936176e-05], [-4.0383586714178126e-05, -4.103503425936176e-05, 0.00012512657507825578]]}
 #*EXTRAS*# Step:           9  Bead:     32  
{"friction": [[0.0001259455844456809, -4.042697800963286e-05, -3.987153358714144e-05], [-4.042697800963286e-05, 0.0001260168405360671, -4.0519118008059904e-05], [-3.987153358714144e-05, -4.0519118008059904e-05, 0.00012562158184563062]]}
 #*EXTRAS*# Step:          10  Bead:     32  
{"friction": [[0.00012628087356355476, -4.007494935818084e-05, -3.952828010700978e-05], [-4.007494935818084e-05, 0.00012635897387442273, -4.016321695775363e-05], [-3.952828010700978e-05, -4.016321695775363e-05, 0.00012594824739011338]]}
 #*EXTRAS*# Step:          11  Bead:     32  
{"friction": [[0.00012649635739398886, -3.9841656459958326e-05, -3.930392839382861e-05], [-3.9841656459958326e-05, 0.0001265794593085403, -3.9927176587710945e-05], [-3.930392839382861e-05, -3.9927176587710945e-05, 0.00012615902224894456]]}
 #*EXTRAS*# Step:          12  Bead:     32  
{"friction": [[0.00012663520501424768, -3.968839562929149e-05, -3.915765155976088e-05], [-3.968839562929149e-05, 0.00012672175094876083, -3.9772044725396426e-05], [-3.915765155976088e-05, -3.9772044725396426e-05, 0.00012629517256622174]]}
 #*EXTRAS*# Step:          13  Bead:     32  
{"friction": [[0.00012672423711283668, -3.9588902280104446e-05, -3.906310552137704e-05], [-3.9588902280104446e-05, 0.00012681307569836883, -3.9671311633625135e-05], [-3.906310552137704e-05, -3.9671311633625135e-05, 0.00012638261234831555]]}
 #*EXTRAS*# Step:          14  Bead:     32  
{"friction": [[0.0001267813244081198, -3.95246033561947e-05, -3.900216284258119e-05], [-3.95246033561947e-05, 0.00012687166594302024, -3.9606201714604153e-05], [-3.900216284258119e-05, -3.9606201714604153e-05, 0.00012643873472045246]]}
 #*EXTRAS*# Step:          15  Bead:     32  
{"friction": [[0.00012681787984912844, -3.948322242945563e-05, -3.896300434769971e-05], [-3.948322242945563e-05, 0.00012690919684545048, -3.9564294969396635e-05], [-3.896300434769971e-05, -3.9564294969396635e-05, 0.00012647469520752735]]}
 #*EXTRAS*# Step:          16  Bead:     32  
{"friction": [[0.00012684128214441426, -3.945664561631158e-05, -3.8937879768652084e-05], [-3.945664561631158e-05, 0.00012693322885614164, -3.953737889211204e-05], [-3.8937879768652084e-05, -3.953737889211204e-05, 0.00012649772600037464]]}
