 #*EXTRAS*# Step:           0  Bead:     20  
{"friction": [[0.0001239405986518248, -4.2236453288719934e-05, -4.1819804194371584e-05], [-4.2236453288719934e-05, 0.0001240048715323352, -4.2336200609474876e-05], [-4.1819804194371584e-05, -4.2336200609474876e-05, 0.00012370560188273736]]}
 #*EXTRAS*# Step:           1  Bead:     20  
{"friction": [[0.0001263698903614625, -3.997924586102009e-05, -3.943597826949985e-05], [-3.997924586102009e-05, 0.00012645000382207543, -4.006640205237424e-05], [-3.943597826949985e-05, -4.006640205237424e-05, 0.00012603524116116342]]}
 #*EXTRAS*# Step:           2  Bead:     20  
{"friction": [[0.00012945795216066054, -3.6012057900183475e-05, -3.57468985178587e-05], [-3.6012057900183475e-05, 0.00012963519840012352, -3.604356775499563e-05], [-3.57468985178587e-05, -3.604356775499563e-05, 0.00012912002488962534]]}
 #*EXTRAS*# Step:           3  Bead:     20  
{"friction": [[0.0001327981173459688, -2.902012665669255e-05, -2.896344928765683e-05], [-2.902012665669255e-05, 0.00013304473296985516, -2.8956457237429775e-05], [-2.896344928765683e-05, -2.8956457237429775e-05, 0.00013268309392014144]]}
 #*EXTRAS*# Step:           4  Bead:     20  
{"friction": [[0.00013443240368045766, -2.2538189056742836e-05, -2.2263918087254478e-05], [-2.2538189056742836e-05, 0.00013462240242744154, -2.2417508693865614e-05], [-2.2263918087254478e-05, -2.2417508693865614e-05, 0.00013463020735664493]]}
 #*EXTRAS*# Step:           5  Bead:     20  
{"friction": [[0.0001349606159430793, -1.9742963745262314e-05, -1.9362101322306297e-05], [-1.9742963745262314e-05, 0.00013511482925796604, -1.9609443824807053e-05], [-1.9362101322306297e-05, -1.9609443824807053e-05, 0.00013528918749633549]]}
 #*EXTRAS*# Step:           6  Bead:     20  
{"friction": [[0.00013533973999439592, -1.7587957090700136e-05, -1.7138835485650377e-05], [-1.7587957090700136e-05, 0.00013546607570201803, -1.744956064581296e-05], [-1.7138835485650377e-05, -1.744956064581296e-05, 0.00013576173267293968]]}
 #*EXTRAS*# Step:           7  Bead:     20  
{"friction": [[0.00013550910109193037, -1.6605429866689432e-05, -1.6131118252914837e-05], [-1.6605429866689432e-05, 0.0001356230916804898, -1.6466264558273954e-05], [-1.6131118252914837e-05, -1.6466264558273954e-05, 0.0001359709931535253]]}
 #*EXTRAS*# Step:           8  Bead:     20  
{"friction": [[0.0001356299564973054, -1.590208611816635e-05, -1.5412409963292034e-05], [-1.590208611816635e-05, 0.00013573534236607055, -1.5762928559838774e-05], [-1.5412409963292034e-05, -1.5762928559838774e-05, 0.00013611926304712442]]}
 #*EXTRAS*# Step:           9  Bead:     20  
{"friction": [[0.0001357029519826426, -1.547748290593427e-05, -1.4979683966871741e-05], [-1.547748290593427e-05, 0.00013580325529201375, -1.5338554936065634e-05], [-1.4979683966871741e-05, -1.5338554936065634e-05, 0.00013620832346743136]]}
 #*EXTRAS*# Step:          10  Bead:     20  
{"friction": [[0.00013575068673849844, -1.5200183818281656e-05, -1.469756741040556e-05], [-1.5200183818281656e-05, 0.00013584772085842943, -1.506149701772251e-05], [-1.469756741040556e-05, -1.506149701772251e-05, 0.00013626634741082744]]}
 #*EXTRAS*# Step:          11  Bead:     20  
{"friction": [[0.00013578096569431814, -1.5024506822692827e-05, -1.4519042257684271e-05], [-1.5024506822692827e-05, 0.0001358759502995395, -1.4886010060460648e-05], [-1.4519042257684271e-05, -1.4886010060460648e-05, 0.0001363030607813231]]}
 #*EXTRAS*# Step:          12  Bead:     20  
{"friction": [[0.00013580044618954738, -1.4911589004026887e-05, -1.4404378418090232e-05], [-1.4911589004026887e-05, 0.0001358941225902813, -1.4773229631179725e-05], [-1.4404378418090232e-05, -1.4773229631179725e-05, 0.00013632664228321317]]}
 #*EXTRAS*# Step:          13  Bead:     20  
{"friction": [[0.00013581289932053535, -1.4839453336112244e-05, -1.433116231310426e-05], [-1.4839453336112244e-05, 0.00013590574381358973, -1.4701187971615155e-05], [-1.433116231310426e-05, -1.4701187971615155e-05, 0.00013634170094760405]]}
 #*EXTRAS*# Step:          14  Bead:     20  
{"friction": [[0.00013582087862429757, -1.4793253604797753e-05, -1.4284285013225085e-05], [-1.4793253604797753e-05, 0.00013591319189937753, -1.4655051002895917e-05], [-1.4284285013225085e-05, -1.4655051002895917e-05, 0.00013635134309178837]]}
 #*EXTRAS*# Step:          15  Bead:     20  
{"friction": [[0.00013582598378229413, -1.4763703906792923e-05, -1.425430785495804e-05], [-1.4763703906792923e-05, 0.00013591795793919928, -1.462554249389313e-05], [-1.425430785495804e-05, -1.462554249389313e-05, 0.0001363575093980782]]}
 #*EXTRAS*# Step:          16  Bead:     20  
{"friction": [[0.00013582925104267015, -1.4744796052373444e-05, -1.4235128910728572e-05], [-1.4744796052373444e-05, 0.00013592100847783565, -1.4606661422838058e-05], [-1.4235128910728572e-05, -1.4606661422838058e-05, 0.00013636145466058098]]}
