 #*EXTRAS*# Step:           0  Bead:      8  
     0.00013065          -0.00003403          -0.00003390
    -0.00003403           0.00013086          -0.00003404
    -0.00003390          -0.00003404           0.00013035
 #*EXTRAS*# Step:           1  Bead:      8  
     0.00013346          -0.00002676          -0.00002665
    -0.00002676           0.00013370          -0.00002668
    -0.00002665          -0.00002668           0.00013346
 #*EXTRAS*# Step:           2  Bead:      8  
     0.00013515          -0.00001868          -0.00001827
    -0.00001868           0.00013529          -0.00001855
    -0.00001827          -0.00001855           0.00013552
 #*EXTRAS*# Step:           3  Bead:      8  
     0.00013658          -0.00001053          -0.00001001
    -0.00001053           0.00013663          -0.00001041
    -0.00001001          -0.00001041           0.00013724
 #*EXTRAS*# Step:           4  Bead:      8  
     0.00013723          -0.00000720          -0.00000676
    -0.00000720           0.00013726          -0.00000710
    -0.00000676          -0.00000710           0.00013796
 #*EXTRAS*# Step:           5  Bead:      8  
     0.00013730          -0.00000686          -0.00000643
    -0.00000686           0.00013733          -0.00000676
    -0.00000643          -0.00000676           0.00013804
 #*EXTRAS*# Step:           6  Bead:      8  
     0.00013747          -0.00000604          -0.00000564
    -0.00000604           0.00013749          -0.00000595
    -0.00000564          -0.00000595           0.00013823
 #*EXTRAS*# Step:           7  Bead:      8  
     0.00013753          -0.00000575          -0.00000536
    -0.00000575           0.00013755          -0.00000566
    -0.00000536          -0.00000566           0.00013829
 #*EXTRAS*# Step:           8  Bead:      8  
     0.00013759          -0.00000551          -0.00000514
    -0.00000551           0.00013761          -0.00000543
    -0.00000514          -0.00000543           0.00013835
 #*EXTRAS*# Step:           9  Bead:      8  
     0.00013761          -0.00000538          -0.00000501
    -0.00000538           0.00013763          -0.00000529
    -0.00000501          -0.00000529           0.00013838
 #*EXTRAS*# Step:          10  Bead:      8  
     0.00013763          -0.00000529          -0.00000492
    -0.00000529           0.00013765          -0.00000520
    -0.00000492          -0.00000520           0.00013840
 #*EXTRAS*# Step:          11  Bead:      8  
     0.00013765          -0.00000523          -0.00000487
    -0.00000523           0.00013767          -0.00000515
    -0.00000487          -0.00000515           0.00013841
 #*EXTRAS*# Step:          12  Bead:      8  
     0.00013765          -0.00000519          -0.00000483
    -0.00000519           0.00013767          -0.00000511
    -0.00000483          -0.00000511           0.00013842
 #*EXTRAS*# Step:          13  Bead:      8  
     0.00013766          -0.00000517          -0.00000481
    -0.00000517           0.00013768          -0.00000509
    -0.00000481          -0.00000509           0.00013842
 #*EXTRAS*# Step:          14  Bead:      8  
     0.00013766          -0.00000516          -0.00000479
    -0.00000516           0.00013768          -0.00000507
    -0.00000479          -0.00000507           0.00013843
 #*EXTRAS*# Step:          15  Bead:      8  
     0.00013767          -0.00000515          -0.00000479
    -0.00000515           0.00013768          -0.00000506
    -0.00000479          -0.00000506           0.00013843
 #*EXTRAS*# Step:          16  Bead:      8  
     0.00013767          -0.00000514          -0.00000478
    -0.00000514           0.00013769          -0.00000506
    -0.00000478          -0.00000506           0.00013843
