 #*EXTRAS*# Step:           0  Bead:     57  
     0.00010273          -0.00003387          -0.00003384
    -0.00003387           0.00010269          -0.00003406
    -0.00003384          -0.00003406           0.00010231
 #*EXTRAS*# Step:           1  Bead:     57  
     0.00010058          -0.00002984          -0.00002987
    -0.00002984           0.00010045          -0.00002986
    -0.00002987          -0.00002986           0.00010037
 #*EXTRAS*# Step:           2  Bead:     57  
     0.00009845          -0.00002560          -0.00002545
    -0.00002560           0.00009855          -0.00002534
    -0.00002545          -0.00002534           0.00009900
 #*EXTRAS*# Step:           3  Bead:     57  
     0.00009720          -0.00002094          -0.00002063
    -0.00002094           0.00009755          -0.00002061
    -0.00002063          -0.00002061           0.00009815
 #*EXTRAS*# Step:           4  Bead:     57  
     0.00009718          -0.00001996          -0.00001967
    -0.00001996           0.00009753          -0.00001966
    -0.00001967          -0.00001966           0.00009807
 #*EXTRAS*# Step:           5  Bead:     57  
     0.00009740          -0.00002254          -0.00002224
    -0.00002254           0.00009772          -0.00002219
    -0.00002224          -0.00002219           0.00009835
 #*EXTRAS*# Step:           6  Bead:     57  
     0.00009775          -0.00002384          -0.00002358
    -0.00002384           0.00009799          -0.00002351
    -0.00002358          -0.00002351           0.00009859
 #*EXTRAS*# Step:           7  Bead:     57  
     0.00009812          -0.00002483          -0.00002463
    -0.00002483           0.00009828          -0.00002454
    -0.00002463          -0.00002454           0.00009880
 #*EXTRAS*# Step:           8  Bead:     57  
     0.00009835          -0.00002538          -0.00002521
    -0.00002538           0.00009847          -0.00002511
    -0.00002521          -0.00002511           0.00009894
 #*EXTRAS*# Step:           9  Bead:     57  
     0.00009851          -0.00002575          -0.00002560
    -0.00002575           0.00009860          -0.00002550
    -0.00002560          -0.00002550           0.00009904
 #*EXTRAS*# Step:          10  Bead:     57  
     0.00009862          -0.00002597          -0.00002584
    -0.00002597           0.00009869          -0.00002574
    -0.00002584          -0.00002574           0.00009910
 #*EXTRAS*# Step:          11  Bead:     57  
     0.00009869          -0.00002612          -0.00002600
    -0.00002612           0.00009875          -0.00002589
    -0.00002600          -0.00002589           0.00009914
 #*EXTRAS*# Step:          12  Bead:     57  
     0.00009873          -0.00002622          -0.00002610
    -0.00002622           0.00009879          -0.00002599
    -0.00002610          -0.00002599           0.00009917
 #*EXTRAS*# Step:          13  Bead:     57  
     0.00009876          -0.00002627          -0.00002616
    -0.00002627           0.00009881          -0.00002605
    -0.00002616          -0.00002605           0.00009918
 #*EXTRAS*# Step:          14  Bead:     57  
     0.00009878          -0.00002631          -0.00002620
    -0.00002631           0.00009883          -0.00002610
    -0.00002620          -0.00002610           0.00009919
 #*EXTRAS*# Step:          15  Bead:     57  
     0.00009879          -0.00002634          -0.00002623
    -0.00002634           0.00009884          -0.00002612
    -0.00002623          -0.00002612           0.00009920
 #*EXTRAS*# Step:          16  Bead:     57  
     0.00009880          -0.00002635          -0.00002625
    -0.00002635           0.00009884          -0.00002614
    -0.00002625          -0.00002614           0.00009920
