 #*EXTRAS*# Step:           0  Bead:     18  
{"friction": [[0.00012526486252094083, -4.1100303058221635e-05, -4.0550714905083066e-05], [-4.1100303058221635e-05, 0.00012532660471124878, -4.119858624384984e-05], [-4.0550714905083066e-05, -4.119858624384984e-05, 0.00012496354601260095]]}
 #*EXTRAS*# Step:           1  Bead:     18  
{"friction": [[0.00012833823977072883, -3.7610486278497233e-05, -3.722149994422753e-05], [-3.7610486278497233e-05, 0.00012847677430923645, -3.766562462271395e-05], [-3.722149994422753e-05, -3.766562462271395e-05, 0.00012798607670308964]]}
 #*EXTRAS*# Step:           2  Bead:     18  
{"friction": [[0.0001314971004449298, -3.235670417063397e-05, -3.228979458436936e-05], [-3.235670417063397e-05, 0.00013173475655464667, -3.2335374332141396e-05], [-3.228979458436936e-05, -3.2335374332141396e-05, 0.00013124789004719247]]}
 #*EXTRAS*# Step:           3  Bead:     18  
{"friction": [[0.00013400635235862976, -2.45461752307615e-05, -2.4352083470184842e-05], [-2.45461752307615e-05, 0.00013421972209270273, -2.44391974920892e-05], [-2.4352083470184842e-05, -2.44391974920892e-05, 0.0001341061794138949]]}
 #*EXTRAS*# Step:           4  Bead:     18  
{"friction": [[0.00013518042889920244, -1.8503582430742367e-05, -1.8081477138038666e-05], [-1.8503582430742367e-05, 0.0001353185217799309, -1.8366722230688185e-05], [-1.8081477138038666e-05, -1.8366722230688185e-05, 0.0001355636630167696]]}
 #*EXTRAS*# Step:           5  Bead:     18  
{"friction": [[0.00013555053811370655, -1.6364334371615422e-05, -1.5884494878346004e-05], [-1.6364334371615422e-05, 0.0001356615547743042, -1.6225119326370997e-05], [-1.5884494878346004e-05, -1.6225119326370997e-05, 0.000136021938280242]]}
 #*EXTRAS*# Step:           6  Bead:     18  
{"friction": [[0.00013586722726749166, -1.4525250231271924e-05, -1.4012574925462243e-05], [-1.4525250231271924e-05, 0.00013595648382141553, -1.4387451031634226e-05], [-1.4012574925462243e-05, -1.4387451031634226e-05, 0.00013640724655493165]]}
 #*EXTRAS*# Step:           7  Bead:     18  
{"friction": [[0.00013600783152680447, -1.3716741248189751e-05, -1.3195254634843638e-05], [-1.3716741248189751e-05, 0.00013608813769597434, -1.3580564597696365e-05], [-1.3195254634843638e-05, -1.3580564597696365e-05, 0.00013657571614939703]]}
 #*EXTRAS*# Step:           8  Bead:     18  
{"friction": [[0.00013611143899513702, -1.312639785310445e-05, -1.260080397603263e-05], [-1.312639785310445e-05, 0.00013618548613857618, -1.2991789494204778e-05], [-1.260080397603263e-05, -1.2991789494204778e-05, 0.0001366987379915751]]}
 #*EXTRAS*# Step:           9  Bead:     18  
{"friction": [[0.00013617392363862667, -1.2773005107948865e-05, -1.2245922719739702e-05], [-1.2773005107948865e-05, 0.00013624434317366404, -1.2639489908652432e-05], [-1.2245922719739702e-05, -1.2639489908652432e-05, 0.0001367724596446654]]}
 #*EXTRAS*# Step:          10  Bead:     18  
{"friction": [[0.00013621501645793776, -1.2541778311190603e-05, -1.2014123053782835e-05], [-1.2541778311190603e-05, 0.00013628311270093502, -1.2409040770321993e-05], [-1.2014123053782835e-05, -1.2409040770321993e-05, 0.00013682074673710993]]}
 #*EXTRAS*# Step:          11  Bead:     18  
{"friction": [[0.00013624109224865164, -1.239556026665989e-05, -1.1867708403355572e-05], [-1.239556026665989e-05, 0.00013630774034510747, -1.2263339916604668e-05], [-1.1867708403355572e-05, -1.2263339916604668e-05, 0.00013685130678304364]]}
 #*EXTRAS*# Step:          12  Bead:     18  
{"friction": [[0.00013625789124632667, -1.2301576091305348e-05, -1.1773666107220831e-05], [-1.2301576091305348e-05, 0.0001363236172377059, -1.216969856634114e-05], [-1.1773666107220831e-05, -1.216969856634114e-05, 0.00013687096134960822]]}
 #*EXTRAS*# Step:          13  Bead:     18  
{"friction": [[0.00013626863334128072, -1.2241567760608181e-05, -1.171364873017892e-05], [-1.2241567760608181e-05, 0.00013633377417379553, -1.210991337809977e-05], [-1.171364873017892e-05, -1.210991337809977e-05, 0.0001368835157182638]]}
 #*EXTRAS*# Step:          14  Bead:     18  
{"friction": [[0.00013627551901780537, -1.2203139627677653e-05, -1.167522632456817e-05], [-1.2203139627677653e-05, 0.00013634028660811245, -1.2071629880350777e-05], [-1.167522632456817e-05, -1.2071629880350777e-05, 0.00013689155743091302]]}
 #*EXTRAS*# Step:          15  Bead:     18  
{"friction": [[0.00013627992511577595, -1.217856505453781e-05, -1.1650660137795105e-05], [-1.217856505453781e-05, 0.00013634445462846223, -1.2047148512240657e-05], [-1.1650660137795105e-05, -1.2047148512240657e-05, 0.00013689670096013034]]}
 #*EXTRAS*# Step:          16  Bead:     18  
{"friction": [[0.0001362827453605403, -1.216284172368861e-05, -1.1634944108110554e-05], [-1.216284172368861e-05, 0.0001363471227957872, -1.2031485107121281e-05], [-1.1634944108110554e-05, -1.2031485107121281e-05, 0.00013689999227237663]]}
