 #*EXTRAS*# Step:           0  Bead:     38  
{"friction": [[0.0001100992324223387, -4.1627963427024275e-05, -4.170223714900381e-05], [-4.1627963427024275e-05, 0.00011012443903750724, -4.167507154046895e-05], [-4.170223714900381e-05, -4.167507154046895e-05, 0.00011017661577495691]]}
 #*EXTRAS*# Step:           1  Bead:     38  
{"friction": [[0.00010797822166390719, -3.997568162025075e-05, -3.9980628777077524e-05], [-3.997568162025075e-05, 0.00010797910385895855, -3.9977746366189664e-05], [-3.9980628777077524e-05, -3.9977746366189664e-05, 0.00010800264805168079]]}
 #*EXTRAS*# Step:           2  Bead:     38  
{"friction": [[0.00010622859141981498, -3.83324812312236e-05, -3.828398461329088e-05], [-3.83324812312236e-05, 0.00010622472848692704, -3.838058211843928e-05], [-3.828398461329088e-05, -3.838058211843928e-05, 0.00010611191730695247]]}
 #*EXTRAS*# Step:           3  Bead:     38  
{"friction": [[0.00010548351053186661, -3.754017780683661e-05, -3.747813392072135e-05], [-3.754017780683661e-05, 0.00010548231634382465, -3.76278886277703e-05], [-3.747813392072135e-05, -3.76278886277703e-05, 0.00010528979557106851]]}
 #*EXTRAS*# Step:           4  Bead:     38  
{"friction": [[0.00010728742340338263, -3.936003476884347e-05, -3.934065386538075e-05], [-3.936003476884347e-05, 0.00010728314717599636, -3.936939920149188e-05], [-3.934065386538075e-05, -3.936939920149188e-05, 0.00010726570448785635]]}
 #*EXTRAS*# Step:           5  Bead:     38  
{"friction": [[0.00011034097396388683, -4.17955424405184e-05, -4.187280123383222e-05], [-4.17955424405184e-05, 0.00011036505836798214, -4.1846810199531155e-05], [-4.187280123383222e-05, -4.1846810199531155e-05, 0.00011041832215569864]]}
 #*EXTRAS*# Step:           6  Bead:     38  
{"friction": [[0.00011262961662263497, -4.32070295902113e-05, -4.3203060223428444e-05], [-4.32070295902113e-05, 0.00011253805115451801, -4.31813679791116e-05], [-4.3203060223428444e-05, -4.31813679791116e-05, 0.00011268389518632202]]}
 #*EXTRAS*# Step:           7  Bead:     38  
{"friction": [[0.00011410810425189925, -4.3934766689694895e-05, -4.3786149678760065e-05], [-4.3934766689694895e-05, 0.0001138516801823856, -4.374156047488538e-05], [-4.3786149678760065e-05, -4.374156047488538e-05, 0.00011414539569488173]]}
 #*EXTRAS*# Step:           8  Bead:     38  
{"friction": [[0.00011502451382171189, -4.427428583840689e-05, -4.4043871265232925e-05], [-4.427428583840689e-05, 0.00011467514085032939, -4.397760212366534e-05], [-4.4043871265232925e-05, -4.397760212366534e-05, 0.0001150522650271121]]}
 #*EXTRAS*# Step:           9  Bead:     38  
{"friction": [[0.00011560384196007536, -4.443517922072682e-05, -4.4167746428913496e-05], [-4.443517922072682e-05, 0.0001152111555195164, -4.408606507923345e-05], [-4.4167746428913496e-05, -4.408606507923345e-05, 0.0001156259142181165]]}
 #*EXTRAS*# Step:          10  Bead:     38  
{"friction": [[0.00011597756401372726, -4.451482694870301e-05, -4.423212255570915e-05], [-4.451482694870301e-05, 0.0001155659006518599, -4.4140082017454705e-05], [-4.423212255570915e-05, -4.4140082017454705e-05, 0.00011599610811953288]]}
 #*EXTRAS*# Step:          11  Bead:     38  
{"friction": [[0.00011621773787723707, -4.455554432454077e-05, -4.426720201222038e-05], [-4.455554432454077e-05, 0.00011579821331435508, -4.416840070287829e-05], [-4.426720201222038e-05, -4.416840070287829e-05, 0.00011623406821565399]]}
 #*EXTRAS*# Step:          12  Bead:     38  
{"friction": [[0.0001163723032315263, -4.4577300928514994e-05, -4.4287211134747264e-05], [-4.4577300928514994e-05, 0.0001159496683780635, -4.418403353514908e-05], [-4.4287211134747264e-05, -4.418403353514908e-05, 0.0001163872304481187]]}
 #*EXTRAS*# Step:          13  Bead:     38  
{"friction": [[0.00011647150236981029, -4.4589400500925694e-05, -4.429900388709965e-05], [-4.4589400500925694e-05, 0.0001160477147706412, -4.419301160653321e-05], [-4.429900388709965e-05, -4.419301160653321e-05, 0.00011648553780446082]]}
 #*EXTRAS*# Step:          14  Bead:     38  
{"friction": [[0.00011653512716477239, -4.459638669450393e-05, -4.430613850714085e-05], [-4.459638669450393e-05, 0.00011611095741576162, -4.419833961411281e-05], [-4.430613850714085e-05, -4.419833961411281e-05, 0.0001165485941758242]]}
 #*EXTRAS*# Step:          15  Bead:     38  
{"friction": [[0.00011657588867293869, -4.460054253623699e-05, -4.431053379630133e-05], [-4.460054253623699e-05, 0.00011615162342234644, -4.420157724561482e-05], [-4.431053379630133e-05, -4.420157724561482e-05, 0.00011658899296846508]]}
 #*EXTRAS*# Step:          16  Bead:     38  
{"friction": [[0.00011660199015783915, -4.460307202014005e-05, -4.4313276486872935e-05], [-4.460307202014005e-05, 0.00011617772567912665, -4.420357861220157e-05], [-4.4313276486872935e-05, -4.420357861220157e-05, 0.00011661486278062103]]}
