 #*EXTRAS*# Step:           0  Bead:     33  
{"friction": [[0.00011368019507082692, -4.37444711227787e-05, -4.363905558610621e-05], [-4.37444711227787e-05, 0.00011347259446525294, -4.36029403928641e-05], [-4.363905558610621e-05, -4.36029403928641e-05, 0.00011372219122617184]]}
 #*EXTRAS*# Step:           1  Bead:     33  
{"friction": [[0.00011250999590699124, -4.314056579971767e-05, -4.314652498694465e-05], [-4.314056579971767e-05, 0.00011243006840844326, -4.312577384337824e-05], [-4.314652498694465e-05, -4.312577384337824e-05, 0.00011256574239802139]]}
 #*EXTRAS*# Step:           2  Bead:     33  
{"friction": [[0.00011180733729136013, -4.273377403576957e-05, -4.2785381163104834e-05], [-4.273377403576957e-05, 0.00011178319237034686, -4.276670656431742e-05], [-4.2785381163104834e-05, -4.276670656431742e-05, 0.00011187195283205704]]}
 #*EXTRAS*# Step:           3  Bead:     33  
{"friction": [[0.00011246767724056307, -4.311683723856096e-05, -4.3126181821144566e-05], [-4.311683723856096e-05, 0.00011239174134843541, -4.310572436716789e-05], [-4.3126181821144566e-05, -4.310572436716789e-05, 0.0001125239465761736]]}
 #*EXTRAS*# Step:           4  Bead:     33  
{"friction": [[0.00011563858439807311, -4.4443402084246115e-05, -4.417423903404308e-05], [-4.4443402084246115e-05, 0.00011524381102366677, -4.409160553321496e-05], [-4.417423903404308e-05, -4.409160553321496e-05, 0.0001156603242930442]]}
 #*EXTRAS*# Step:           5  Bead:     33  
{"friction": [[0.00011946692659731267, -4.432758660009099e-05, -4.42513794292664e-05], [-4.432758660009099e-05, 0.00011927421871130171, -4.4105030710393476e-05], [-4.42513794292664e-05, -4.4105030710393476e-05, 0.00011944716789083494]]}
 #*EXTRAS*# Step:           6  Bead:     33  
{"friction": [[0.00012187677750786733, -4.347558343989079e-05, -4.340681129822877e-05], [-4.347558343989079e-05, 0.0001219217365920531, -4.350083732150723e-05], [-4.340681129822877e-05, -4.350083732150723e-05, 0.00012177185844485186]]}
 #*EXTRAS*# Step:           7  Bead:     33  
{"friction": [[0.0001230810459790566, -4.283099131845855e-05, -4.2565373405784324e-05], [-4.283099131845855e-05, 0.0001231503188052962, -4.291547378564208e-05], [-4.2565373405784324e-05, -4.291547378564208e-05, 0.00012290071368178295]]}
 #*EXTRAS*# Step:           8  Bead:     33  
{"friction": [[0.00012382236120977243, -4.2325251150378305e-05, -4.192756636132019e-05], [-4.2325251150378305e-05, 0.0001238876456558462, -4.2423920118493763e-05], [-4.192756636132019e-05, -4.2423920118493763e-05, 0.00012359453909308263]]}
 #*EXTRAS*# Step:           9  Bead:     33  
{"friction": [[0.00012429227246151125, -4.195944325882244e-05, -4.149205889134215e-05], [-4.195944325882244e-05, 0.00012435377655076044, -4.206090425235662e-05], [-4.149205889134215e-05, -4.206090425235662e-05, 0.0001240369553433752]]}
 #*EXTRAS*# Step:          10  Bead:     33  
{"friction": [[0.00012460200630023667, -4.170004298802925e-05, -4.1196403098802266e-05], [-4.170004298802925e-05, 0.00012466194680187353, -4.180149757641221e-05], [-4.1196403098802266e-05, -4.180149757641221e-05, 0.00012433028237054635]]}
 #*EXTRAS*# Step:          11  Bead:     33  
{"friction": [[0.0001248033194611425, -4.1524088093217905e-05, -4.100174360125632e-05], [-4.1524088093217905e-05, 0.00012486296083457198, -4.162495372004358e-05], [-4.100174360125632e-05, -4.162495372004358e-05, 0.00012452178075950362]]}
 #*EXTRAS*# Step:          12  Bead:     33  
{"friction": [[0.00012493425339288547, -4.140667760092328e-05, -4.0874373199493426e-05], [-4.140667760092328e-05, 0.00012499407669519099, -4.1506964136666044e-05], [-4.0874373199493426e-05, -4.1506964136666044e-05, 0.00012464671397942732]]}
 #*EXTRAS*# Step:          13  Bead:     33  
{"friction": [[0.0001250188150401115, -4.132964666756911e-05, -4.079186563491397e-05], [-4.132964666756911e-05, 0.00012507893060230107, -4.1429490031334466e-05], [-4.079186563491397e-05, -4.1429490031334466e-05, 0.00012472756551744625]]}
 #*EXTRAS*# Step:          14  Bead:     33  
{"friction": [[0.00012507329546785498, -4.1279528115967715e-05, -4.0738616190250885e-05], [-4.1279528115967715e-05, 0.0001251336740674384, -4.137905995765245e-05], [-4.0738616190250885e-05, -4.137905995765245e-05, 0.00012477972471041027]]}
 #*EXTRAS*# Step:          15  Bead:     33  
{"friction": [[0.0001251082887021211, -4.1247136041264354e-05, -4.070437264215512e-05], [-4.1247136041264354e-05, 0.00012516886627938364, -4.134645737331276e-05], [-4.070437264215512e-05, -4.134645737331276e-05, 0.000124813255088454]]}
 #*EXTRAS*# Step:          16  Bead:     33  
{"friction": [[0.00012513073411634388, -4.122627697552909e-05, -4.0682390309088815e-05], [-4.122627697552909e-05, 0.00012519145141838984, -4.13254590643392e-05], [-4.0682390309088815e-05, -4.13254590643392e-05, 0.00012483477362925055]]}
