 #*EXTRAS*# Step:           0  Bead:     23  
{"friction": [[0.00012194919365104008, -4.3442200516587006e-05, -4.336434695504495e-05], [-4.3442200516587006e-05, 0.0001219973420398065, -4.3472479799487785e-05], [-4.336434695504495e-05, -4.3472479799487785e-05, 0.00012184015749727416]]}
 #*EXTRAS*# Step:           1  Bead:     23  
{"friction": [[0.00012344247165202107, -4.259543523160764e-05, -4.2263448574749006e-05], [-4.259543523160764e-05, 0.00012351061675975453, -4.268858016658597e-05], [-4.2263448574749006e-05, -4.268858016658597e-05, 0.000123238586581904]]}
 #*EXTRAS*# Step:           2  Bead:     23  
{"friction": [[0.00012550937283810728, -4.0864911331136064e-05, -4.030907443354633e-05], [-4.0864911331136064e-05, 0.00012557376009170282, -4.096127722178642e-05], [-4.030907443354633e-05, -4.096127722178642e-05, 0.0001251990690468549]]}
 #*EXTRAS*# Step:           3  Bead:     23  
{"friction": [[0.00012936102026264154, -3.615921790662068e-05, -3.588306948599871e-05], [-3.615921790662068e-05, 0.00012953491835771648, -3.619291656938274e-05], [-3.588306948599871e-05, -3.619291656938274e-05, 0.00012902107986457372]]}
 #*EXTRAS*# Step:           4  Bead:     23  
{"friction": [[0.0001325713399755933, -2.969130280920452e-05, -2.96437358116706e-05], [-2.969130280920452e-05, 0.00013281922767066282, -2.9635535185567243e-05], [-2.96437358116706e-05, -2.9635535185567243e-05, 0.00013242648944586426]]}
 #*EXTRAS*# Step:           5  Bead:     23  
{"friction": [[0.0001336892708747946, -2.588654342790826e-05, -2.574287923014827e-05], [-2.588654342790826e-05, 0.0001339160663551512, -2.5790742294514604e-05], [-2.574287923014827e-05, -2.5790742294514604e-05, 0.00013372324054229396]]}
 #*EXTRAS*# Step:           6  Bead:     23  
{"friction": [[0.00013428997807481575, -2.323580300454674e-05, -2.2989552108067756e-05], [-2.323580300454674e-05, 0.0001344884336871972, -2.3119463682552122e-05], [-2.2989552108067756e-05, -2.3119463682552122e-05, 0.00013445397504960142]]}
 #*EXTRAS*# Step:           7  Bead:     23  
{"friction": [[0.00013454604775190685, -2.1963245492796887e-05, -2.1666070324207658e-05], [-2.1963245492796887e-05, 0.0001347288798037862, -2.1839326729325123e-05], [-2.1666070324207658e-05, -2.1839326729325123e-05, 0.00013477143215949789]]}
 #*EXTRAS*# Step:           8  Bead:     23  
{"friction": [[0.0001347154337631298, -2.1077884172622977e-05, -2.0746195674178643e-05], [-2.1077884172622977e-05, 0.00013488697902497946, -2.0949582004102927e-05], [-2.0746195674178643e-05, -2.0949582004102927e-05, 0.00013498266729807968]]}
 #*EXTRAS*# Step:           9  Bead:     23  
{"friction": [[0.00013481611865212025, -2.053674053534832e-05, -2.01846246551588e-05], [-2.053674053534832e-05, 0.0001349806653143807, -2.040612110386143e-05], [-2.01846246551588e-05, -2.040612110386143e-05, 0.00013510849536848895]]}
 #*EXTRAS*# Step:          10  Bead:     23  
{"friction": [[0.0001348807778884315, -2.0183897772674578e-05, -1.981880815708119e-05], [-2.0183897772674578e-05, 0.0001350407372482183, -2.0051915754899918e-05], [-1.981880815708119e-05, -2.0051915754899918e-05, 0.00013518934935084786]]}
 #*EXTRAS*# Step:          11  Bead:     23  
{"friction": [[0.0001349215048814425, -1.9959664346121504e-05, -1.9586489237769978e-05], [-1.9959664346121504e-05, 0.00013507854324242892, -1.9826877338041046e-05], [-1.9586489237769978e-05, -1.9826877338041046e-05, 0.0001352402812115684]]}
 #*EXTRAS*# Step:          12  Bead:     23  
{"friction": [[0.00013494755391469843, -1.9815480195861314e-05, -1.9437175958492894e-05], [-1.9815480195861314e-05, 0.000135102712735021, -1.9682200606778163e-05], [-1.9437175958492894e-05, -1.9682200606778163e-05, 0.00013527285504668702]]}
 #*EXTRAS*# Step:          13  Bead:     23  
{"friction": [[0.00013496415716432038, -1.9723279488697198e-05, -1.934172518666015e-05], [-1.9723279488697198e-05, 0.00013511811381395722, -1.958969518723911e-05], [-1.934172518666015e-05, -1.958969518723911e-05, 0.0001352936151525363]]}
 #*EXTRAS*# Step:          14  Bead:     23  
{"friction": [[0.00013497477286834576, -1.9664209235413694e-05, -1.928058524167134e-05], [-1.9664209235413694e-05, 0.00013512795928148898, -1.9530433927742633e-05], [-1.928058524167134e-05, -1.9530433927742633e-05, 0.00013530688757860477]]}
 #*EXTRAS*# Step:          15  Bead:     23  
{"friction": [[0.000134981556516536, -1.9626414162288698e-05, -1.924147112230769e-05], [-1.9626414162288698e-05, 0.00013513425010830033, -1.9492518369358335e-05], [-1.924147112230769e-05, -1.9492518369358335e-05, 0.0001353153684180537]]}
 #*EXTRAS*# Step:          16  Bead:     23  
{"friction": [[0.00013498589438579357, -1.960222632853448e-05, -1.9216441287917022e-05], [-1.960222632853448e-05, 0.0001351382725902024, -1.946825413544425e-05], [-1.9216441287917022e-05, -1.946825413544425e-05, 0.00013532079134656762]]}
