 #*EXTRAS*# Step:           0  Bead:     32  
     0.00011447          -0.00004408          -0.00004390
    -0.00004408           0.00011418          -0.00004385
    -0.00004390          -0.00004385           0.00011451
 #*EXTRAS*# Step:           1  Bead:     32  
     0.00011355          -0.00004368          -0.00004359
    -0.00004368           0.00011336          -0.00004356
    -0.00004359          -0.00004356           0.00011359
 #*EXTRAS*# Step:           2  Bead:     32  
     0.00011311          -0.00004346          -0.00004341
    -0.00004346           0.00011296          -0.00004339
    -0.00004341          -0.00004339           0.00011316
 #*EXTRAS*# Step:           3  Bead:     32  
     0.00011412          -0.00004394          -0.00004379
    -0.00004394           0.00011386          -0.00004375
    -0.00004379          -0.00004375           0.00011416
 #*EXTRAS*# Step:           4  Bead:     32  
     0.00011763          -0.00004462          -0.00004438
    -0.00004462           0.00011725          -0.00004424
    -0.00004438          -0.00004424           0.00011764
 #*EXTRAS*# Step:           5  Bead:     32  
     0.00012132          -0.00004371          -0.00004370
    -0.00004371           0.00012133          -0.00004369
    -0.00004370          -0.00004369           0.00012124
 #*EXTRAS*# Step:           6  Bead:     32  
     0.00012345          -0.00004259          -0.00004225
    -0.00004259           0.00012352          -0.00004268
    -0.00004225          -0.00004268           0.00012325
 #*EXTRAS*# Step:           7  Bead:     32  
     0.00012464          -0.00004167          -0.00004116
    -0.00004167           0.00012470          -0.00004177
    -0.00004116          -0.00004177           0.00012437
 #*EXTRAS*# Step:           8  Bead:     32  
     0.00012543          -0.00004094          -0.00004038
    -0.00004094           0.00012550          -0.00004104
    -0.00004038          -0.00004104           0.00012513
 #*EXTRAS*# Step:           9  Bead:     32  
     0.00012595          -0.00004043          -0.00003987
    -0.00004043           0.00012602          -0.00004052
    -0.00003987          -0.00004052           0.00012562
 #*EXTRAS*# Step:          10  Bead:     32  
     0.00012628          -0.00004007          -0.00003953
    -0.00004007           0.00012636          -0.00004016
    -0.00003953          -0.00004016           0.00012595
 #*EXTRAS*# Step:          11  Bead:     32  
     0.00012650          -0.00003984          -0.00003930
    -0.00003984           0.00012658          -0.00003993
    -0.00003930          -0.00003993           0.00012616
 #*EXTRAS*# Step:          12  Bead:     32  
     0.00012664          -0.00003969          -0.00003916
    -0.00003969           0.00012672          -0.00003977
    -0.00003916          -0.00003977           0.00012630
 #*EXTRAS*# Step:          13  Bead:     32  
     0.00012672          -0.00003959          -0.00003906
    -0.00003959           0.00012681          -0.00003967
    -0.00003906          -0.00003967           0.00012638
 #*EXTRAS*# Step:          14  Bead:     32  
     0.00012678          -0.00003952          -0.00003900
    -0.00003952           0.00012687          -0.00003961
    -0.00003900          -0.00003961           0.00012644
 #*EXTRAS*# Step:          15  Bead:     32  
     0.00012682          -0.00003948          -0.00003896
    -0.00003948           0.00012691          -0.00003956
    -0.00003896          -0.00003956           0.00012647
 #*EXTRAS*# Step:          16  Bead:     32  
     0.00012684          -0.00003946          -0.00003894
    -0.00003946           0.00012693          -0.00003954
    -0.00003894          -0.00003954           0.00012650
