 #*EXTRAS*# Step:           0  Bead:     48  
{"friction": [[0.00010490062451440705, -3.687350091212312e-05, -3.6805665261342465e-05], [-3.687350091212312e-05, 0.00010490061033065456, -3.69947368229772e-05], [-3.6805665261342465e-05, -3.69947368229772e-05, 0.0001046451982602587]]}
 #*EXTRAS*# Step:           1  Bead:     48  
{"friction": [[0.00010241218749187014, -3.333354022513325e-05, -3.331247262865845e-05], [-3.333354022513325e-05, 0.00010235426035805363, -3.35148718125976e-05], [-3.331247262865845e-05, -3.35148718125976e-05, 0.00010198870964078345]]}
 #*EXTRAS*# Step:           2  Bead:     48  
{"friction": [[0.00010047994921406065, -2.96436278916192e-05, -2.967540235593756e-05], [-2.96436278916192e-05, 0.0001003560631094302, -2.9650132463857295e-05], [-2.967540235593756e-05, -2.9650132463857295e-05, 0.00010029555401847941]]}
 #*EXTRAS*# Step:           3  Bead:     48  
{"friction": [[9.877353267481574e-05, -2.6296523145280043e-05, -2.618522439671099e-05], [-2.6296523145280043e-05, 9.882088027899617e-05, -2.6077497201697387e-05], [-2.618522439671099e-05, -2.6077497201697387e-05, 9.918846004428267e-05]]}
 #*EXTRAS*# Step:           4  Bead:     48  
{"friction": [[9.888003440097208e-05, -2.6513293046411083e-05, -2.641596744529621e-05], [-2.6513293046411083e-05, 9.891019458323802e-05, -2.630771999392694e-05], [-2.641596744529621e-05, -2.630771999392694e-05, 9.925124835351527e-05]]}
 #*EXTRAS*# Step:           5  Bead:     48  
{"friction": [[0.0001002926078955002, -2.927063199407184e-05, -2.9297493818048076e-05], [-2.927063199407184e-05, 0.00010017427283758008, -2.925258204666208e-05], [-2.9297493818048076e-05, -2.925258204666208e-05, 0.0001001584833375123]]}
 #*EXTRAS*# Step:           6  Bead:     48  
{"friction": [[0.00010118228218269887, -3.1041639755543175e-05, -3.1070254933904884e-05], [-3.1041639755543175e-05, 0.00010106346269848581, -3.1132071894849516e-05], [-3.1070254933904884e-05, -3.1132071894849516e-05, 0.00010085340790604885]]}
 #*EXTRAS*# Step:           7  Bead:     48  
{"friction": [[0.00010183475213105653, -3.229576704591551e-05, -3.2300967415999325e-05], [-3.229576704591551e-05, 0.00010174493637136346, -3.2445219489107416e-05], [-3.2300967415999325e-05, -3.2445219489107416e-05, 0.00010143288877148483]]}
 #*EXTRAS*# Step:           8  Bead:     48  
{"friction": [[0.00010223747837220154, -3.302806479858911e-05, -3.301495058421632e-05], [-3.302806479858911e-05, 0.00010216994705051909, -3.320191163011509e-05], [-3.301495058421632e-05, -3.320191163011509e-05, 0.00010181678529110152]]}
 #*EXTRAS*# Step:           9  Bead:     48  
{"friction": [[0.000102505976416638, -3.34942860893554e-05, -3.346905182061658e-05], [-3.34942860893554e-05, 0.00010245306223493712, -3.367885208384535e-05], [-3.346905182061658e-05, -3.367885208384535e-05, 0.000102082220004412]]}
 #*EXTRAS*# Step:          10  Bead:     48  
{"friction": [[0.00010268041444454005, -3.378707911292343e-05, -3.3754397561468144e-05], [-3.378707911292343e-05, 0.00010263642429977745, -3.3976207104015986e-05], [-3.3754397561468144e-05, -3.3976207104015986e-05, 0.00010225824213166934]]}
 #*EXTRAS*# Step:          11  Bead:     48  
{"friction": [[0.00010279451974116389, -3.397419367701251e-05, -3.3936913599664164e-05], [-3.397419367701251e-05, 0.00010275601329657256, -3.416528939484107e-05], [-3.3936913599664164e-05, -3.416528939484107e-05, 0.00010237476816998179]]}
 #*EXTRAS*# Step:          12  Bead:     48  
{"friction": [[0.00010286836803173804, -3.409341788894801e-05, -3.405329849590342e-05], [-3.409341788894801e-05, 0.0001028332352806251, -3.428536267494743e-05], [-3.405329849590342e-05, -3.428536267494743e-05, 0.00010245072966523856]]}
 #*EXTRAS*# Step:          13  Bead:     48  
{"friction": [[0.00010291605558731851, -3.416962166570133e-05, -3.412773126579041e-05], [-3.416962166570133e-05, 0.00010288302176043987, -3.4361938932081395e-05], [-3.412773126579041e-05, -3.4361938932081395e-05, 0.00010250000015075995]]}
 #*EXTRAS*# Step:          14  Bead:     48  
{"friction": [[0.00010294672807677494, -3.421830976625893e-05, -3.4175307510870735e-05], [-3.421830976625893e-05, 0.00010291500963698059, -3.441079413412964e-05], [-3.4175307510870735e-05, -3.441079413412964e-05, 0.00010253177871532054]]}
 #*EXTRAS*# Step:          15  Bead:     48  
{"friction": [[0.0001029664236126996, -3.424943900930914e-05, -3.4205734392960515e-05], [-3.424943900930914e-05, 0.00010293553511074273, -3.44420008849487e-05], [-3.4205734392960515e-05, -3.44420008849487e-05, 0.00010255222010134212]]}
 #*EXTRAS*# Step:          16  Bead:     48  
{"friction": [[0.00010297905134956256, -3.426934207992203e-05, -3.422519200204534e-05], [-3.426934207992203e-05, 0.00010294868880536898, -3.446194142502017e-05], [-3.422519200204534e-05, -3.446194142502017e-05, 0.00010256534051166263]]}
