 #*EXTRAS*# Step:           0  Bead:     36  
     0.00011145          -0.00004252          -0.00004258
    -0.00004252           0.00011145          -0.00004256
    -0.00004258          -0.00004256           0.00011152
 #*EXTRAS*# Step:           1  Bead:     36  
     0.00010967          -0.00004132          -0.00004138
    -0.00004132           0.00010969          -0.00004135
    -0.00004138          -0.00004135           0.00010974
 #*EXTRAS*# Step:           2  Bead:     36  
     0.00010829          -0.00004024          -0.00004025
    -0.00004024           0.00010829          -0.00004024
    -0.00004025          -0.00004024           0.00010833
 #*EXTRAS*# Step:           3  Bead:     36  
     0.00010803          -0.00004002          -0.00004003
    -0.00004002           0.00010804          -0.00004003
    -0.00004003          -0.00004003           0.00010806
 #*EXTRAS*# Step:           4  Bead:     36  
     0.00011033          -0.00004179          -0.00004187
    -0.00004179           0.00011035          -0.00004184
    -0.00004187          -0.00004184           0.00011041
 #*EXTRAS*# Step:           5  Bead:     36  
     0.00011369          -0.00004375          -0.00004364
    -0.00004375           0.00011348          -0.00004361
    -0.00004364          -0.00004361           0.00011373
 #*EXTRAS*# Step:           6  Bead:     36  
     0.00011624          -0.00004456          -0.00004427
    -0.00004456           0.00011582          -0.00004417
    -0.00004427          -0.00004417           0.00011625
 #*EXTRAS*# Step:           7  Bead:     36  
     0.00011782          -0.00004461          -0.00004438
    -0.00004461           0.00011745          -0.00004424
    -0.00004438          -0.00004424           0.00011782
 #*EXTRAS*# Step:           8  Bead:     36  
     0.00011879          -0.00004448          -0.00004434
    -0.00004448           0.00011852          -0.00004418
    -0.00004434          -0.00004418           0.00011878
 #*EXTRAS*# Step:           9  Bead:     36  
     0.00011939          -0.00004435          -0.00004426
    -0.00004435           0.00011918          -0.00004412
    -0.00004426          -0.00004412           0.00011937
 #*EXTRAS*# Step:          10  Bead:     36  
     0.00011976          -0.00004425          -0.00004420
    -0.00004425           0.00011960          -0.00004406
    -0.00004420          -0.00004406           0.00011973
 #*EXTRAS*# Step:          11  Bead:     36  
     0.00011999          -0.00004418          -0.00004415
    -0.00004418           0.00011987          -0.00004402
    -0.00004415          -0.00004402           0.00011996
 #*EXTRAS*# Step:          12  Bead:     36  
     0.00012014          -0.00004414          -0.00004411
    -0.00004414           0.00012003          -0.00004399
    -0.00004411          -0.00004399           0.00012011
 #*EXTRAS*# Step:          13  Bead:     36  
     0.00012024          -0.00004411          -0.00004409
    -0.00004411           0.00012014          -0.00004397
    -0.00004409          -0.00004397           0.00012020
 #*EXTRAS*# Step:          14  Bead:     36  
     0.00012030          -0.00004409          -0.00004407
    -0.00004409           0.00012021          -0.00004396
    -0.00004407          -0.00004396           0.00012026
 #*EXTRAS*# Step:          15  Bead:     36  
     0.00012034          -0.00004407          -0.00004406
    -0.00004407           0.00012025          -0.00004395
    -0.00004406          -0.00004395           0.00012030
 #*EXTRAS*# Step:          16  Bead:     36  
     0.00012036          -0.00004407          -0.00004405
    -0.00004407           0.00012028          -0.00004395
    -0.00004405          -0.00004395           0.00012032
