 #*EXTRAS*# Step:           0  Bead:     31  
     0.00011529          -0.00004435          -0.00004411
    -0.00004435           0.00011492          -0.00004403
    -0.00004411          -0.00004403           0.00011532
 #*EXTRAS*# Step:           1  Bead:     31  
     0.00011463          -0.00004414          -0.00004394
    -0.00004414           0.00011432          -0.00004389
    -0.00004394          -0.00004389           0.00011466
 #*EXTRAS*# Step:           2  Bead:     31  
     0.00011447          -0.00004408          -0.00004390
    -0.00004408           0.00011418          -0.00004385
    -0.00004390          -0.00004385           0.00011451
 #*EXTRAS*# Step:           3  Bead:     31  
     0.00011588          -0.00004449          -0.00004422
    -0.00004449           0.00011547          -0.00004413
    -0.00004422          -0.00004413           0.00011589
 #*EXTRAS*# Step:           4  Bead:     31  
     0.00011966          -0.00004428          -0.00004422
    -0.00004428           0.00011949          -0.00004408
    -0.00004422          -0.00004408           0.00011963
 #*EXTRAS*# Step:           5  Bead:     31  
     0.00012296          -0.00004291          -0.00004267
    -0.00004291           0.00012302          -0.00004299
    -0.00004267          -0.00004299           0.00012278
 #*EXTRAS*# Step:           6  Bead:     31  
     0.00012507          -0.00004128          -0.00004074
    -0.00004128           0.00012513          -0.00004138
    -0.00004074          -0.00004138           0.00012478
 #*EXTRAS*# Step:           7  Bead:     31  
     0.00012634          -0.00004001          -0.00003947
    -0.00004001           0.00012642          -0.00004010
    -0.00003947          -0.00004010           0.00012601
 #*EXTRAS*# Step:           8  Bead:     31  
     0.00012717          -0.00003908          -0.00003859
    -0.00003908           0.00012727          -0.00003916
    -0.00003859          -0.00003916           0.00012682
 #*EXTRAS*# Step:           9  Bead:     31  
     0.00012768          -0.00003846          -0.00003801
    -0.00003846           0.00012779          -0.00003853
    -0.00003801          -0.00003853           0.00012732
 #*EXTRAS*# Step:          10  Bead:     31  
     0.00012800          -0.00003805          -0.00003763
    -0.00003805           0.00012813          -0.00003811
    -0.00003763          -0.00003811           0.00012765
 #*EXTRAS*# Step:          11  Bead:     31  
     0.00012821          -0.00003778          -0.00003738
    -0.00003778           0.00012835          -0.00003784
    -0.00003738          -0.00003784           0.00012786
 #*EXTRAS*# Step:          12  Bead:     31  
     0.00012834          -0.00003760          -0.00003721
    -0.00003760           0.00012848          -0.00003766
    -0.00003721          -0.00003766           0.00012799
 #*EXTRAS*# Step:          13  Bead:     31  
     0.00012843          -0.00003749          -0.00003711
    -0.00003749           0.00012857          -0.00003754
    -0.00003711          -0.00003754           0.00012808
 #*EXTRAS*# Step:          14  Bead:     31  
     0.00012848          -0.00003742          -0.00003704
    -0.00003742           0.00012863          -0.00003747
    -0.00003704          -0.00003747           0.00012813
 #*EXTRAS*# Step:          15  Bead:     31  
     0.00012852          -0.00003737          -0.00003700
    -0.00003737           0.00012866          -0.00003742
    -0.00003700          -0.00003742           0.00012817
 #*EXTRAS*# Step:          16  Bead:     31  
     0.00012854          -0.00003734          -0.00003697
    -0.00003734           0.00012868          -0.00003739
    -0.00003697          -0.00003739           0.00012819
