 #*EXTRAS*# Step:           0  Bead:     59  
{"friction": [[0.00010251514085647045, -3.350986950112593e-05, -3.3484233397662335e-05], [-3.350986950112593e-05, 0.0001024627094050115, -3.369472217637789e-05], [-3.3484233397662335e-05, -3.369472217637789e-05, 0.00010209140079979171]]}
 #*EXTRAS*# Step:           1  Bead:     59  
{"friction": [[0.00010037935865733542, -2.9443127531236544e-05, -2.9472607460003528e-05], [-2.9443127531236544e-05, 0.00010025804007922309, -2.9436518778351414e-05], [-2.9472607460003528e-05, -2.9436518778351414e-05, 0.00010022135715849928]]}
 #*EXTRAS*# Step:           2  Bead:     59  
{"friction": [[9.825156322495388e-05, -2.5158344641308105e-05, -2.4973646352311754e-05], [-2.5158344641308105e-05, 9.839131353113851e-05, -2.4876931339995305e-05], [-2.4973646352311754e-05, -2.4876931339995305e-05, 9.888358954759786e-05]]}
 #*EXTRAS*# Step:           3  Bead:     59  
{"friction": [[9.717968876776888e-05, -2.0323567344601568e-05, -2.002562150918368e-05], [-2.0323567344601568e-05, 9.752838005223056e-05, -2.0015250696461092e-05], [-2.002562150918368e-05, -2.0015250696461092e-05, 9.809379861566223e-05]]}
 #*EXTRAS*# Step:           4  Bead:     59  
{"friction": [[9.722067865142672e-05, -1.9194728086477996e-05, -1.8934752509729627e-05], [-1.9194728086477996e-05, 9.754937046620953e-05, -1.8935471101597535e-05], [-1.8934752509729627e-05, -1.8935471101597535e-05, 9.802281954235908e-05]]}
 #*EXTRAS*# Step:           5  Bead:     59  
{"friction": [[9.72727407106999e-05, -2.1765901177572855e-05, -2.1451177525339022e-05], [-2.1765901177572855e-05, 9.760988469766427e-05, -2.1419661850770163e-05], [-2.1451177525339022e-05, -2.1419661850770163e-05, 9.824374882612662e-05]]}
 #*EXTRAS*# Step:           6  Bead:     59  
{"friction": [[9.751700884830694e-05, -2.30260081247189e-05, -2.2735368606543846e-05], [-2.30260081247189e-05, 9.780428588246839e-05, -2.2679240201096193e-05], [-2.2735368606543846e-05, -2.2679240201096193e-05, 9.843340721484104e-05]]}
 #*EXTRAS*# Step:           7  Bead:     59  
{"friction": [[9.780468786863167e-05, -2.3994469695012272e-05, -2.3743888961589212e-05], [-2.3994469695012272e-05, 9.803241141047216e-05, -2.3667814288760632e-05], [-2.3743888961589212e-05, -2.3667814288760632e-05, 9.861774629299982e-05]]}
 #*EXTRAS*# Step:           8  Bead:     59  
{"friction": [[9.799737324253508e-05, -2.4529162323707588e-05, -2.4306958950579498e-05], [-2.4529162323707588e-05, 9.81863236536516e-05, -2.4220639837419018e-05], [-2.4306958950579498e-05, -2.4220639837419018e-05, 9.873393391796848e-05]]}
 #*EXTRAS*# Step:           9  Bead:     59  
{"friction": [[9.813746772487275e-05, -2.4884411793309146e-05, -2.468293727100296e-05], [-2.4884411793309146e-05, 9.829900245930342e-05, -2.459047037640573e-05], [-2.468293727100296e-05, -2.459047037640573e-05, 9.881673260395983e-05]]}
 #*EXTRAS*# Step:          10  Bead:     59  
{"friction": [[9.822908807208024e-05, -2.5105328595214404e-05, -2.4917337901636612e-05], [-2.5105328595214404e-05, 9.837308901581875e-05, -2.4821406913389253e-05], [-2.4917337901636612e-05, -2.4821406913389253e-05, 9.887044756863591e-05]]}
 #*EXTRAS*# Step:          11  Bead:     59  
{"friction": [[9.828995178564207e-05, -2.524791855936654e-05, -2.506882681132987e-05], [-2.524791855936654e-05, 9.842248927939609e-05, -2.4970832037013967e-05], [-2.506882681132987e-05, -2.4970832037013967e-05, 9.89060133091731e-05]]}
 #*EXTRAS*# Step:          12  Bead:     59  
{"friction": [[9.832934383837228e-05, -2.5338620321198715e-05, -2.5165256843632497e-05], [-2.5338620321198715e-05, 9.84545434254939e-05, -2.506602642136082e-05], [-2.5165256843632497e-05, -2.506602642136082e-05, 9.892899918040389e-05]]}
 #*EXTRAS*# Step:          13  Bead:     59  
{"friction": [[9.835485009581442e-05, -2.5396730906633058e-05, -2.522706172790782e-05], [-2.5396730906633058e-05, 9.847533335457675e-05, -2.512707300640674e-05], [-2.522706172790782e-05, -2.512707300640674e-05, 9.894387291848124e-05]]}
 #*EXTRAS*# Step:          14  Bead:     59  
{"friction": [[9.837125345346259e-05, -2.5433856969923737e-05, -2.526655709503163e-05], [-2.5433856969923737e-05, 9.848871832089122e-05, -2.5166098026024688e-05], [-2.526655709503163e-05, -2.5166098026024688e-05, 9.89534354853721e-05]]}
 #*EXTRAS*# Step:          15  Bead:     59  
{"friction": [[9.838179124347716e-05, -2.5457608886525703e-05, -2.5291828282217243e-05], [-2.5457608886525703e-05, 9.849732318786211e-05, -2.5191074203160543e-05], [-2.5291828282217243e-05, -2.5191074203160543e-05, 9.895957771496338e-05]]}
 #*EXTRAS*# Step:          16  Bead:     59  
{"friction": [[9.838854712750694e-05, -2.547279669631829e-05, -2.530798892731227e-05], [-2.547279669631829e-05, 9.850284239821027e-05, -2.520704865548808e-05], [-2.530798892731227e-05, -2.520704865548808e-05, 9.896351525200723e-05]]}
