 #*EXTRAS*# Step:           0  Bead:     45  
{"friction": [[0.00010615791386994777, -3.8259948801847704e-05, -3.820990102880373e-05], [-3.8259948801847704e-05, 0.0001061542815691971, -3.831149517488624e-05], [-3.820990102880373e-05, -3.831149517488624e-05, 0.000106034172149726]]}
 #*EXTRAS*# Step:           1  Bead:     45  
{"friction": [[0.00010354235205419792, -3.5113942340354194e-05, -3.505422924962381e-05], [-3.5113942340354194e-05, 0.00010353006137209655, -3.529894437889325e-05], [-3.505422924962381e-05, -3.529894437889325e-05, 0.00010316079131783398]]}
 #*EXTRAS*# Step:           2  Bead:     45  
{"friction": [[0.00010158990977297511, -3.183349868368006e-05, -3.184890188488018e-05], [-3.183349868368006e-05, 0.00010148756142177106, -3.196344802653723e-05], [-3.184890188488018e-05, -3.196344802653723e-05, 0.00010120888762491]]}
 #*EXTRAS*# Step:           3  Bead:     45  
{"friction": [[0.00010018875038753532, -2.906480857843254e-05, -2.9087730765034423e-05], [-2.906480857843254e-05, 0.00010007495713085022, -2.90329353894439e-05], [-2.9087730765034423e-05, -2.90329353894439e-05, 0.00010008454506624207]]}
 #*EXTRAS*# Step:           4  Bead:     45  
{"friction": [[0.00010056345598044818, -2.9810340194121033e-05, -2.984343632542387e-05], [-2.9810340194121033e-05, 0.00010043813945351654, -2.9827580530622198e-05], [-2.984343632542387e-05, -2.9827580530622198e-05, 0.00010035821848160144]]}
 #*EXTRAS*# Step:           5  Bead:     45  
{"friction": [[0.00010210335332488943, -3.278838636502624e-05, -3.2781448099931364e-05], [-3.278838636502624e-05, 0.00010202833385707311, -3.295520415596575e-05], [-3.2781448099931364e-05, -3.295520415596575e-05, 0.00010168692594433275]]}
 #*EXTRAS*# Step:           6  Bead:     45  
{"friction": [[0.00010329218497155537, -3.474909417223701e-05, -3.469521898716443e-05], [-3.474909417223701e-05, 0.0001032731977375933, -3.493961903860623e-05], [-3.469521898716443e-05, -3.493961903860623e-05, 0.00010289406993994924]]}
 #*EXTRAS*# Step:           7  Bead:     45  
{"friction": [[0.00010423354886509322, -3.605045682101098e-05, -3.5982260127764844e-05], [-3.605045682101098e-05, 0.00010423133906345728, -3.620780585065814e-05], [-3.5982260127764844e-05, -3.620780585065814e-05, 0.0001039108323727449]]}
 #*EXTRAS*# Step:           8  Bead:     45  
{"friction": [[0.00010483908489127552, -3.680042620323891e-05, -3.673225815676051e-05], [-3.680042620323891e-05, 0.00010483906886802344, -3.6925175375952574e-05], [-3.673225815676051e-05, -3.6925175375952574e-05, 0.00010457722230730651]]}
 #*EXTRAS*# Step:           9  Bead:     45  
{"friction": [[0.00010523795215181045, -3.726473786750674e-05, -3.719969350865754e-05], [-3.726473786750674e-05, 0.00010523746707756129, -3.736652614721553e-05], [-3.719969350865754e-05, -3.736652614721553e-05, 0.0001050181732771548]]}
 #*EXTRAS*# Step:          10  Bead:     45  
{"friction": [[0.00010549588701365738, -3.7553861896376296e-05, -3.749198966564414e-05], [-3.7553861896376296e-05, 0.00010549465173017284, -3.7640870454003506e-05], [-3.749198966564414e-05, -3.7640870454003506e-05, 0.00010530348288856685]]}
 #*EXTRAS*# Step:          11  Bead:     45  
{"friction": [[0.00010566300454966081, -3.77368330641816e-05, -3.767746352403932e-05], [-3.77368330641816e-05, 0.00010566118173486096, -3.781446206860914e-05], [-3.767746352403932e-05, -3.781446206860914e-05, 0.0001054882399366176]]}
 #*EXTRAS*# Step:          12  Bead:     45  
{"friction": [[0.00010577062338650553, -3.785292258213887e-05, -3.779534251587365e-05], [-3.785292258213887e-05, 0.00010576840136734514, -3.7924635294822145e-05], [-3.779534251587365e-05, -3.7924635294822145e-05, 0.0001056071366862492]]}
 #*EXTRAS*# Step:          13  Bead:     45  
{"friction": [[0.00010583981063831308, -3.792685434052792e-05, -3.787049620061222e-05], [-3.792685434052792e-05, 0.00010583732881175195, -3.799482561345527e-05], [-3.787049620061222e-05, -3.799482561345527e-05, 0.00010568353015737393]]}
 #*EXTRAS*# Step:          14  Bead:     45  
{"friction": [[0.00010588419671747183, -3.797399975994023e-05, -3.791845446565284e-05], [-3.797399975994023e-05, 0.00010588154832309794, -3.8039599168880295e-05], [-3.791845446565284e-05, -3.8039599168880295e-05, 0.00010573251830536752]]}
 #*EXTRAS*# Step:          15  Bead:     45  
{"friction": [[0.00010591264448771072, -3.80041002905466e-05, -3.7949087721920757e-05], [-3.80041002905466e-05, 0.00010590988974815205, -3.806819193957951e-05], [-3.7949087721920757e-05, -3.806819193957951e-05, 0.00010576390628262574]]}
 #*EXTRAS*# Step:          16  Bead:     45  
{"friction": [[0.00010593086271246113, -3.802332976375978e-05, -3.796866314843513e-05], [-3.802332976375978e-05, 0.00010592804013250864, -3.8086461111016226e-05], [-3.796866314843513e-05, -3.8086461111016226e-05, 0.0001057840034278351]]}
