 #*EXTRAS*# Step:           0  Bead:      6  
{"friction": [[0.0001311956103908458, -3.29848470674875e-05, -3.289701440835983e-05], [-3.29848470674875e-05, 0.00013142653940500336, -3.297224398384808e-05], [-3.289701440835983e-05, -3.297224398384808e-05, 0.00013092623268750358]]}
 #*EXTRAS*# Step:           1  Bead:      6  
{"friction": [[0.00013379754738756933, -2.544336620256607e-05, -2.5283541235990818e-05], [-2.544336620256607e-05, 0.00013402015037169526, -2.5343693185848085e-05], [-2.5283541235990818e-05, -2.5343693185848085e-05, 0.0001338532609342757]]}
 #*EXTRAS*# Step:           2  Bead:      6  
{"friction": [[0.0001354005408940594, -1.723598162677344e-05, -1.6777359961614436e-05], [-1.723598162677344e-05, 0.0001355224161928526, -1.7097205151167636e-05], [-1.6777359961614436e-05, -1.7097205151167636e-05, 0.00013583703505356534]]}
 #*EXTRAS*# Step:           3  Bead:      6  
{"friction": [[0.00013681692943362544, -9.283028492345667e-06, -8.78292600373361e-06], [-9.283028492345667e-06, 0.00013685699186556386, -9.166451265365982e-06], [-8.78292600373361e-06, -9.166451265365982e-06, 0.0001375102298500599]]}
 #*EXTRAS*# Step:           4  Bead:      6  
{"friction": [[0.00013742656368641927, -6.25643554302692e-06, -5.845841035678323e-06], [-6.25643554302692e-06, 0.00013744959784629403, -6.163411185282463e-06], [-5.845841035678323e-06, -6.163411185282463e-06, 0.00013817692418401675]]}
 #*EXTRAS*# Step:           5  Bead:      6  
{"friction": [[0.00013747316574997005, -6.036469924334205e-06, -5.6349103574555905e-06], [-6.036469924334205e-06, 0.00013749533569004692, -5.945471831913888e-06], [-5.6349103574555905e-06, -5.945471831913888e-06, 0.0001382267284198196]]}
 #*EXTRAS*# Step:           6  Bead:      6  
{"friction": [[0.00013762854824775383, -5.314275735928797e-06, -4.944848886793821e-06], [-5.314275735928797e-06, 0.00013764825309295193, -5.230226139709081e-06], [-4.944848886793821e-06, -5.230226139709081e-06, 0.00013839170958846754]]}
 #*EXTRAS*# Step:           7  Bead:      6  
{"friction": [[0.0001376818345698643, -5.070516121837466e-06, -4.712794550557321e-06], [-5.070516121837466e-06, 0.00013770083774032905, -4.9889137970960025e-06], [-4.712794550557321e-06, -4.9889137970960025e-06, 0.00013844791792203725]]}
 #*EXTRAS*# Step:           8  Bead:      6  
{"friction": [[0.0001377272289712876, -4.864403126914076e-06, -4.516919505127056e-06], [-4.864403126914076e-06, 0.00013774569073775813, -4.784910111662872e-06], [-4.516919505127056e-06, -4.784910111662872e-06, 0.00013849565745275368]]}
 #*EXTRAS*# Step:           9  Bead:      6  
{"friction": [[0.0001377530385564088, -4.7478425622156085e-06, -4.406287137848918e-06], [-4.7478425622156085e-06, 0.00013777121530928057, -4.669558592185811e-06], [-4.406287137848918e-06, -4.669558592185811e-06, 0.0001385227422195074]]}
 #*EXTRAS*# Step:          10  Bead:      6  
{"friction": [[0.00013777034671191228, -4.669929051115223e-06, -4.332392137920812e-06], [-4.669929051115223e-06, 0.00013778834150541543, -4.592459767670383e-06], [-4.332392137920812e-06, -4.592459767670383e-06, 0.00013854088217322562]]}
 #*EXTRAS*# Step:          11  Bead:      6  
{"friction": [[0.00013778120383086624, -4.6211584672524236e-06, -4.28615978271252e-06], [-4.6211584672524236e-06, 0.0001377990882209774, -4.544201797664805e-06], [-4.28615978271252e-06, -4.544201797664805e-06, 0.0001385522515649031]]}
 #*EXTRAS*# Step:          12  Bead:      6  
{"friction": [[0.00013778821211229674, -4.589719168563079e-06, -4.25636603499518e-06], [-4.589719168563079e-06, 0.00013780602676097844, -4.513094031348049e-06], [-4.25636603499518e-06, -4.513094031348049e-06, 0.0001385595866469089]]}
 #*EXTRAS*# Step:          13  Bead:      6  
{"friction": [[0.0001377926806969983, -4.569690242231278e-06, -4.237389244134223e-06], [-4.569690242231278e-06, 0.00013781045150024568, -4.493276755678555e-06], [-4.237389244134223e-06, -4.493276755678555e-06, 0.0001385642620231786]]}
 #*EXTRAS*# Step:          14  Bead:      6  
{"friction": [[0.00013779554463805383, -4.556860641450573e-06, -4.225235151000526e-06], [-4.556860641450573e-06, 0.0001378132875951081, -4.480582909396338e-06], [-4.225235151000526e-06, -4.480582909396338e-06, 0.0001385672578518146]]}
 #*EXTRAS*# Step:          15  Bead:      6  
{"friction": [[0.00013779737568103969, -4.5486609997867384e-06, -4.217467876694222e-06], [-4.5486609997867384e-06, 0.00013781510093891964, -4.472470104998137e-06], [-4.217467876694222e-06, -4.472470104998137e-06, 0.00013856917295205308]]}
 #*EXTRAS*# Step:          16  Bead:      6  
{"friction": [[0.00013779854742535517, -4.543414960688636e-06, -4.212498722243818e-06], [-4.543414960688636e-06, 0.00013781626139954025, -4.467279653674658e-06], [-4.212498722243818e-06, -4.467279653674658e-06, 0.0001385703983792827]]}
