 #*EXTRAS*# Step:           0  Bead:     14  
{"friction": [[0.0001278780787535134, -3.82100307641886e-05, -3.7774858450361775e-05], [-3.82100307641886e-05, 0.00012800126167604204, -3.8273806917358165e-05], [-3.7774858450361775e-05, -3.8273806917358165e-05, 0.0001275253587009841]]}
 #*EXTRAS*# Step:           1  Bead:     14  
{"friction": [[0.00013137078977257556, -3.2624940995155573e-05, -3.25498962909749e-05], [-3.2624940995155573e-05, 0.00013160578360822762, -3.260731339474759e-05], [-3.25498962909749e-05, -3.260731339474759e-05, 0.00013111273204259827]]}
 #*EXTRAS*# Step:           2  Bead:     14  
{"friction": [[0.00013374478328643185, -2.5661182260503057e-05, -2.5509375856580467e-05], [-2.5661182260503057e-05, 0.00013396948007718206, -2.556339063378455e-05], [-2.5509375856580467e-05, -2.556339063378455e-05, 0.00013378980239580967]]}
 #*EXTRAS*# Step:           3  Bead:     14  
{"friction": [[0.00013540819044204994, -1.7191626808076683e-05, -1.673184484825904e-05], [-1.7191626808076683e-05, 0.00013552950645998835, -1.7052810730826303e-05], [-1.673184484825904e-05, -1.7052810730826303e-05, 0.00013584649578752232]]}
 #*EXTRAS*# Step:           4  Bead:     14  
{"friction": [[0.0001362437826395187, -1.2380497098284417e-05, -1.185263231695649e-05], [-1.2380497098284417e-05, 0.00013631028248581106, -1.2248331146973155e-05], [-1.185263231695649e-05, -1.2248331146973155e-05, 0.00013685445625756008]]}
 #*EXTRAS*# Step:           5  Bead:     14  
{"friction": [[0.00013644705004819285, -1.1255669411550215e-05, -1.0730784511964865e-05], [-1.1255669411550215e-05, 0.00013650299180488024, -1.1128154125782506e-05], [-1.0730784511964865e-05, -1.1128154125782506e-05, 0.00013709046658308473]]}
 #*EXTRAS*# Step:           6  Bead:     14  
{"friction": [[0.0001366910083365231, -9.943265960473648e-06, -9.432017545977411e-06], [-9.943265960473648e-06, 0.00013673599137623173, -9.822635849102834e-06], [-9.432017545977411e-06, -9.822635849102834e-06, 0.00013736870269931542]]}
 #*EXTRAS*# Step:           7  Bead:     14  
{"friction": [[0.00013679237492042403, -9.410835526043185e-06, -8.908347306262705e-06], [-9.410835526043185e-06, 0.00013683335780874758, -9.293443131593616e-06], [-8.908347306262705e-06, -9.293443131593616e-06, 0.00013748274107063538]]}
 #*EXTRAS*# Step:           8  Bead:     14  
{"friction": [[0.00013687069595131007, -9.004770389134832e-06, -8.510244157797807e-06], [-9.004770389134832e-06, 0.00013690880850569025, -8.890018629033262e-06], [-8.510244157797807e-06, -8.890018629033262e-06, 0.00013757023992532172]]}
 #*EXTRAS*# Step:           9  Bead:     14  
{"friction": [[0.00013691717809970563, -8.765984582495752e-06, -8.276663494936957e-06], [-8.765984582495752e-06, 0.00013695367714590685, -8.652854637587062e-06], [-8.276663494936957e-06, -8.652854637587062e-06, 0.00013762192105447741]]}
 #*EXTRAS*# Step:          10  Bead:     14  
{"friction": [[0.00013694793591004952, -8.60888280674614e-06, -8.123199036605814e-06], [-8.60888280674614e-06, 0.0001369834038359969, -8.496847686857384e-06], [-8.123199036605814e-06, -8.496847686857384e-06, 0.00013765601901106225]]}
 #*EXTRAS*# Step:          11  Bead:     14  
{"friction": [[0.00013696739166711372, -8.509881214329787e-06, -8.026576679676384e-06], [-8.509881214329787e-06, 0.00013700222231173456, -8.398547342608335e-06], [-8.026576679676384e-06, -8.398547342608335e-06, 0.00013767754679049388]]}
 #*EXTRAS*# Step:          12  Bead:     14  
{"friction": [[0.00013697993410570955, -8.446211474531963e-06, -7.964472737987686e-06], [-8.446211474531963e-06, 0.00013701436003617207, -8.335333206818991e-06], [-7.964472737987686e-06, -8.335333206818991e-06, 0.00013769140834012528]]}
 #*EXTRAS*# Step:          13  Bead:     14  
{"friction": [[0.00013698794777866337, -8.405594136129314e-06, -7.924868892687207e-06], [-8.405594136129314e-06, 0.00013702211763241264, -8.295008403140615e-06], [-7.924868892687207e-06, -8.295008403140615e-06, 0.0001377002580193388]]}
 #*EXTRAS*# Step:          14  Bead:     14  
{"friction": [[0.00013699308438334956, -8.379584990169755e-06, -7.899514716520752e-06], [-8.379584990169755e-06, 0.00013702709112258058, -8.269187352534887e-06], [-7.899514716520752e-06, -8.269187352534887e-06, 0.0001377059277036576]]}
 #*EXTRAS*# Step:          15  Bead:     14  
{"friction": [[0.00013699637043761828, -8.362956640867231e-06, -7.883307556826771e-06], [-8.362956640867231e-06, 0.00013703027324691783, -8.252679573420974e-06], [-7.883307556826771e-06, -8.252679573420974e-06, 0.00013770955364770867]]}
 #*EXTRAS*# Step:          16  Bead:     14  
{"friction": [[0.00013699847363036487, -8.352318221659146e-06, -7.872939607331777e-06], [-8.352318221659146e-06, 0.000137032310092565, -8.242118421293213e-06], [-7.872939607331777e-06, -8.242118421293213e-06, 0.00013771187391628344]]}
