 #*EXTRAS*# Step:           0  Bead:     16  
     0.00012661          -0.00003971          -0.00003918
    -0.00003971           0.00012670          -0.00003980
    -0.00003918          -0.00003980           0.00012627
 #*EXTRAS*# Step:           1  Bead:     16  
     0.00013004          -0.00003508          -0.00003488
    -0.00003508           0.00013024          -0.00003510
    -0.00003488          -0.00003510           0.00012972
 #*EXTRAS*# Step:           2  Bead:     16  
     0.00013285          -0.00002885          -0.00002879
    -0.00002885           0.00013310          -0.00002878
    -0.00002879          -0.00002878           0.00013275
 #*EXTRAS*# Step:           3  Bead:     16  
     0.00013481          -0.00002057          -0.00002022
    -0.00002057           0.00013497          -0.00002044
    -0.00002022          -0.00002044           0.00013510
 #*EXTRAS*# Step:           4  Bead:     16  
     0.00013576          -0.00001513          -0.00001462
    -0.00001513           0.00013586          -0.00001499
    -0.00001462          -0.00001499           0.00013628
 #*EXTRAS*# Step:           5  Bead:     16  
     0.00013604          -0.00001355          -0.00001303
    -0.00001355           0.00013612          -0.00001342
    -0.00001303          -0.00001342           0.00013661
 #*EXTRAS*# Step:           6  Bead:     16  
     0.00013631          -0.00001200          -0.00001147
    -0.00001200           0.00013638          -0.00001186
    -0.00001147          -0.00001186           0.00013694
 #*EXTRAS*# Step:           7  Bead:     16  
     0.00013643          -0.00001134          -0.00001081
    -0.00001134           0.00013649          -0.00001121
    -0.00001081          -0.00001121           0.00013707
 #*EXTRAS*# Step:           8  Bead:     16  
     0.00013652          -0.00001085          -0.00001032
    -0.00001085           0.00013657          -0.00001072
    -0.00001032          -0.00001072           0.00013718
 #*EXTRAS*# Step:           9  Bead:     16  
     0.00013658          -0.00001056          -0.00001004
    -0.00001056           0.00013663          -0.00001043
    -0.00001004          -0.00001043           0.00013724
 #*EXTRAS*# Step:          10  Bead:     16  
     0.00013661          -0.00001036          -0.00000985
    -0.00001036           0.00013666          -0.00001024
    -0.00000985          -0.00001024           0.00013728
 #*EXTRAS*# Step:          11  Bead:     16  
     0.00013663          -0.00001024          -0.00000973
    -0.00001024           0.00013668          -0.00001012
    -0.00000973          -0.00001012           0.00013730
 #*EXTRAS*# Step:          12  Bead:     16  
     0.00013665          -0.00001017          -0.00000965
    -0.00001017           0.00013670          -0.00001004
    -0.00000965          -0.00001004           0.00013732
 #*EXTRAS*# Step:          13  Bead:     16  
     0.00013666          -0.00001012          -0.00000960
    -0.00001012           0.00013670          -0.00001000
    -0.00000960          -0.00001000           0.00013733
 #*EXTRAS*# Step:          14  Bead:     16  
     0.00013666          -0.00001009          -0.00000957
    -0.00001009           0.00013671          -0.00000996
    -0.00000957          -0.00000996           0.00013734
 #*EXTRAS*# Step:          15  Bead:     16  
     0.00013667          -0.00001007          -0.00000955
    -0.00001007           0.00013671          -0.00000994
    -0.00000955          -0.00000994           0.00013734
 #*EXTRAS*# Step:          16  Bead:     16  
     0.00013667          -0.00001005          -0.00000954
    -0.00001005           0.00013672          -0.00000993
    -0.00000954          -0.00000993           0.00013735
