 #*EXTRAS*# Step:           0  Bead:     54  
{"friction": [[0.00010321820672526034, -3.463813479007007e-05, -3.4586315531130965e-05], [-3.463813479007007e-05, 0.00010319683609987853, -3.482966366715975e-05], [-3.4586315531130965e-05, -3.482966366715975e-05, 0.00010281585060269033]]}
 #*EXTRAS*# Step:           1  Bead:     54  
{"friction": [[0.00010100293567762007, -3.068691770322139e-05, -3.0719129690069354e-05], [-3.068691770322139e-05, 0.00010087948954331636, -3.0757534154374416e-05], [-3.0719129690069354e-05, -3.0757534154374416e-05, 0.00010070428783763487]]}
 #*EXTRAS*# Step:           2  Bead:     54  
{"friction": [[9.89054368569124e-05, -2.6564472436869192e-05, -2.6470416303354777e-05], [-2.6564472436869192e-05, 9.893159069408707e-05, -2.6362134844251836e-05], [-2.6470416303354777e-05, -2.6362134844251836e-05, 9.9266282221234e-05]]}
 #*EXTRAS*# Step:           3  Bead:     54  
{"friction": [[9.7349769683163e-05, -2.225726771520433e-05, -2.194773654784395e-05], [-2.225726771520433e-05, 9.767167625067085e-05, -2.190710179615841e-05], [-2.194773654784395e-05, -2.190710179615841e-05, 9.83110215890771e-05]]}
 #*EXTRAS*# Step:           4  Bead:     54  
{"friction": [[9.725254777708447e-05, -2.1603787155989207e-05, -2.1288605311021518e-05], [-2.1603787155989207e-05, 9.759344859381441e-05, -2.1259905436648432e-05], [-2.1288605311021518e-05, -2.1259905436648432e-05, 9.822340151739657e-05]]}
 #*EXTRAS*# Step:           5  Bead:     54  
{"friction": [[9.787514979784292e-05, -2.4197436276884823e-05, -2.3957178174738958e-05], [-2.4197436276884823e-05, 9.80885638897034e-05, -2.3877104078358055e-05], [-2.3957178174738958e-05, -2.3877104078358055e-05, 9.866064932568723e-05]]}
 #*EXTRAS*# Step:           6  Bead:     54  
{"friction": [[9.844256406611393e-05, -2.5593156048475405e-05, -2.5436091701303044e-05], [-2.5593156048475405e-05, 9.85470438258813e-05, -2.5333745340788826e-05], [-2.5436091701303044e-05, -2.5333745340788826e-05, 9.899499340564813e-05]]}
 #*EXTRAS*# Step:           7  Bead:     54  
{"friction": [[9.893988721591826e-05, -2.6633589787725847e-05, -2.6543926629403237e-05], [-2.6633589787725847e-05, 9.896066673603342e-05, -2.643565535636988e-05], [-2.6543926629403237e-05, -2.643565535636988e-05, 9.92867105201158e-05]]}
 #*EXTRAS*# Step:           8  Bead:     54  
{"friction": [[9.924072929634912e-05, -2.7225892392284503e-05, -2.717236252856746e-05], [-2.7225892392284503e-05, 9.921766216880017e-05, -2.706704905497217e-05], [-2.717236252856746e-05, -2.706704905497217e-05, 9.946746773445723e-05]]}
 #*EXTRAS*# Step:           9  Bead:     54  
{"friction": [[9.944203473577762e-05, -2.761495307620058e-05, -2.7583012756389918e-05], [-2.761495307620058e-05, 9.93930557306191e-05, -2.7482766393362044e-05], [-2.7583012756389918e-05, -2.7482766393362044e-05, 9.959143536552707e-05]]}
 #*EXTRAS*# Step:          10  Bead:     54  
{"friction": [[9.956898741348012e-05, -2.7859115965655727e-05, -2.7839532336628075e-05], [-2.7859115965655727e-05, 9.950527126021748e-05, -2.7743884916492312e-05], [-2.7839532336628075e-05, -2.7743884916492312e-05, 9.967118986858504e-05]]}
 #*EXTRAS*# Step:          11  Bead:     54  
{"friction": [[9.9650892798636e-05, -2.8016614499937413e-05, -2.80044270950423e-05], [-2.8016614499937413e-05, 9.957838874082374e-05, -2.7912366989520265e-05], [-2.80044270950423e-05, -2.7912366989520265e-05, 9.972338923549824e-05]]}
 #*EXTRAS*# Step:          12  Bead:     54  
{"friction": [[9.970309803356987e-05, -2.8117112643708406e-05, -2.8109386559800592e-05], [-2.8117112643708406e-05, 9.962530562815277e-05, -2.8019880210604488e-05], [-2.8109386559800592e-05, -2.8019880210604488e-05, 9.975699300565576e-05]]}
 #*EXTRAS*# Step:          13  Bead:     54  
{"friction": [[9.973652476294535e-05, -2.8181539003617753e-05, -2.8176561191974045e-05], [-2.8181539003617753e-05, 9.96554794244346e-05, -2.8088803150377343e-05], [-2.8176561191974045e-05, -2.8088803150377343e-05, 9.977865317046678e-05]]}
 #*EXTRAS*# Step:          14  Bead:     54  
{"friction": [[9.975788257376503e-05, -2.8222744348316703e-05, -2.821947691993967e-05], [-2.8222744348316703e-05, 9.967481467578284e-05, -2.8132883284981958e-05], [-2.821947691993967e-05, -2.8132883284981958e-05, 9.979255374857505e-05]]}
 #*EXTRAS*# Step:          15  Bead:     54  
{"friction": [[9.977154248059024e-05, -2.8249117075170078e-05, -2.824692455472971e-05], [-2.8249117075170078e-05, 9.968720424423933e-05, -2.816109529086259e-05], [-2.824692455472971e-05, -2.816109529086259e-05, 9.980146969277388e-05]]}
 #*EXTRAS*# Step:          16  Bead:     54  
{"friction": [[9.978027627349094e-05, -2.826598742816015e-05, -2.826447430646709e-05], [-2.826598742816015e-05, 9.969513542261014e-05, -2.8179141874100764e-05], [-2.826447430646709e-05, -2.8179141874100764e-05, 9.980718089499678e-05]]}
