 #*EXTRAS*# Step:           0  Bead:      1  
{"friction": [[0.0001318960708675288, -3.145359585337808e-05, -3.140499284046311e-05], [-3.145359585337808e-05, 0.00013214032682715794, -3.1420093958772926e-05], [-3.140499284046311e-05, -3.1420093958772926e-05, 0.00013167914079224472]]}
 #*EXTRAS*# Step:           1  Bead:      1  
{"friction": [[0.00013421219818083975, -2.3605689047036214e-05, -2.3374290140305082e-05], [-2.3605689047036214e-05, 0.00013441500713185748, -2.3491833407910672e-05], [-2.3374290140305082e-05, -2.3491833407910672e-05, 0.00013435815019284246]]}
 #*EXTRAS*# Step:           2  Bead:      1  
{"friction": [[0.00013573156450987525, -1.531122246133872e-05, -1.4810488159437588e-05], [-1.531122246133872e-05, 0.0001358299027784595, -1.5172430443879968e-05], [-1.4810488159437588e-05, -1.5172430443879968e-05, 0.00013624312450119847]]}
 #*EXTRAS*# Step:           3  Bead:      1  
{"friction": [[0.00013712779840587168, -7.704633406618396e-06, -7.2432029676650376e-06], [-7.704633406618396e-06, 0.00013715781044139786, -7.5993272238622495e-06], [-7.2432029676650376e-06, -7.5993272238622495e-06, 0.00013785385777348626]]}
 #*EXTRAS*# Step:           4  Bead:      1  
{"friction": [[0.00013767831127657328, -5.086572824476252e-06, -4.728066803940873e-06], [-5.086572824476252e-06, 0.00013769735862466465, -5.004807717050321e-06], [-4.728066803940873e-06, -5.004807717050321e-06, 0.00013844420710205075]]}
 #*EXTRAS*# Step:           5  Bead:      1  
{"friction": [[0.00013769500088790595, -5.010588947814341e-06, -4.6558118404509825e-06], [-5.010588947814341e-06, 0.00013771384172842844, -4.929596127837761e-06], [-4.6558118404509825e-06, -4.929596127837761e-06, 0.0001384617779617171]]}
 #*EXTRAS*# Step:           6  Bead:      1  
{"friction": [[0.00013782856683117385, -4.4093276387752435e-06, -4.085557628520318e-06], [-4.4093276387752435e-06, 0.0001378460030153187, -4.3346211515787955e-06], [-4.085557628520318e-06, -4.3346211515787955e-06, 0.00013860176447469952]]}
 #*EXTRAS*# Step:           7  Bead:      1  
{"friction": [[0.00013787080283125152, -4.2216870213216404e-06, -3.908141071202103e-06], [-4.2216870213216404e-06, 0.00013788788468120576, -4.149005870458964e-06], [-3.908141071202103e-06, -4.149005870458964e-06, 0.00013864580277650641]]}
 #*EXTRAS*# Step:           8  Bead:      1  
{"friction": [[0.00013790841378145038, -4.055583065666455e-06, -3.7513058560917236e-06], [-4.055583065666455e-06, 0.00013792521558389558, -3.984719917314708e-06], [-3.7513058560917236e-06, -3.984719917314708e-06, 0.00013868492901939597]]}
 #*EXTRAS*# Step:           9  Bead:      1  
{"friction": [[0.0001379294302841245, -3.9631687121073085e-06, -3.6641371615835034e-06], [-3.9631687121073085e-06, 0.00013794608999531557, -3.893327236509839e-06], [-3.6641371615835034e-06, -3.893327236509839e-06, 0.00013870675595400254]]}
 #*EXTRAS*# Step:          10  Bead:      1  
{"friction": [[0.0001379436183742693, -3.900942529069543e-06, -3.6054789210239987e-06], [-3.900942529069543e-06, 0.00013796018794874098, -3.83179308955976e-06], [-3.6054789210239987e-06, -3.83179308955976e-06, 0.00013872147658957804]]}
 #*EXTRAS*# Step:          11  Bead:      1  
{"friction": [[0.0001379524904757413, -3.862097368035428e-06, -3.5688757070827457e-06], [-3.862097368035428e-06, 0.00013796900604495836, -3.7933816105998145e-06], [-3.5688757070827457e-06, -3.7933816105998145e-06, 0.00013873067576881967]]}
 #*EXTRAS*# Step:          12  Bead:      1  
{"friction": [[0.0001379582225625487, -3.837027282171246e-06, -3.5452585150372925e-06], [-3.837027282171246e-06, 0.00013797470420217437, -3.7685920993052055e-06], [-3.5452585150372925e-06, -3.7685920993052055e-06, 0.00013873661675538375]]}
 #*EXTRAS*# Step:          13  Bead:      1  
{"friction": [[0.00013796187499285674, -3.821063900763913e-06, -3.530222707167836e-06], [-3.821063900763913e-06, 0.00013797833540600532, -3.7528076527859285e-06], [-3.530222707167836e-06, -3.7528076527859285e-06, 0.00013874040130667877]]}
 #*EXTRAS*# Step:          14  Bead:      1  
{"friction": [[0.0001379642160712024, -3.8108364518266074e-06, -3.5205905370555803e-06], [-3.8108364518266074e-06, 0.00013798066303964958, -3.742694958251714e-06], [-3.5205905370555803e-06, -3.742694958251714e-06, 0.0001387428266661096]]}
 #*EXTRAS*# Step:          15  Bead:      1  
{"friction": [[0.00013796571257119976, -3.8043005508814134e-06, -3.514435460718382e-06], [-3.8043005508814134e-06, 0.00013798215101104406, -3.7362324383158968e-06], [-3.514435460718382e-06, -3.7362324383158968e-06, 0.00013874437687645187]]}
 #*EXTRAS*# Step:          16  Bead:      1  
{"friction": [[0.00013796667022043812, -3.8001188130614423e-06, -3.5104975456983384e-06], [-3.8001188130614423e-06, 0.00013798310322949036, -3.7320976695151757e-06], [-3.5104975456983384e-06, -3.7320976695151757e-06, 0.0001387453688288128]]}
