 #*EXTRAS*# Step:           0  Bead:     34  
{"friction": [[0.0001129115705507499, -4.335986330177095e-05, -4.33306885948054e-05], [-4.335986330177095e-05, 0.00011279080035366944, -4.3306160132593466e-05], [-4.33306885948054e-05, -4.3306160132593466e-05, 0.00011296244664467974]]}
 #*EXTRAS*# Step:           1  Bead:     34  
{"friction": [[0.00011151765722836434, -4.2558407210384785e-05, -4.262200855089147e-05], [-4.2558407210384785e-05, 0.00011150975006612961, -4.2602649141142284e-05], [-4.262200855089147e-05, -4.2602649141142284e-05, 0.00011158582895218405]]}
 #*EXTRAS*# Step:           2  Bead:     34  
{"friction": [[0.00011057367820025296, -4.19532183999747e-05, -4.203170760985738e-05], [-4.19532183999747e-05, 0.00011059517146040529, -4.200708393066487e-05], [-4.203170760985738e-05, -4.200708393066487e-05, 0.00011065024944335155]]}
 #*EXTRAS*# Step:           3  Bead:     34  
{"friction": [[0.00011090694041565945, -4.2173023685135434e-05, -4.2250135662324524e-05], [-4.2173023685135434e-05, 0.00011092177597184436, -4.22276123837225e-05], [-4.2250135662324524e-05, -4.22276123837225e-05, 0.00011098134801952008]]}
 #*EXTRAS*# Step:           4  Bead:     34  
{"friction": [[0.0001137573229235061, -4.378012991267756e-05, -4.3666851465123504e-05], [-4.378012991267756e-05, 0.00011354082947833922, -4.362930354461434e-05], [-4.3666851465123504e-05, -4.362930354461434e-05, 0.00011379845881205776]]}
 #*EXTRAS*# Step:           5  Bead:     34  
{"friction": [[0.00011747661529656782, -4.462829330640185e-05, -4.4373030517934144e-05], [-4.462829330640185e-05, 0.00011708103171046958, -4.4239101948357973e-05], [-4.4373030517934144e-05, -4.4239101948357973e-05, 0.00011748188273735256]]}
 #*EXTRAS*# Step:           6  Bead:     34  
{"friction": [[0.00012012772056300088, -4.4140886006680425e-05, -4.4113885223341186e-05], [-4.4140886006680425e-05, 0.00012001637274922009, -4.399370120722718e-05], [-4.4113885223341186e-05, -4.399370120722718e-05, 0.00012009331831320232]]}
 #*EXTRAS*# Step:           7  Bead:     34  
{"friction": [[0.00012151123637534083, -4.363561158622147e-05, -4.36043005589357e-05], [-4.363561158622147e-05, 0.00012153593270085727, -4.3632527131394604e-05], [-4.36043005589357e-05, -4.3632527131394604e-05, 0.00012142577667267012]]}
 #*EXTRAS*# Step:           8  Bead:     34  
{"friction": [[0.00012229132670658885, -4.327600323560484e-05, -4.3149015218213066e-05], [-4.327600323560484e-05, 0.00012235114744084229, -4.332740801574163e-05], [-4.3149015218213066e-05, -4.332740801574163e-05, 0.00012216187039123941]]}
 #*EXTRAS*# Step:           9  Bead:     34  
{"friction": [[0.00012276004715921409, -4.3022985463058543e-05, -4.281626075376298e-05], [-4.3022985463058543e-05, 0.00012282792233844674, -4.309652936091371e-05], [-4.281626075376298e-05, -4.309652936091371e-05, 0.0001226007392740291]]}
 #*EXTRAS*# Step:          10  Bead:     34  
{"friction": [[0.00012305904209468547, -4.284466196848289e-05, -4.258311892441312e-05], [-4.284466196848289e-05, 0.0001231283031273061, -4.292849668354219e-05], [-4.258311892441312e-05, -4.292849668354219e-05, 0.00012288015381646666]]}
 #*EXTRAS*# Step:          11  Bead:     34  
{"friction": [[0.0001232498499550907, -4.2723570118396216e-05, -4.24267349452701e-05], [-4.2723570118396216e-05, 0.00012331887659546085, -4.2812550265495797e-05], [-4.24267349452701e-05, -4.2812550265495797e-05, 0.00012305846387599735]]}
 #*EXTRAS*# Step:          12  Bead:     34  
{"friction": [[0.00012337254242579955, -4.2642641728854974e-05, -4.232332378266544e-05], [-4.2642641728854974e-05, 0.00012344106971552362, -4.273438891280345e-05], [-4.232332378266544e-05, -4.273438891280345e-05, 0.00012317317514245555]]}
 #*EXTRAS*# Step:          13  Bead:     34  
{"friction": [[0.00012345124249542804, -4.258945886757766e-05, -4.225589257642031e-05], [-4.258945886757766e-05, 0.0001235193353223871, -4.268277021145665e-05], [-4.225589257642031e-05, -4.268277021145665e-05, 0.00012324679268980733]]}
 #*EXTRAS*# Step:          14  Bead:     34  
{"friction": [[0.00012350173427886193, -4.255481348501487e-05, -4.221219917081433e-05], [-4.255481348501487e-05, 0.0001235695091029036, -4.264904502213783e-05], [-4.221219917081433e-05, -4.264904502213783e-05, 0.00012329404252320282]]}
 #*EXTRAS*# Step:          15  Bead:     34  
{"friction": [[0.0001235340874641743, -4.253239833781201e-05, -4.2184030430361255e-05], [-4.253239833781201e-05, 0.00012360164440453886, -4.262718617259746e-05], [-4.2184030430361255e-05, -4.262718617259746e-05, 0.00012332432707631264]]}
 #*EXTRAS*# Step:          16  Bead:     34  
{"friction": [[0.00012355480932809174, -4.25179531645733e-05, -4.21659196807797e-05], [-4.25179531645733e-05, 0.000123622221447886, -4.261308386919763e-05], [-4.21659196807797e-05, -4.261308386919763e-05, 0.00012334372780919368]]}
