 #*EXTRAS*# Step:           0  Bead:     47  
{"friction": [[0.00010528762108165504, -3.73210662070218e-05, -3.725656530783905e-05], [-3.73210662070218e-05, 0.0001052870117955876, -3.741999059478165e-05], [-3.725656530783905e-05, -3.741999059478165e-05, 0.00010507311718896647]]}
 #*EXTRAS*# Step:           1  Bead:     47  
{"friction": [[0.00010274627639563953, -3.389551065734809e-05, -3.3860145084141096e-05], [-3.389551065734809e-05, 0.00010270548969082022, -3.408587195571511e-05], [-3.3860145084141096e-05, -3.408587195571511e-05, 0.00010232537340242907]]}
 #*EXTRAS*# Step:           2  Bead:     47  
{"friction": [[0.00010082068108630414, -3.032409503989544e-05, -3.035816602401009e-05], [-3.032409503989544e-05, 0.00010069467353867162, -3.037330952175579e-05], [-3.035816602401009e-05, -3.037330952175579e-05, 0.0001005574317751368]]}
 #*EXTRAS*# Step:           3  Bead:     47  
{"friction": [[9.920504068560729e-05, -2.7156468071478975e-05, -2.7098878774828026e-05], [-2.7156468071478975e-05, 9.918686903680222e-05, -2.6992935136534412e-05], [-2.7098878774828026e-05, -2.6992935136534412e-05, 9.944576956092008e-05]]}
 #*EXTRAS*# Step:           4  Bead:     47  
{"friction": [[9.940277498268246e-05, -2.7539329161750653e-05, -2.7503362054672305e-05], [-2.7539329161750653e-05, 9.93586132212277e-05, -2.74019193440054e-05], [-2.7503362054672305e-05, -2.74019193440054e-05, 9.956703224640248e-05]]}
 #*EXTRAS*# Step:           5  Bead:     47  
{"friction": [[0.00010084439524941145, -3.0371395580612684e-05, -3.0405336869925727e-05], [-3.0371395580612684e-05, 0.00010071858696790643, -3.0423459846632693e-05], [-3.0405336869925727e-05, -3.0423459846632693e-05, 0.00010057627179970382]]}
 #*EXTRAS*# Step:           6  Bead:     47  
{"friction": [[0.00010179269519783546, -3.221720579593893e-05, -3.2224237484325155e-05], [-3.221720579593893e-05, 0.00010170063727123359, -3.236355131338419e-05], [-3.2224237484325155e-05, -3.236355131338419e-05, 0.00010139388097483068]]}
 #*EXTRAS*# Step:           7  Bead:     47  
{"friction": [[0.00010250897479811667, -3.349938703688066e-05, -3.347402118425864e-05], [-3.349938703688066e-05, 0.00010245621870450947, -3.36840474013729e-05], [-3.347402118425864e-05, -3.36840474013729e-05, 0.00010208522289680759]]}
 #*EXTRAS*# Step:           8  Bead:     47  
{"friction": [[0.00010296450019051039, -3.424640363274644e-05, -3.4202767202460804e-05], [-3.424640363274644e-05, 0.00010293353115209994, -3.443895896357693e-05], [-3.4202767202460804e-05, -3.443895896357693e-05, 0.00010255022262549286]]}
 #*EXTRAS*# Step:           9  Bead:     47  
{"friction": [[0.00010327149167487319, -3.471820367841357e-05, -3.466488779131122e-05], [-3.471820367841357e-05, 0.00010325185753543282, -3.490904073470429e-05], [-3.466488779131122e-05, -3.490904073470429e-05, 0.00010287215775947507]]}
 #*EXTRAS*# Step:          10  Bead:     47  
{"friction": [[0.00010347275029095793, -3.501397636629875e-05, -3.495572195041159e-05], [-3.501397636629875e-05, 0.0001034587939298016, -3.520081889515659e-05], [-3.495572195041159e-05, -3.520081889515659e-05, 0.00010308626669746085]]}
 #*EXTRAS*# Step:          11  Bead:     47  
{"friction": [[0.000103604679432416, -3.520250007715493e-05, -3.514158365435959e-05], [-3.520250007715493e-05, 0.0001035937616309445, -3.538567451297996e-05], [-3.514158365435959e-05, -3.538567451297996e-05, 0.00010322771529658312]]}
 #*EXTRAS*# Step:          12  Bead:     47  
{"friction": [[0.00010369014355731514, -3.532250434420895e-05, -3.526009061898425e-05], [-3.532250434420895e-05, 0.00010368093625296378, -3.550291622394546e-05], [-3.526009061898425e-05, -3.550291622394546e-05, 0.00010331975252030344]]}
 #*EXTRAS*# Step:          13  Bead:     47  
{"friction": [[0.00010374532369365785, -3.5399134420000404e-05, -3.533584490757743e-05], [-3.5399134420000404e-05, 0.00010373712071270386, -3.5577615476804445e-05], [-3.533584490757743e-05, -3.5577615476804445e-05, 0.0001033793322506754]]}
 #*EXTRAS*# Step:          14  Bead:     47  
{"friction": [[0.00010378081052701893, -3.5448071985329125e-05, -3.538425596341766e-05], [-3.5448071985329125e-05, 0.00010377321388698839, -3.562525389563364e-05], [-3.538425596341766e-05, -3.562525389563364e-05, 0.00010341770946960422]]}
 #*EXTRAS*# Step:          15  Bead:     47  
{"friction": [[0.00010380359248853033, -3.5479349472316954e-05, -3.541521033617155e-05], [-3.5479349472316954e-05, 0.00010379636928860843, -3.565567458542703e-05], [-3.541521033617155e-05, -3.565567458542703e-05, 0.00010344237125116261]]}
 #*EXTRAS*# Step:          16  Bead:     47  
{"friction": [[0.00010381819699915873, -3.549934324545063e-05, -3.543500303696491e-05], [-3.549934324545063e-05, 0.00010381120681602313, -3.5675109977851966e-05], [-3.543500303696491e-05, -3.5675109977851966e-05, 0.00010345819056574255]]}
