 #*EXTRAS*# Step:           0  Bead:     57  
{"friction": [[0.00010273307889993032, -3.387387660981356e-05, -3.383904253920663e-05], [-3.387387660981356e-05, 0.00010269165843199864, -3.406401214784578e-05], [-3.383904253920663e-05, -3.406401214784578e-05, 0.00010231189325852699]]}
 #*EXTRAS*# Step:           1  Bead:     57  
{"friction": [[0.00010057715283536595, -2.9837698800403484e-05, -2.987096267704469e-05], [-2.9837698800403484e-05, 0.00010045166058892498, -2.985668537607142e-05], [-2.987096267704469e-05, -2.985668537607142e-05, 0.00010036859010096835]]}
 #*EXTRAS*# Step:           2  Bead:     57  
{"friction": [[9.84469934341226e-05, -2.5602943619572132e-05, -2.5446511359930904e-05], [-2.5602943619572132e-05, 9.855067409837872e-05, -2.5344056217313763e-05], [-2.5446511359930904e-05, -2.5344056217313763e-05, 9.899757452818374e-05]]}
 #*EXTRAS*# Step:           3  Bead:     57  
{"friction": [[9.719647288011471e-05, -2.093653628092836e-05, -2.0626090525615262e-05], [-2.093653628092836e-05, 9.754603179474513e-05, -2.0607785870569423e-05], [-2.0626090525615262e-05, -2.0607785870569423e-05, 9.81491085450342e-05]]}
 #*EXTRAS*# Step:           4  Bead:     57  
{"friction": [[9.718356603935949e-05, -1.995664594534006e-05, -1.9669202298824862e-05], [-1.995664594534006e-05, 9.752818305548077e-05, -1.966290994207454e-05], [-1.9669202298824862e-05, -1.966290994207454e-05, 9.806640547093446e-05]]}
 #*EXTRAS*# Step:           5  Bead:     57  
{"friction": [[9.740477582270654e-05, -2.2540160820586433e-05, -2.223611398202304e-05], [-2.2540160820586433e-05, 9.771540011534829e-05, -2.218990765202684e-05], [-2.223611398202304e-05, -2.218990765202684e-05, 9.835361127801993e-05]]}
 #*EXTRAS*# Step:           6  Bead:     57  
{"friction": [[9.775409475685224e-05, -2.3842310227339477e-05, -2.358438885599657e-05], [-2.3842310227339477e-05, 9.799217557271071e-05, -2.351137862435719e-05], [-2.358438885599657e-05, -2.351137862435719e-05, 9.858655120530738e-05]]}
 #*EXTRAS*# Step:           7  Bead:     57  
{"friction": [[9.811600216410788e-05, -2.483144567093975e-05, -2.462680067720907e-05], [-2.483144567093975e-05, 9.828169134819201e-05, -2.453520823860693e-05], [-2.462680067720907e-05, -2.453520823860693e-05, 9.880410660468447e-05]]}
 #*EXTRAS*# Step:           8  Bead:     57  
{"friction": [[9.834875329666405e-05, -2.5382883432002616e-05, -2.521233230578152e-05], [-2.5382883432002616e-05, 9.847036138100085e-05, -2.5112521858724128e-05], [-2.521233230578152e-05, -2.5112521858724128e-05, 9.894031817530737e-05]]}
 #*EXTRAS*# Step:           9  Bead:     57  
{"friction": [[9.851306405341418e-05, -2.574756285756342e-05, -2.560050360722155e-05], [-2.574756285756342e-05, 9.860493116648378e-05, -2.5496543224931544e-05], [-2.560050360722155e-05, -2.5496543224931544e-05, 9.903608394059837e-05]]}
 #*EXTRAS*# Step:          10  Bead:     57  
{"friction": [[9.86192026335455e-05, -2.59749649119851e-05, -2.5842724316680504e-05], [-2.59749649119851e-05, 9.869252142140992e-05, -2.5736808556720074e-05], [-2.5842724316680504e-05, -2.5736808556720074e-05, 9.909802809928472e-05]]}
 #*EXTRAS*# Step:          11  Bead:     57  
{"friction": [[9.868902983892818e-05, -2.6121665400185526e-05, -2.5998995060479605e-05], [-2.6121665400185526e-05, 9.875044681332458e-05, -2.5892106801708074e-05], [-2.5998995060479605e-05, -2.5892106801708074e-05, 9.913887734078048e-05]]}
 #*EXTRAS*# Step:          12  Bead:     57  
{"friction": [[9.873400127404555e-05, -2.6215064649492156e-05, -2.6098475977837022e-05], [-2.6215064649492156e-05, 9.878788428260245e-05, -2.5991094832723575e-05], [-2.6098475977837022e-05, -2.5991094832723575e-05, 9.91652418789754e-05]]}
 #*EXTRAS*# Step:          13  Bead:     57  
{"friction": [[9.876301580509413e-05, -2.627490836435924e-05, -2.6162207547267327e-05], [-2.627490836435924e-05, 9.8812094010301e-05, -2.60545644059837e-05], [-2.6162207547267327e-05, -2.60545644059837e-05, 9.918227892455216e-05]]}
 #*EXTRAS*# Step:          14  Bead:     57  
{"friction": [[9.878163715401484e-05, -2.6313152756798784e-05, -2.6202931825496593e-05], [-2.6313152756798784e-05, 9.88276551502925e-05, -2.60951438325028e-05], [-2.6202931825496593e-05, -2.60951438325028e-05, 9.919322548500318e-05]]}
 #*EXTRAS*# Step:          15  Bead:     57  
{"friction": [[9.879358307869977e-05, -2.6337622362568198e-05, -2.6228985889703894e-05], [-2.6337622362568198e-05, 9.883764766401769e-05, -2.6121114605317304e-05], [-2.6228985889703894e-05, -2.6121114605317304e-05, 9.92002532239501e-05]]}
 #*EXTRAS*# Step:          16  Bead:     57  
{"friction": [[9.880123523234854e-05, -2.635327070261222e-05, -2.6245646504778955e-05], [-2.635327070261222e-05, 9.884405256686616e-05, -2.6137725835217763e-05], [-2.6245646504778955e-05, -2.6137725835217763e-05, 9.920475721263539e-05]]}
