 #*EXTRAS*# Step:           0  Bead:     12  
     0.00012899          -0.00003670          -0.00003639
    -0.00003670           0.00012915          -0.00003675
    -0.00003639          -0.00003675           0.00012865
 #*EXTRAS*# Step:           1  Bead:     12  
     0.00013232          -0.00003038          -0.00003033
    -0.00003038           0.00013257          -0.00003033
    -0.00003033          -0.00003033           0.00013215
 #*EXTRAS*# Step:           2  Bead:     12  
     0.00013436          -0.00002288          -0.00002262
    -0.00002288           0.00013456          -0.00002277
    -0.00002262          -0.00002277           0.00013454
 #*EXTRAS*# Step:           3  Bead:     12  
     0.00013589          -0.00001442          -0.00001391
    -0.00001442           0.00013597          -0.00001428
    -0.00001391          -0.00001428           0.00013643
 #*EXTRAS*# Step:           4  Bead:     12  
     0.00013664          -0.00001020          -0.00000968
    -0.00001020           0.00013669          -0.00001007
    -0.00000968          -0.00001007           0.00013731
 #*EXTRAS*# Step:           5  Bead:     12  
     0.00013679          -0.00000942          -0.00000891
    -0.00000942           0.00013683          -0.00000930
    -0.00000891          -0.00000930           0.00013748
 #*EXTRAS*# Step:           6  Bead:     12  
     0.00013701          -0.00000831          -0.00000783
    -0.00000831           0.00013704          -0.00000820
    -0.00000783          -0.00000820           0.00013772
 #*EXTRAS*# Step:           7  Bead:     12  
     0.00013709          -0.00000788          -0.00000741
    -0.00000788           0.00013712          -0.00000777
    -0.00000741          -0.00000777           0.00013782
 #*EXTRAS*# Step:           8  Bead:     12  
     0.00013716          -0.00000754          -0.00000708
    -0.00000754           0.00013719          -0.00000744
    -0.00000708          -0.00000744           0.00013789
 #*EXTRAS*# Step:           9  Bead:     12  
     0.00013720          -0.00000734          -0.00000689
    -0.00000734           0.00013723          -0.00000724
    -0.00000689          -0.00000724           0.00013793
 #*EXTRAS*# Step:          10  Bead:     12  
     0.00013723          -0.00000721          -0.00000677
    -0.00000721           0.00013725          -0.00000711
    -0.00000677          -0.00000711           0.00013796
 #*EXTRAS*# Step:          11  Bead:     12  
     0.00013724          -0.00000713          -0.00000669
    -0.00000713           0.00013727          -0.00000703
    -0.00000669          -0.00000703           0.00013798
 #*EXTRAS*# Step:          12  Bead:     12  
     0.00013726          -0.00000708          -0.00000664
    -0.00000708           0.00013728          -0.00000698
    -0.00000664          -0.00000698           0.00013799
 #*EXTRAS*# Step:          13  Bead:     12  
     0.00013726          -0.00000705          -0.00000661
    -0.00000705           0.00013729          -0.00000695
    -0.00000661          -0.00000695           0.00013800
 #*EXTRAS*# Step:          14  Bead:     12  
     0.00013727          -0.00000703          -0.00000659
    -0.00000703           0.00013729          -0.00000693
    -0.00000659          -0.00000693           0.00013800
 #*EXTRAS*# Step:          15  Bead:     12  
     0.00013727          -0.00000701          -0.00000657
    -0.00000701           0.00013730          -0.00000691
    -0.00000657          -0.00000691           0.00013801
 #*EXTRAS*# Step:          16  Bead:     12  
     0.00013727          -0.00000700          -0.00000656
    -0.00000700           0.00013730          -0.00000690
    -0.00000656          -0.00000690           0.00013801
