 #*EXTRAS*# Step:           0  Bead:     16  
{"friction": [[0.00012661143308844656, -3.971479929521334e-05, -3.9182795101576245e-05], [-3.971479929521334e-05, 0.00012669737778386712, -3.979877417067022e-05], [-3.9182795101576245e-05, -3.979877417067022e-05, 0.00012627184388542937]]}
 #*EXTRAS*# Step:           1  Bead:     16  
{"friction": [[0.0001300419988045457, -3.508387351803022e-05, -3.488413934101739e-05], [-3.508387351803022e-05, 0.0001302389999237797, -3.510161417158304e-05], [-3.488413934101739e-05, -3.510161417158304e-05, 0.00012971975066989813]]}
 #*EXTRAS*# Step:           2  Bead:     16  
{"friction": [[0.00013285398820577342, -2.8847766639930128e-05, -2.8788060599403377e-05], [-2.8847766639930128e-05, 0.00013310007533029407, -2.8782123038680572e-05], [-2.8788060599403377e-05, -2.8782123038680572e-05, 0.00013274678793138373]]}
 #*EXTRAS*# Step:           3  Bead:     16  
{"friction": [[0.00013480980842908326, -2.0570959032683117e-05, -2.0220116681172875e-05], [-2.0570959032683117e-05, 0.00013497479915151073, -2.0440477977134185e-05], [-2.0220116681172875e-05, -2.0440477977134185e-05, 0.000135100605970232]]}
 #*EXTRAS*# Step:           4  Bead:     16  
{"friction": [[0.00013576320010202616, -1.5127558857927765e-05, -1.462374568036721e-05], [-1.5127558857927765e-05, 0.00013585938487788998, -1.4988947117862188e-05], [-1.462374568036721e-05, -1.4988947117862188e-05, 0.0001362815287202465]]}
 #*EXTRAS*# Step:           5  Bead:     16  
{"friction": [[0.00013603681326419272, -1.3551092909970786e-05, -1.302825194582925e-05], [-1.3551092909970786e-05, 0.00013611533872728862, -1.341532370513671e-05], [-1.302825194582925e-05, -1.341532370513671e-05, 0.00013661022590483315]]}
 #*EXTRAS*# Step:           6  Bead:     16  
{"friction": [[0.0001363128692689068, -1.1995205964190262e-05, -1.1467480360335515e-05], [-1.1995205964190262e-05, 0.00013637563749867743, -1.1864502369957449e-05], [-1.1467480360335515e-05, -1.1864502369957449e-05, 0.0001369351017299129]]}
 #*EXTRAS*# Step:           7  Bead:     16  
{"friction": [[0.00013643214227161145, -1.1337237677561275e-05, -1.08118710681256e-05], [-1.1337237677561275e-05, 0.00013648881468102204, -1.1209346187837481e-05], [-1.08118710681256e-05, -1.1209346187837481e-05, 0.00013707328757969533]]}
 #*EXTRAS*# Step:           8  Bead:     16  
{"friction": [[0.0001365222399869598, -1.0846619437280269e-05, -1.0324789107255714e-05], [-1.0846619437280269e-05, 0.00013657460334593835, -1.0721082255719091e-05], [-1.0324789107255714e-05, -1.0721082255719091e-05, 0.00013717679962937444]]}
 #*EXTRAS*# Step:           9  Bead:     16  
{"friction": [[0.00013657621148275092, -1.0555473576486237e-05, -1.0036472438054398e-05], [-1.0555473576486237e-05, 0.00013662611649791558, -1.043143709688365e-05], [-1.0036472438054398e-05, -1.043143709688365e-05, 0.00013723845013589284]]}
 #*EXTRAS*# Step:          10  Bead:     16  
{"friction": [[0.00013661182666341315, -1.0364503131152832e-05, -9.847656626998193e-06], [-1.0364503131152832e-05, 0.00013666015999732074, -1.024149279793435e-05], [-9.847656626998193e-06, -1.024149279793435e-05, 0.00013727898746005164]]}
 #*EXTRAS*# Step:          11  Bead:     16  
{"friction": [[0.00013663439834091584, -1.024395277111157e-05, -9.728589107674408e-06], [-1.024395277111157e-05, 0.00013668175640740203, -1.0121607213874932e-05], [-9.728589107674408e-06, -1.0121607213874932e-05, 0.00013730461923487124]]}
 #*EXTRAS*# Step:          12  Bead:     16  
{"friction": [[0.00013664894672125034, -1.0166451773594741e-05, -9.652091788315611e-06], [-1.0166451773594741e-05, 0.00013669568474029007, -1.004454054512357e-05], [-9.652091788315611e-06, -1.004454054512357e-05, 0.00013732111565967512]]}
 #*EXTRAS*# Step:          13  Bead:     16  
{"friction": [[0.00013665824687450817, -1.0116990636080336e-05, -9.603291859512763e-06], [-1.0116990636080336e-05, 0.0001367045920348143, -9.995359437209905e-06], [-9.603291859512763e-06, -9.995359437209905e-06, 0.00013733165115639817]]}
 #*EXTRAS*# Step:          14  Bead:     16  
{"friction": [[0.00013666420852162246, -1.0085318403106406e-05, -9.572051497443943e-06], [-1.0085318403106406e-05, 0.0001367103032886487, -9.963867682046814e-06], [-9.572051497443943e-06, -9.963867682046814e-06, 0.00013733840061471355]]}
 #*EXTRAS*# Step:          15  Bead:     16  
{"friction": [[0.00013666802301626476, -1.0065067094900253e-05, -9.552079797660432e-06], [-1.0065067094900253e-05, 0.00013671395816178625, -9.943732247192215e-06], [-9.552079797660432e-06, -9.943732247192215e-06, 0.00013734271751280952]]}
 #*EXTRAS*# Step:          16  Bead:     16  
{"friction": [[0.00013667046456739446, -1.0052110467045353e-05, -9.539303481494854e-06], [-1.0052110467045353e-05, 0.00013671629778523763, -9.930849948674365e-06], [-9.539303481494854e-06, -9.930849948674365e-06, 0.0001373454799552708]]}
