 #*EXTRAS*# Step:           0  Bead:     26  
     0.00011962          -0.00004429          -0.00004422
    -0.00004429           0.00011945          -0.00004408
    -0.00004422          -0.00004408           0.00011960
 #*EXTRAS*# Step:           1  Bead:     26  
     0.00012048          -0.00004403          -0.00004402
    -0.00004403           0.00012041          -0.00004392
    -0.00004402          -0.00004392           0.00012043
 #*EXTRAS*# Step:           2  Bead:     26  
     0.00012177          -0.00004352          -0.00004347
    -0.00004352           0.00012181          -0.00004354
    -0.00004347          -0.00004354           0.00012167
 #*EXTRAS*# Step:           3  Bead:     26  
     0.00012438          -0.00004188          -0.00004141
    -0.00004188           0.00012444          -0.00004199
    -0.00004141          -0.00004199           0.00012412
 #*EXTRAS*# Step:           4  Bead:     26  
     0.00012851          -0.00003738          -0.00003701
    -0.00003738           0.00012865          -0.00003744
    -0.00003701          -0.00003744           0.00012815
 #*EXTRAS*# Step:           5  Bead:     26  
     0.00013115          -0.00003307          -0.00003298
    -0.00003307           0.00013138          -0.00003306
    -0.00003298          -0.00003306           0.00013088
 #*EXTRAS*# Step:           6  Bead:     26  
     0.00013245          -0.00003002          -0.00002998
    -0.00003002           0.00013270          -0.00002997
    -0.00002998          -0.00002997           0.00013230
 #*EXTRAS*# Step:           7  Bead:     26  
     0.00013297          -0.00002847          -0.00002840
    -0.00002847           0.00013322          -0.00002840
    -0.00002840          -0.00002840           0.00013288
 #*EXTRAS*# Step:           8  Bead:     26  
     0.00013328          -0.00002742          -0.00002733
    -0.00002742           0.00013352          -0.00002734
    -0.00002733          -0.00002734           0.00013324
 #*EXTRAS*# Step:           9  Bead:     26  
     0.00013346          -0.00002678          -0.00002666
    -0.00002678           0.00013369          -0.00002669
    -0.00002666          -0.00002669           0.00013345
 #*EXTRAS*# Step:          10  Bead:     26  
     0.00013357          -0.00002635          -0.00002623
    -0.00002635           0.00013380          -0.00002626
    -0.00002623          -0.00002626           0.00013358
 #*EXTRAS*# Step:          11  Bead:     26  
     0.00013364          -0.00002608          -0.00002595
    -0.00002608           0.00013387          -0.00002599
    -0.00002595          -0.00002599           0.00013366
 #*EXTRAS*# Step:          12  Bead:     26  
     0.00013368          -0.00002591          -0.00002577
    -0.00002591           0.00013391          -0.00002581
    -0.00002577          -0.00002581           0.00013372
 #*EXTRAS*# Step:          13  Bead:     26  
     0.00013371          -0.00002580          -0.00002565
    -0.00002580           0.00013394          -0.00002570
    -0.00002565          -0.00002570           0.00013375
 #*EXTRAS*# Step:          14  Bead:     26  
     0.00013373          -0.00002573          -0.00002558
    -0.00002573           0.00013395          -0.00002563
    -0.00002558          -0.00002563           0.00013377
 #*EXTRAS*# Step:          15  Bead:     26  
     0.00013374          -0.00002568          -0.00002553
    -0.00002568           0.00013396          -0.00002559
    -0.00002553          -0.00002559           0.00013378
 #*EXTRAS*# Step:          16  Bead:     26  
     0.00013375          -0.00002565          -0.00002550
    -0.00002565           0.00013397          -0.00002556
    -0.00002550          -0.00002556           0.00013379
