 #*EXTRAS*# Step:           0  Bead:     38  
     0.00011010          -0.00004163          -0.00004170
    -0.00004163           0.00011012          -0.00004168
    -0.00004170          -0.00004168           0.00011018
 #*EXTRAS*# Step:           1  Bead:     38  
     0.00010798          -0.00003998          -0.00003998
    -0.00003998           0.00010798          -0.00003998
    -0.00003998          -0.00003998           0.00010800
 #*EXTRAS*# Step:           2  Bead:     38  
     0.00010623          -0.00003833          -0.00003828
    -0.00003833           0.00010622          -0.00003838
    -0.00003828          -0.00003838           0.00010611
 #*EXTRAS*# Step:           3  Bead:     38  
     0.00010548          -0.00003754          -0.00003748
    -0.00003754           0.00010548          -0.00003763
    -0.00003748          -0.00003763           0.00010529
 #*EXTRAS*# Step:           4  Bead:     38  
     0.00010729          -0.00003936          -0.00003934
    -0.00003936           0.00010728          -0.00003937
    -0.00003934          -0.00003937           0.00010727
 #*EXTRAS*# Step:           5  Bead:     38  
     0.00011034          -0.00004180          -0.00004187
    -0.00004180           0.00011037          -0.00004185
    -0.00004187          -0.00004185           0.00011042
 #*EXTRAS*# Step:           6  Bead:     38  
     0.00011263          -0.00004321          -0.00004320
    -0.00004321           0.00011254          -0.00004318
    -0.00004320          -0.00004318           0.00011268
 #*EXTRAS*# Step:           7  Bead:     38  
     0.00011411          -0.00004393          -0.00004379
    -0.00004393           0.00011385          -0.00004374
    -0.00004379          -0.00004374           0.00011415
 #*EXTRAS*# Step:           8  Bead:     38  
     0.00011502          -0.00004427          -0.00004404
    -0.00004427           0.00011468          -0.00004398
    -0.00004404          -0.00004398           0.00011505
 #*EXTRAS*# Step:           9  Bead:     38  
     0.00011560          -0.00004444          -0.00004417
    -0.00004444           0.00011521          -0.00004409
    -0.00004417          -0.00004409           0.00011563
 #*EXTRAS*# Step:          10  Bead:     38  
     0.00011598          -0.00004451          -0.00004423
    -0.00004451           0.00011557          -0.00004414
    -0.00004423          -0.00004414           0.00011600
 #*EXTRAS*# Step:          11  Bead:     38  
     0.00011622          -0.00004456          -0.00004427
    -0.00004456           0.00011580          -0.00004417
    -0.00004427          -0.00004417           0.00011623
 #*EXTRAS*# Step:          12  Bead:     38  
     0.00011637          -0.00004458          -0.00004429
    -0.00004458           0.00011595          -0.00004418
    -0.00004429          -0.00004418           0.00011639
 #*EXTRAS*# Step:          13  Bead:     38  
     0.00011647          -0.00004459          -0.00004430
    -0.00004459           0.00011605          -0.00004419
    -0.00004430          -0.00004419           0.00011649
 #*EXTRAS*# Step:          14  Bead:     38  
     0.00011654          -0.00004460          -0.00004431
    -0.00004460           0.00011611          -0.00004420
    -0.00004431          -0.00004420           0.00011655
 #*EXTRAS*# Step:          15  Bead:     38  
     0.00011658          -0.00004460          -0.00004431
    -0.00004460           0.00011615          -0.00004420
    -0.00004431          -0.00004420           0.00011659
 #*EXTRAS*# Step:          16  Bead:     38  
     0.00011660          -0.00004460          -0.00004431
    -0.00004460           0.00011618          -0.00004420
    -0.00004431          -0.00004420           0.00011661
