 #*EXTRAS*# Step:           0  Bead:     44  
     0.00010664          -0.00003874          -0.00003871
    -0.00003874           0.00010664          -0.00003877
    -0.00003871          -0.00003877           0.00010656
 #*EXTRAS*# Step:           1  Bead:     44  
     0.00010402          -0.00003577          -0.00003570
    -0.00003577           0.00010401          -0.00003593
    -0.00003570          -0.00003593           0.00010367
 #*EXTRAS*# Step:           2  Bead:     44  
     0.00010203          -0.00003266          -0.00003266
    -0.00003266           0.00010195          -0.00003282
    -0.00003266          -0.00003282           0.00010162
 #*EXTRAS*# Step:           3  Bead:     44  
     0.00010072          -0.00003012          -0.00003016
    -0.00003012           0.00010059          -0.00003016
    -0.00003016          -0.00003016           0.00010048
 #*EXTRAS*# Step:           4  Bead:     44  
     0.00010119          -0.00003106          -0.00003109
    -0.00003106           0.00010107          -0.00003115
    -0.00003109          -0.00003115           0.00010086
 #*EXTRAS*# Step:           5  Bead:     44  
     0.00010286          -0.00003409          -0.00003405
    -0.00003409           0.00010283          -0.00003428
    -0.00003405          -0.00003428           0.00010245
 #*EXTRAS*# Step:           6  Bead:     44  
     0.00010425          -0.00003608          -0.00003601
    -0.00003608           0.00010425          -0.00003623
    -0.00003601          -0.00003623           0.00010393
 #*EXTRAS*# Step:           7  Bead:     44  
     0.00010532          -0.00003736          -0.00003729
    -0.00003736           0.00010532          -0.00003746
    -0.00003729          -0.00003746           0.00010511
 #*EXTRAS*# Step:           8  Bead:     44  
     0.00010599          -0.00003809          -0.00003804
    -0.00003809           0.00010599          -0.00003815
    -0.00003804          -0.00003815           0.00010585
 #*EXTRAS*# Step:           9  Bead:     44  
     0.00010643          -0.00003854          -0.00003849
    -0.00003854           0.00010643          -0.00003858
    -0.00003849          -0.00003858           0.00010633
 #*EXTRAS*# Step:          10  Bead:     44  
     0.00010671          -0.00003881          -0.00003878
    -0.00003881           0.00010671          -0.00003884
    -0.00003878          -0.00003884           0.00010664
 #*EXTRAS*# Step:          11  Bead:     44  
     0.00010689          -0.00003899          -0.00003896
    -0.00003899           0.00010689          -0.00003901
    -0.00003896          -0.00003901           0.00010684
 #*EXTRAS*# Step:          12  Bead:     44  
     0.00010701          -0.00003910          -0.00003907
    -0.00003910           0.00010700          -0.00003912
    -0.00003907          -0.00003912           0.00010696
 #*EXTRAS*# Step:          13  Bead:     44  
     0.00010708          -0.00003917          -0.00003914
    -0.00003917           0.00010708          -0.00003918
    -0.00003914          -0.00003918           0.00010704
 #*EXTRAS*# Step:          14  Bead:     44  
     0.00010713          -0.00003921          -0.00003919
    -0.00003921           0.00010713          -0.00003923
    -0.00003919          -0.00003923           0.00010710
 #*EXTRAS*# Step:          15  Bead:     44  
     0.00010716          -0.00003924          -0.00003922
    -0.00003924           0.00010716          -0.00003926
    -0.00003922          -0.00003926           0.00010713
 #*EXTRAS*# Step:          16  Bead:     44  
     0.00010718          -0.00003926          -0.00003924
    -0.00003926           0.00010718          -0.00003927
    -0.00003924          -0.00003927           0.00010715
