 #*EXTRAS*# Step:           0  Bead:     19  
     0.00012460          -0.00004170          -0.00004120
    -0.00004170           0.00012466          -0.00004181
    -0.00004120          -0.00004181           0.00012432
 #*EXTRAS*# Step:           1  Bead:     19  
     0.00012738          -0.00003883          -0.00003835
    -0.00003883           0.00012748          -0.00003890
    -0.00003835          -0.00003890           0.00012703
 #*EXTRAS*# Step:           2  Bead:     19  
     0.00013056          -0.00003419          -0.00003404
    -0.00003419           0.00013078          -0.00003419
    -0.00003404          -0.00003419           0.00013026
 #*EXTRAS*# Step:           3  Bead:     19  
     0.00013347          -0.00002673          -0.00002662
    -0.00002673           0.00013371          -0.00002664
    -0.00002662          -0.00002664           0.00013347
 #*EXTRAS*# Step:           4  Bead:     19  
     0.00013483          -0.00002044          -0.00002008
    -0.00002044           0.00013500          -0.00002031
    -0.00002008          -0.00002031           0.00013513
 #*EXTRAS*# Step:           5  Bead:     19  
     0.00013527          -0.00001798          -0.00001754
    -0.00001798           0.00013540          -0.00001784
    -0.00001754          -0.00001784           0.00013568
 #*EXTRAS*# Step:           6  Bead:     19  
     0.00013562          -0.00001599          -0.00001550
    -0.00001599           0.00013572          -0.00001585
    -0.00001550          -0.00001585           0.00013610
 #*EXTRAS*# Step:           7  Bead:     19  
     0.00013577          -0.00001509          -0.00001459
    -0.00001509           0.00013586          -0.00001496
    -0.00001459          -0.00001496           0.00013629
 #*EXTRAS*# Step:           8  Bead:     19  
     0.00013588          -0.00001445          -0.00001394
    -0.00001445           0.00013597          -0.00001431
    -0.00001394          -0.00001431           0.00013642
 #*EXTRAS*# Step:           9  Bead:     19  
     0.00013595          -0.00001406          -0.00001354
    -0.00001406           0.00013603          -0.00001392
    -0.00001354          -0.00001392           0.00013650
 #*EXTRAS*# Step:          10  Bead:     19  
     0.00013599          -0.00001381          -0.00001329
    -0.00001381           0.00013607          -0.00001367
    -0.00001329          -0.00001367           0.00013656
 #*EXTRAS*# Step:          11  Bead:     19  
     0.00013602          -0.00001365          -0.00001312
    -0.00001365           0.00013610          -0.00001351
    -0.00001312          -0.00001351           0.00013659
 #*EXTRAS*# Step:          12  Bead:     19  
     0.00013604          -0.00001354          -0.00001302
    -0.00001354           0.00013612          -0.00001341
    -0.00001302          -0.00001341           0.00013661
 #*EXTRAS*# Step:          13  Bead:     19  
     0.00013605          -0.00001348          -0.00001295
    -0.00001348           0.00013613          -0.00001334
    -0.00001295          -0.00001334           0.00013663
 #*EXTRAS*# Step:          14  Bead:     19  
     0.00013606          -0.00001344          -0.00001291
    -0.00001344           0.00013613          -0.00001330
    -0.00001291          -0.00001330           0.00013663
 #*EXTRAS*# Step:          15  Bead:     19  
     0.00013606          -0.00001341          -0.00001288
    -0.00001341           0.00013614          -0.00001327
    -0.00001288          -0.00001327           0.00013664
 #*EXTRAS*# Step:          16  Bead:     19  
     0.00013606          -0.00001339          -0.00001287
    -0.00001339           0.00013614          -0.00001326
    -0.00001287          -0.00001326           0.00013664
