 #*EXTRAS*# Step:           0  Bead:     24  
{"friction": [[0.0001212275207465149, -4.375126119893523e-05, -4.373820812440936e-05], [-4.375126119893523e-05, 0.00012123144588354693, -4.372279618309253e-05], [-4.373820812440936e-05, -4.372279618309253e-05, 0.00012115544091225404]]}
 #*EXTRAS*# Step:           1  Bead:     24  
{"friction": [[0.0001225092445451383, -4.31622301792747e-05, -4.2999544165001186e-05], [-4.31622301792747e-05, 0.00012257383392490657, -4.322487922874107e-05], [-4.2999544165001186e-05, -4.322487922874107e-05, 0.00012236610993908312]]}
 #*EXTRAS*# Step:           2  Bead:     24  
{"friction": [[0.00012421959614248118, -4.201824699380241e-05, -4.156057578201465e-05], [-4.201824699380241e-05, 0.00012428161237322603, -4.2119519875940854e-05], [-4.156057578201465e-05, -4.2119519875940854e-05, 0.00012396834099875703]]}
 #*EXTRAS*# Step:           3  Bead:     24  
{"friction": [[0.0001277364830849899, -3.838854290242978e-05, -3.794007712512542e-05], [-3.838854290242978e-05, 0.0001278550843484508, -3.8454845303128744e-05], [-3.794007712512542e-05, -3.8454845303128744e-05, 0.00012738417166002197]]}
 #*EXTRAS*# Step:           4  Bead:     24  
{"friction": [[0.0001315355094443387, -3.2273576088787664e-05, -3.220893847577936e-05], [-3.2273576088787664e-05, 0.00013177392556609088, -3.225110661921095e-05], [-3.220893847577936e-05, -3.225110661921095e-05, 0.00013128911141789795]]}
 #*EXTRAS*# Step:           5  Bead:     24  
{"friction": [[0.00013305813843087736, -2.8192774754319324e-05, -2.8119290203796184e-05], [-2.8192774754319324e-05, 0.00013330153102134102, -2.811984047505774e-05], [-2.8119290203796184e-05, -2.811984047505774e-05, 0.00013298118525406424]]}
 #*EXTRAS*# Step:           6  Bead:     24  
{"friction": [[0.00013381090181462853, -2.538767459171664e-05, -2.5225777699017188e-05], [-2.538767459171664e-05, 0.00013403295953355918, -2.5287527266207106e-05], [-2.5225777699017188e-05, -2.5287527266207106e-05, 0.00013386935155505091]]}
 #*EXTRAS*# Step:           7  Bead:     24  
{"friction": [[0.0001341235421583582, -2.4017603061795224e-05, -2.380265632450398e-05], [-2.4017603061795224e-05, 0.00013433107352519145, -2.3906660775897728e-05], [-2.380265632450398e-05, -2.3906660775897728e-05, 0.00013424932581654057]]}
 #*EXTRAS*# Step:           8  Bead:     24  
{"friction": [[0.0001343236190239994, -2.3073378337304825e-05, -2.282059672209276e-05], [-2.3073378337304825e-05, 0.00013452013259552072, -2.295598814215042e-05], [-2.282059672209276e-05, -2.295598814215042e-05, 0.00013449551596238137]]}
 #*EXTRAS*# Step:           9  Bead:     24  
{"friction": [[0.00013444127464674107, -2.2493884404135924e-05, -2.2217839625658955e-05], [-2.2493884404135924e-05, 0.00013463072682802222, -2.2372943562996256e-05], [-2.2217839625658955e-05, -2.2372943562996256e-05, 0.00013464121353114902]]}
 #*EXTRAS*# Step:          10  Bead:     24  
{"friction": [[0.0001345161360433974, -2.21161076101343e-05, -2.1824994087829502e-05], [-2.21161076101343e-05, 0.00013470088829719938, -2.199301982011484e-05], [-2.1824994087829502e-05, -2.199301982011484e-05, 0.00013473421564159542]]}
 #*EXTRAS*# Step:          11  Bead:     24  
{"friction": [[0.00013456307515856528, -2.1875747758977706e-05, -2.1575114133610822e-05], [-2.1875747758977706e-05, 0.00013474480375997569, -2.175136315666072e-05], [-2.1575114133610822e-05, -2.175136315666072e-05, 0.00013479263101094294]]}
 #*EXTRAS*# Step:          12  Bead:     24  
{"friction": [[0.00013459299757830956, -2.1721154081994953e-05, -2.1414432057755514e-05], [-2.1721154081994953e-05, 0.0001347727693551652, -2.15959638924929e-05], [-2.1414432057755514e-05, -2.15959638924929e-05, 0.00013482990558293448]]}
 #*EXTRAS*# Step:          13  Bead:     24  
{"friction": [[0.0001346120337865254, -2.1622257690092793e-05, -2.1311656847119772e-05], [-2.1622257690092793e-05, 0.0001347905491981536, -2.1496563864720214e-05], [-2.1311656847119772e-05, -2.1496563864720214e-05, 0.0001348536326188236]]}
 #*EXTRAS*# Step:          14  Bead:     24  
{"friction": [[0.00013462418942330193, -2.1558887449835894e-05, -2.1245808203806543e-05], [-2.1558887449835894e-05, 0.0001348018980296702, -2.143287571575068e-05], [-2.1245808203806543e-05, -2.143287571575068e-05, 0.0001348687887607984]]}
 #*EXTRAS*# Step:          15  Bead:     24  
{"friction": [[0.00013463195109350565, -2.151833516559182e-05, -2.1203672931096517e-05], [-2.151833516559182e-05, 0.00013480914271076885, -2.139212196481093e-05], [-2.1203672931096517e-05, -2.139212196481093e-05, 0.0001348784683438238]]}
 #*EXTRAS*# Step:          16  Bead:     24  
{"friction": [[0.00013463691182477878, -2.149238082187886e-05, -2.117670670324929e-05], [-2.149238082187886e-05, 0.00013481377228107368, -2.1366039485759367e-05], [-2.117670670324929e-05, -2.1366039485759367e-05, 0.00013488465567498782]]}
