 #*EXTRAS*# Step:           0  Bead:     29  
     0.00011700          -0.00004463          -0.00004435
    -0.00004463           0.00011658          -0.00004423
    -0.00004435          -0.00004423           0.00011701
 #*EXTRAS*# Step:           1  Bead:     29  
     0.00011693          -0.00004463          -0.00004434
    -0.00004463           0.00011651          -0.00004422
    -0.00004434          -0.00004422           0.00011694
 #*EXTRAS*# Step:           2  Bead:     29  
     0.00011741          -0.00004463          -0.00004437
    -0.00004463           0.00011701          -0.00004424
    -0.00004437          -0.00004424           0.00011742
 #*EXTRAS*# Step:           3  Bead:     29  
     0.00011959          -0.00004430          -0.00004423
    -0.00004430           0.00011941          -0.00004409
    -0.00004423          -0.00004409           0.00011957
 #*EXTRAS*# Step:           4  Bead:     29  
     0.00012318          -0.00004277          -0.00004248
    -0.00004277           0.00012325          -0.00004286
    -0.00004248          -0.00004286           0.00012299
 #*EXTRAS*# Step:           5  Bead:     29  
     0.00012631          -0.00004004          -0.00003950
    -0.00004004           0.00012639          -0.00004013
    -0.00003950          -0.00004013           0.00012598
 #*EXTRAS*# Step:           6  Bead:     29  
     0.00012857          -0.00003729          -0.00003693
    -0.00003729           0.00012872          -0.00003735
    -0.00003693          -0.00003735           0.00012822
 #*EXTRAS*# Step:           7  Bead:     29  
     0.00012969          -0.00003566          -0.00003542
    -0.00003566           0.00012987          -0.00003568
    -0.00003542          -0.00003568           0.00012935
 #*EXTRAS*# Step:           8  Bead:     29  
     0.00013036          -0.00003455          -0.00003438
    -0.00003455           0.00013057          -0.00003456
    -0.00003438          -0.00003456           0.00013005
 #*EXTRAS*# Step:           9  Bead:     29  
     0.00013075          -0.00003385          -0.00003372
    -0.00003385           0.00013097          -0.00003385
    -0.00003372          -0.00003385           0.00013046
 #*EXTRAS*# Step:          10  Bead:     29  
     0.00013099          -0.00003339          -0.00003328
    -0.00003339           0.00013122          -0.00003338
    -0.00003328          -0.00003338           0.00013071
 #*EXTRAS*# Step:          11  Bead:     29  
     0.00013114          -0.00003309          -0.00003300
    -0.00003309           0.00013137          -0.00003308
    -0.00003300          -0.00003308           0.00013087
 #*EXTRAS*# Step:          12  Bead:     29  
     0.00013124          -0.00003290          -0.00003282
    -0.00003290           0.00013147          -0.00003289
    -0.00003282          -0.00003289           0.00013097
 #*EXTRAS*# Step:          13  Bead:     29  
     0.00013130          -0.00003278          -0.00003270
    -0.00003278           0.00013153          -0.00003277
    -0.00003270          -0.00003277           0.00013103
 #*EXTRAS*# Step:          14  Bead:     29  
     0.00013133          -0.00003270          -0.00003262
    -0.00003270           0.00013157          -0.00003269
    -0.00003262          -0.00003269           0.00013107
 #*EXTRAS*# Step:          15  Bead:     29  
     0.00013136          -0.00003265          -0.00003258
    -0.00003265           0.00013159          -0.00003263
    -0.00003258          -0.00003263           0.00013110
 #*EXTRAS*# Step:          16  Bead:     29  
     0.00013137          -0.00003262          -0.00003254
    -0.00003262           0.00013161          -0.00003260
    -0.00003254          -0.00003260           0.00013112
