 #*EXTRAS*# Step:           0  Bead:     27  
     0.00011876          -0.00004448          -0.00004434
    -0.00004448           0.00011848          -0.00004419
    -0.00004434          -0.00004419           0.00011875
 #*EXTRAS*# Step:           1  Bead:     27  
     0.00011933          -0.00004436          -0.00004427
    -0.00004436           0.00011912          -0.00004412
    -0.00004427          -0.00004412           0.00011931
 #*EXTRAS*# Step:           2  Bead:     27  
     0.00012042          -0.00004405          -0.00004403
    -0.00004405           0.00012035          -0.00004393
    -0.00004403          -0.00004393           0.00012038
 #*EXTRAS*# Step:           3  Bead:     27  
     0.00012287          -0.00004296          -0.00004273
    -0.00004296           0.00012294          -0.00004304
    -0.00004273          -0.00004304           0.00012271
 #*EXTRAS*# Step:           4  Bead:     27  
     0.00012667          -0.00003965          -0.00003912
    -0.00003965           0.00012676          -0.00003973
    -0.00003912          -0.00003973           0.00012633
 #*EXTRAS*# Step:           5  Bead:     27  
     0.00012975          -0.00003555          -0.00003532
    -0.00003555           0.00012994          -0.00003558
    -0.00003532          -0.00003558           0.00012942
 #*EXTRAS*# Step:           6  Bead:     27  
     0.00013145          -0.00003246          -0.00003239
    -0.00003246           0.00013169          -0.00003244
    -0.00003239          -0.00003244           0.00013120
 #*EXTRAS*# Step:           7  Bead:     27  
     0.00013215          -0.00003083          -0.00003079
    -0.00003083           0.00013239          -0.00003079
    -0.00003079          -0.00003079           0.00013196
 #*EXTRAS*# Step:           8  Bead:     27  
     0.00013255          -0.00002975          -0.00002970
    -0.00002975           0.00013280          -0.00002969
    -0.00002970          -0.00002969           0.00013240
 #*EXTRAS*# Step:           9  Bead:     27  
     0.00013278          -0.00002907          -0.00002902
    -0.00002907           0.00013303          -0.00002901
    -0.00002902          -0.00002901           0.00013266
 #*EXTRAS*# Step:          10  Bead:     27  
     0.00013292          -0.00002863          -0.00002857
    -0.00002863           0.00013317          -0.00002856
    -0.00002857          -0.00002856           0.00013283
 #*EXTRAS*# Step:          11  Bead:     27  
     0.00013301          -0.00002835          -0.00002828
    -0.00002835           0.00013325          -0.00002828
    -0.00002828          -0.00002828           0.00013293
 #*EXTRAS*# Step:          12  Bead:     27  
     0.00013307          -0.00002817          -0.00002809
    -0.00002817           0.00013331          -0.00002810
    -0.00002809          -0.00002810           0.00013299
 #*EXTRAS*# Step:          13  Bead:     27  
     0.00013310          -0.00002805          -0.00002798
    -0.00002805           0.00013334          -0.00002798
    -0.00002798          -0.00002798           0.00013303
 #*EXTRAS*# Step:          14  Bead:     27  
     0.00013312          -0.00002798          -0.00002790
    -0.00002798           0.00013336          -0.00002790
    -0.00002790          -0.00002790           0.00013306
 #*EXTRAS*# Step:          15  Bead:     27  
     0.00013314          -0.00002793          -0.00002785
    -0.00002793           0.00013338          -0.00002785
    -0.00002785          -0.00002785           0.00013307
 #*EXTRAS*# Step:          16  Bead:     27  
     0.00013315          -0.00002790          -0.00002782
    -0.00002790           0.00013339          -0.00002782
    -0.00002782          -0.00002782           0.00013308
