 #*EXTRAS*# Step:           0  Bead:     53  
     0.00010343          -0.00003495          -0.00003489
    -0.00003495           0.00010341          -0.00003514
    -0.00003489          -0.00003514           0.00010304
 #*EXTRAS*# Step:           1  Bead:     53  
     0.00010118          -0.00003104          -0.00003107
    -0.00003104           0.00010106          -0.00003113
    -0.00003107          -0.00003113           0.00010085
 #*EXTRAS*# Step:           2  Bead:     53  
     0.00009911          -0.00002697          -0.00002690
    -0.00002697           0.00009910          -0.00002679
    -0.00002690          -0.00002679           0.00009939
 #*EXTRAS*# Step:           3  Bead:     53  
     0.00009746          -0.00002280          -0.00002250
    -0.00002280           0.00009776          -0.00002245
    -0.00002250          -0.00002245           0.00009840
 #*EXTRAS*# Step:           4  Bead:     53  
     0.00009735          -0.00002228          -0.00002197
    -0.00002228           0.00009767          -0.00002193
    -0.00002197          -0.00002193           0.00009831
 #*EXTRAS*# Step:           5  Bead:     53  
     0.00009813          -0.00002488          -0.00002468
    -0.00002488           0.00009830          -0.00002458
    -0.00002468          -0.00002458           0.00009882
 #*EXTRAS*# Step:           6  Bead:     53  
     0.00009878          -0.00002631          -0.00002620
    -0.00002631           0.00009883          -0.00002610
    -0.00002620          -0.00002610           0.00009919
 #*EXTRAS*# Step:           7  Bead:     53  
     0.00009932          -0.00002738          -0.00002734
    -0.00002738           0.00009929          -0.00002723
    -0.00002734          -0.00002723           0.00009952
 #*EXTRAS*# Step:           8  Bead:     53  
     0.00009964          -0.00002799          -0.00002798
    -0.00002799           0.00009957          -0.00002789
    -0.00002798          -0.00002789           0.00009972
 #*EXTRAS*# Step:           9  Bead:     53  
     0.00009985          -0.00002839          -0.00002840
    -0.00002839           0.00009976          -0.00002832
    -0.00002840          -0.00002832           0.00009985
 #*EXTRAS*# Step:          10  Bead:     53  
     0.00009998          -0.00002865          -0.00002866
    -0.00002865           0.00009987          -0.00002859
    -0.00002866          -0.00002859           0.00009994
 #*EXTRAS*# Step:          11  Bead:     53  
     0.00010006          -0.00002881          -0.00002883
    -0.00002881           0.00009995          -0.00002876
    -0.00002883          -0.00002876           0.00009999
 #*EXTRAS*# Step:          12  Bead:     53  
     0.00010011          -0.00002891          -0.00002893
    -0.00002891           0.00010000          -0.00002887
    -0.00002893          -0.00002887           0.00010003
 #*EXTRAS*# Step:          13  Bead:     53  
     0.00010015          -0.00002898          -0.00002900
    -0.00002898           0.00010003          -0.00002894
    -0.00002900          -0.00002894           0.00010005
 #*EXTRAS*# Step:          14  Bead:     53  
     0.00010017          -0.00002902          -0.00002904
    -0.00002902           0.00010005          -0.00002899
    -0.00002904          -0.00002899           0.00010007
 #*EXTRAS*# Step:          15  Bead:     53  
     0.00010018          -0.00002905          -0.00002907
    -0.00002905           0.00010007          -0.00002902
    -0.00002907          -0.00002902           0.00010008
 #*EXTRAS*# Step:          16  Bead:     53  
     0.00010019          -0.00002907          -0.00002909
    -0.00002907           0.00010008          -0.00002904
    -0.00002909          -0.00002904           0.00010009
