 #*EXTRAS*# Step:           0  Bead:     62  
{"friction": [[0.00010232890466352831, -3.318888996525138e-05, -3.3171590289423344e-05], [-3.318888996525138e-05, 0.00010226643313891227, -3.33668903313071e-05], [-3.3171590289423344e-05, -3.33668903313071e-05, 0.00010190637620575303]]}
 #*EXTRAS*# Step:           1  Bead:     62  
{"friction": [[0.00010020766388117925, -2.910222708904941e-05, -2.9125933233193048e-05], [-2.910222708904941e-05, 0.00010009296336100789, -2.9072879816209882e-05], [-2.9125933233193048e-05, -2.9072879816209882e-05, 0.00010009790297454793]]}
 #*EXTRAS*# Step:           2  Bead:     62  
{"friction": [[9.80947837457584e-05, -2.4778600348563297e-05, -2.4570818373286747e-05], [-2.4778600348563297e-05, 9.826459638283224e-05, -2.448011406158536e-05], [-2.4570818373286747e-05, -2.448011406158536e-05, 9.879160722727227e-05]]}
 #*EXTRAS*# Step:           3  Bead:     62  
{"friction": [[9.718772391202257e-05, -1.9811724841075762e-05, -1.952896214322264e-05], [-1.9811724841075762e-05, 9.753005858980748e-05, -1.952415079919637e-05], [-1.952896214322264e-05, -1.952415079919637e-05, 9.8056742244321e-05]]}
 #*EXTRAS*# Step:           4  Bead:     62  
{"friction": [[9.727662818786011e-05, -1.8570481189546894e-05, -1.833730581359854e-05], [-1.8570481189546894e-05, 9.758566318478211e-05, -1.834242554119328e-05], [-1.833730581359854e-05, -1.834242554119328e-05, 9.800024243373918e-05]]}
 #*EXTRAS*# Step:           5  Bead:     62  
{"friction": [[9.720801797885828e-05, -2.112446851566223e-05, -2.081166036072837e-05], [-2.112446851566223e-05, 9.755621496858423e-05, -2.079062243614572e-05], [-2.081166036072837e-05, -2.079062243614572e-05, 9.81685177842783e-05]]}
 #*EXTRAS*# Step:           6  Bead:     62  
{"friction": [[9.736690767929569e-05, -2.2349774325247834e-05, -2.2041841350492772e-05], [-2.2349774325247834e-05, 9.768532040623553e-05, -2.199940646114245e-05], [-2.2041841350492772e-05, -2.199940646114245e-05, 9.832463646016201e-05]]}
 #*EXTRAS*# Step:           7  Bead:     62  
{"friction": [[9.75905265976065e-05, -2.3302025519827016e-05, -2.3021104722003003e-05], [-2.3302025519827016e-05, 9.786246962441761e-05, -2.2959240737777208e-05], [-2.3021104722003003e-05, -2.2959240737777208e-05, 9.848250846652532e-05]]}
 #*EXTRAS*# Step:           8  Bead:     62  
{"friction": [[9.774797512847753e-05, -2.3823498856457437e-05, -2.3564694811457992e-05], [-2.3823498856457437e-05, 9.798731306659037e-05, -2.3492066661894563e-05], [-2.3564694811457992e-05, -2.3492066661894563e-05, 9.85827523130476e-05]]}
 #*EXTRAS*# Step:           9  Bead:     62  
{"friction": [[9.786597723002635e-05, -2.4171550645961008e-05, -2.3929943755029567e-05], [-2.4171550645961008e-05, 9.80812460237367e-05, -2.385037321143824e-05], [-2.3929943755029567e-05, -2.385037321143824e-05, 9.865509563096739e-05]]}
 #*EXTRAS*# Step:          10  Bead:     62  
{"friction": [[9.794413727536207e-05, -2.4387519325032636e-05, -2.415743821706036e-05], [-2.4387519325032636e-05, 9.814368431488002e-05, -2.4073734764479703e-05], [-2.415743821706036e-05, -2.4073734764479703e-05, 9.870216346176393e-05]]}
 #*EXTRAS*# Step:          11  Bead:     62  
{"friction": [[9.799655137183377e-05, -2.4527006128274284e-05, -2.430468105849995e-05], [-2.4527006128274284e-05, 9.818566465805331e-05, -2.4218401130951047e-05], [-2.430468105849995e-05, -2.4218401130951047e-05, 9.873344495240476e-05]]}
 #*EXTRAS*# Step:          12  Bead:     62  
{"friction": [[9.803063716876702e-05, -2.4615674513122582e-05, -2.4398397275643036e-05], [-2.4615674513122582e-05, 9.821301486783601e-05, -2.4310523191521105e-05], [-2.4398397275643036e-05, -2.4310523191521105e-05, 9.875368814880108e-05]]}
 #*EXTRAS*# Step:          13  Bead:     62  
{"friction": [[9.805278304377655e-05, -2.4672482913934752e-05, -2.4458485103095604e-05], [-2.4672482913934752e-05, 9.82308062080085e-05, -2.4369609042797243e-05], [-2.4458485103095604e-05, -2.4369609042797243e-05, 9.876680354253288e-05]]}
 #*EXTRAS*# Step:          14  Bead:     62  
{"friction": [[9.806705302446392e-05, -2.4708769569168385e-05, -2.449688434883552e-05], [-2.4708769569168385e-05, 9.824227949104283e-05, -2.440737659831884e-05], [-2.449688434883552e-05, -2.440737659831884e-05, 9.877524057408884e-05]]}
 #*EXTRAS*# Step:          15  Bead:     62  
{"friction": [[9.807623238122439e-05, -2.4731983384694714e-05, -2.4521456769266448e-05], [-2.4731983384694714e-05, 9.824966369148244e-05, -2.443154841724145e-05], [-2.4521456769266448e-05, -2.443154841724145e-05, 9.878066232652847e-05]]}
 #*EXTRAS*# Step:          16  Bead:     62  
{"friction": [[9.80821220585243e-05, -2.4746826073737677e-05, -2.4537170995180064e-05], [-2.4746826073737677e-05, 9.825440315903343e-05, -2.444700796707389e-05], [-2.4537170995180064e-05, -2.444700796707389e-05, 9.878413886807257e-05]]}
