 #*EXTRAS*# Step:           0  Bead:     25  
{"friction": [[0.00012044952884396826, -4.403666137295798e-05, -4.402490059939584e-05], [-4.403666137295798e-05, 0.00012037593919233641, -4.3926210514548074e-05], [-4.402490059939584e-05, -4.3926210514548074e-05, 0.00012040610370999929]]}
 #*EXTRAS*# Step:           1  Bead:     25  
{"friction": [[0.00012153653681983755, -4.362495949592709e-05, -4.359153976736546e-05], [-4.362495949592709e-05, 0.00012156286703430973, -4.362399569102738e-05], [-4.359153976736546e-05, -4.362399569102738e-05, 0.00012144980712419094]]}
 #*EXTRAS*# Step:           2  Bead:     25  
{"friction": [[0.0001230023843048611, -4.287951327063969e-05, -4.262845271196275e-05], [-4.287951327063969e-05, 0.00012307156313931184, -4.296161280073764e-05], [-4.262845271196275e-05, -4.296161280073764e-05, 0.00012282721492859887]]}
 #*EXTRAS*# Step:           3  Bead:     25  
{"friction": [[0.00012602369577714053, -4.034615929616824e-05, -3.9792156272290865e-05], [-4.034615929616824e-05, 0.00012609643562764048, -4.043744298933057e-05], [-3.9792156272290865e-05, -4.043744298933057e-05, 0.0001256975402721834]]}
 #*EXTRAS*# Step:           4  Bead:     25  
{"friction": [[0.00013016662107639395, -3.487572542694021e-05, -3.46895518602407e-05], [-3.487572542694021e-05, 0.0001303676947248532, -3.4890396426973564e-05], [-3.46895518602407e-05, -3.4890396426973564e-05, 0.000129848568005846]]}
 #*EXTRAS*# Step:           5  Bead:     25  
{"friction": [[0.0001322394569582092, -3.0598164498592625e-05, -3.0555118858507354e-05], [-3.0598164498592625e-05, 0.0001324868554692541, -3.055359256548341e-05], [-3.0555118858507354e-05, -3.055359256548341e-05, 0.0001320562214407449]]}
 #*EXTRAS*# Step:           6  Bead:     25  
{"friction": [[0.00013321644297450768, -2.765605198415085e-05, -2.756889811727259e-05], [-2.765605198415085e-05, 0.0001334568840023085, -2.7577399272112362e-05], [-2.756889811727259e-05, -2.7577399272112362e-05, 0.00013316479560648034]]}
 #*EXTRAS*# Step:           7  Bead:     25  
{"friction": [[0.00013361234079690477, -2.6192503130152418e-05, -2.6059612991407524e-05], [-2.6192503130152418e-05, 0.00013384186886587215, -2.609947540429443e-05], [-2.6059612991407524e-05, -2.609947540429443e-05, 0.0001336313432534449]]}
 #*EXTRAS*# Step:           8  Bead:     25  
{"friction": [[0.0001338570523542825, -2.519345045794079e-05, -2.5024263702218505e-05], [-2.519345045794079e-05, 0.00013407717803182094, -2.5091670505977916e-05], [-2.5024263702218505e-05, -2.5091670505977916e-05, 0.00013392504878940623]]}
 #*EXTRAS*# Step:           9  Bead:     25  
{"friction": [[0.00013399921338611034, -2.4577789811526045e-05, -2.4384932913257807e-05], [-2.4577789811526045e-05, 0.0001342129236687229, -2.4471057208106958e-05], [-2.4384932913257807e-05, -2.4471057208106958e-05, 0.0001340974862282814]]}
 #*EXTRAS*# Step:          10  Bead:     25  
{"friction": [[0.00013408874595886063, -2.4176439392951697e-05, -2.396779636183741e-05], [-2.4176439392951697e-05, 0.00013429805938857637, -2.406666182960466e-05], [-2.396779636183741e-05, -2.406666182960466e-05, 0.00013420673672919246]]}
 #*EXTRAS*# Step:          11  Bead:     25  
{"friction": [[0.0001341445873270174, -2.3920761071037604e-05, -2.3701958494061954e-05], [-2.3920761071037604e-05, 0.00013435102120982437, -2.3809119923672093e-05], [-2.3701958494061954e-05, -2.3809119923672093e-05, 0.0001342751183922475]]}
 #*EXTRAS*# Step:          12  Bead:     25  
{"friction": [[0.00013418004849309693, -2.375626017091283e-05, -2.3530889599991965e-05], [-2.375626017091283e-05, 0.00013438459986888488, -2.3643451505679738e-05], [-2.3530889599991965e-05, -2.3643451505679738e-05, 0.0001343186359730924]]}
 #*EXTRAS*# Step:          13  Bead:     25  
{"friction": [[0.00013420255821544136, -2.365097999729425e-05, -2.3421395803187722e-05], [-2.365097999729425e-05, 0.000134405893166766, -2.3537437100114013e-05], [-2.3421395803187722e-05, -2.3537437100114013e-05, 0.00013434629606047738]]}
 #*EXTRAS*# Step:          14  Bead:     25  
{"friction": [[0.00013421691021698085, -2.3583506287114166e-05, -2.3351218164486548e-05], [-2.3583506287114166e-05, 0.00013441946095957042, -2.346949815762897e-05], [-2.3351218164486548e-05, -2.346949815762897e-05, 0.00013436394634996644]]}
 #*EXTRAS*# Step:          15  Bead:     25  
{"friction": [[0.0001342260658730024, -2.354032100339811e-05, -2.3306301062616623e-05], [-2.354032100339811e-05, 0.00013442811285161477, -2.342601729999058e-05], [-2.3306301062616623e-05, -2.342601729999058e-05, 0.00013437521190632224]]}
 #*EXTRAS*# Step:          16  Bead:     25  
{"friction": [[0.00013423191399738815, -2.351267905872793e-05, -2.3277550168717117e-05], [-2.351267905872793e-05, 0.0001344336377827095, -2.3398187062492438e-05], [-2.3277550168717117e-05, -2.3398187062492438e-05, 0.00013438241006312002]]}
