 #*EXTRAS*# Step:           0  Bead:      2  
{"friction": [[0.00013182249801045433, -3.1627039924819494e-05, -3.157597998104187e-05], [-3.1627039924819494e-05, 0.00013206576277603182, -3.1595838794370805e-05], [-3.157597998104187e-05, -3.1595838794370805e-05, 0.0001315990850259919]]}
 #*EXTRAS*# Step:           1  Bead:      2  
{"friction": [[0.00013416900800073794, -2.3807653696517653e-05, -2.358433734495794e-05], [-2.3807653696517653e-05, 0.00013437414992859416, -2.369520713456347e-05], [-2.358433734495794e-05, -2.369520713456347e-05, 0.00013430507960848526]]}
 #*EXTRAS*# Step:           2  Bead:      2  
{"friction": [[0.00013569622167241053, -1.551660843299909e-05, -1.5019520532352334e-05], [-1.551660843299909e-05, 0.00013579698951373382, -1.537765223496821e-05], [-1.5019520532352334e-05, -1.537765223496821e-05, 0.0001362001284347798]]}
 #*EXTRAS*# Step:           3  Bead:      2  
{"friction": [[0.00013709539583038705, -7.865718909077805e-06, -7.399551213118173e-06], [-7.865718909077805e-06, 0.000137126319254703, -7.759160858863718e-06], [-7.399551213118173e-06, -7.759160858863718e-06, 0.00013781840939080508]]}
 #*EXTRAS*# Step:           4  Bead:      2  
{"friction": [[0.00013765352991564829, -5.199751249925924e-06, -4.835769581552853e-06], [-5.199751249925924e-06, 0.00013767289683673582, -5.116845052560431e-06], [-4.835769581552853e-06, -5.116845052560431e-06, 0.00013841808412039025]]}
 #*EXTRAS*# Step:           5  Bead:      2  
{"friction": [[0.00013767327963907036, -5.109518353158603e-06, -4.7498946158095616e-06], [-5.109518353158603e-06, 0.0001376923906192341, -5.027521010267586e-06], [-4.7498946158095616e-06, -5.027521010267586e-06, 0.00013843890627086457]]}
 #*EXTRAS*# Step:           6  Bead:      2  
{"friction": [[0.0001378090247068655, -4.496547804090528e-06, -4.1681142369068245e-06], [-4.496547804090528e-06, 0.00013782663926166817, -4.420910155772545e-06], [-4.1681142369068245e-06, -4.420910155772545e-06, 0.0001385813519303408]]}
 #*EXTRAS*# Step:           7  Bead:      2  
{"friction": [[0.00013785235005580183, -4.30352138928369e-06, -3.9854843772290815e-06], [-4.30352138928369e-06, 0.00013786958149502337, -4.2299532371294874e-06], [-3.9854843772290815e-06, -4.2299532371294874e-06, 0.00013862657577925306]]}
 #*EXTRAS*# Step:           8  Bead:      2  
{"friction": [[0.0001378907319832182, -4.133557019483402e-06, -3.824903255476108e-06], [-4.133557019483402e-06, 0.00013790766130770355, -4.0618375129126275e-06], [-3.824903255476108e-06, -4.0618375129126275e-06, 0.00013866654527912176]]}
 #*EXTRAS*# Step:           9  Bead:      2  
{"friction": [[0.00013791222153992024, -4.038818162384249e-06, -3.7354878480972996e-06], [-4.038818162384249e-06, 0.00013792899683633502, -3.968139814694238e-06], [-3.7354878480972996e-06, -3.968139814694238e-06, 0.00013868888553103761]]}
 #*EXTRAS*# Step:          10  Bead:      2  
{"friction": [[0.0001379267176097774, -3.975080823853663e-06, -3.6753695432488504e-06], [-3.975080823853663e-06, 0.00013794339508472038, -3.905107246632902e-06], [-3.6753695432488504e-06, -3.905107246632902e-06, 0.00013870394012607592]]}
 #*EXTRAS*# Step:          11  Bead:      2  
{"friction": [[0.00013793578548403917, -3.935279935344475e-06, -3.637843911415166e-06], [-3.935279935344475e-06, 0.00013795240424567214, -3.865748210962321e-06], [-3.637843911415166e-06, -3.865748210962321e-06, 0.00013871335114125615]]}
 #*EXTRAS*# Step:          12  Bead:      2  
{"friction": [[0.0001379416434151117, -3.9095965082902505e-06, -3.6136349684178526e-06], [-3.9095965082902505e-06, 0.00013795822525800537, -3.840350627646778e-06], [-3.6136349684178526e-06, -3.840350627646778e-06, 0.0001387194282015226]]}
 #*EXTRAS*# Step:          13  Bead:      2  
{"friction": [[0.00013794537630303582, -3.893241665325648e-06, -3.5982216182689935e-06], [-3.893241665325648e-06, 0.0001379619350328975, -3.824178098975292e-06], [-3.5982216182689935e-06, -3.824178098975292e-06, 0.00013872329968787068]]}
 #*EXTRAS*# Step:          14  Bead:      2  
{"friction": [[0.00013794776892036962, -3.882763662703983e-06, -3.5883478467009877e-06], [-3.882763662703983e-06, 0.0001379643130046078, -3.8138170188573057e-06], [-3.5883478467009877e-06, -3.8138170188573057e-06, 0.0001387257807161704]]}
 #*EXTRAS*# Step:          15  Bead:      2  
{"friction": [[0.00013794929839317028, -3.8760675701452695e-06, -3.582038323916065e-06], [-3.8760675701452695e-06, 0.00013796583318427853, -3.807195696020668e-06], [-3.582038323916065e-06, -3.807195696020668e-06, 0.0001387273665318023]]}
 #*EXTRAS*# Step:          16  Bead:      2  
{"friction": [[0.00013795027714269808, -3.871783357993848e-06, -3.5780016174998872e-06], [-3.871783357993848e-06, 0.00013796680601512723, -3.8029593421627264e-06], [-3.5780016174998872e-06, -3.8029593421627264e-06, 0.00013872838126558352]]}
