 #*EXTRAS*# Step:           0  Bead:      0  
{"friction": [[0.00013193989684352265, -3.134869831308944e-05, -3.130135232364516e-05], [-3.134869831308944e-05, 0.00013218469188182357, -3.131381385930119e-05], [-3.130135232364516e-05, -3.131381385930119e-05, 0.00013172694812111298]]}
 #*EXTRAS*# Step:           1  Bead:      0  
{"friction": [[0.00013423764728277205, -2.348553637133703e-05, -2.3249318245248094e-05], [-2.348553637133703e-05, 0.00013443905315219606, -2.3370860165126848e-05], [-2.3249318245248094e-05, -2.3370860165126848e-05, 0.00013438946863385249]]}
 #*EXTRAS*# Step:           2  Bead:      0  
{"friction": [[0.00013575229882282363, -1.5190825886546166e-05, -1.4688053747849838e-05], [-1.5190825886546166e-05, 0.00013584922333986188, -1.5052148480681862e-05], [-1.4688053747849838e-05, -1.5052148480681862e-05, 0.00013626830389509913]]}
 #*EXTRAS*# Step:           3  Bead:      0  
{"friction": [[0.0001371461313605444, -7.6138455177672514e-06, -7.155165180438593e-06], [-7.6138455177672514e-06, 0.00013717564146078164, -7.509255010627289e-06], [-7.155165180438593e-06, -7.509255010627289e-06, 0.0001378738772975121]]}
 #*EXTRAS*# Step:           4  Bead:      0  
{"friction": [[0.0001376909459037285, -5.029032704727686e-06, -4.673346570088041e-06], [-5.029032704727686e-06, 0.00013770983627563985, -4.947851967879184e-06], [-4.673346570088041e-06, -4.947851967879184e-06, 0.00013845751050799916]]}
 #*EXTRAS*# Step:           5  Bead:      0  
{"friction": [[0.00013770582140571047, -4.961428005926094e-06, -4.609086083728716e-06], [-4.961428005926094e-06, 0.00013772453208725052, -4.88093750174026e-06], [-4.609086083728716e-06, -4.88093750174026e-06, 0.00013847316030156636]]}
 #*EXTRAS*# Step:           6  Bead:      0  
{"friction": [[0.0001378382987707843, -4.365987040591944e-06, -4.044555358583953e-06], [-4.365987040591944e-06, 0.0001378556495428131, -4.291745681540963e-06], [-4.044555358583953e-06, -4.291745681540963e-06, 0.00013861192122795624]]}
 #*EXTRAS*# Step:           7  Bead:      0  
{"friction": [[0.00013787999158690196, -4.181020414403456e-06, -3.869724738291976e-06], [-4.181020414403456e-06, 0.00013789700195002702, -4.108782178618286e-06], [-3.869724738291976e-06, -4.108782178618286e-06, 0.0001386553694775391]]}
 #*EXTRAS*# Step:           8  Bead:      0  
{"friction": [[0.00013791721778029628, -4.0168349059974526e-06, -3.714749393673453e-06], [-4.0168349059974526e-06, 0.00013793395880981737, -3.946399244761727e-06], [-3.714749393673453e-06, -3.946399244761727e-06, 0.00013869407566294647]]}
 #*EXTRAS*# Step:           9  Bead:      0  
{"friction": [[0.00013793799834706263, -3.9255752814151975e-06, -3.6286958232796008e-06], [-3.9255752814151975e-06, 0.00013795460306934335, -3.856151498891053e-06], [-3.6286958232796008e-06, -3.856151498891053e-06, 0.00013871564701568853]]}
 #*EXTRAS*# Step:          10  Bead:      0  
{"friction": [[0.00013795203282752005, -3.8640998694949004e-06, -3.5707623591766514e-06], [-3.8640998694949004e-06, 0.0001379685511381923, -3.79536172394137e-06], [-3.5707623591766514e-06, -3.79536172394137e-06, 0.0001387302013603479]]}
 #*EXTRAS*# Step:          11  Bead:      0  
{"friction": [[0.00013796080729782463, -3.825729501167846e-06, -3.53461701001706e-06], [-3.825729501167846e-06, 0.00013797727388437092, -3.757420933634416e-06], [-3.53461701001706e-06, -3.757420933634416e-06, 0.0001387392950688923]]}
 #*EXTRAS*# Step:          12  Bead:      0  
{"friction": [[0.00013796647662811659, -3.800964119256224e-06, -3.511293554462288e-06], [-3.800964119256224e-06, 0.00013798291073333202, -3.732933480082611e-06], [-3.511293554462288e-06, -3.732933480082611e-06, 0.0001387451683062371]]}
 #*EXTRAS*# Step:          13  Bead:      0  
{"friction": [[0.000137970088937315, -3.7851952101671225e-06, -3.496445150911942e-06], [-3.7851952101671225e-06, 0.000137986502729977, -3.7173418089810484e-06], [-3.496445150911942e-06, -3.7173418089810484e-06, 0.00013874890957506228]]}
 #*EXTRAS*# Step:          14  Bead:      0  
{"friction": [[0.00013797240431558724, -3.7750922325792497e-06, -3.4869329072347104e-06], [-3.7750922325792497e-06, 0.00013798880524530167, -3.7073524972095786e-06], [-3.4869329072347104e-06, -3.7073524972095786e-06, 0.00013875130721878427]]}
 #*EXTRAS*# Step:          15  Bead:      0  
{"friction": [[0.00013797388437386437, -3.7686359120512866e-06, -3.4808544950052107e-06], [-3.7686359120512866e-06, 0.00013799027714531302, -3.7009688604690436e-06], [-3.4808544950052107e-06, -3.7009688604690436e-06, 0.0001387528397026003]]}
 #*EXTRAS*# Step:          16  Bead:      0  
{"friction": [[0.00013797483150163595, -3.7645050816462428e-06, -3.4769656180582017e-06], [-3.7645050816462428e-06, 0.00013799121907862047, -3.6968845526256393e-06], [-3.4769656180582017e-06, -3.6968845526256393e-06, 0.00013875382031300449]]}
