 #*EXTRAS*# Step:           0  Bead:     44  
{"friction": [[0.00010664017028987908, -3.874471502576407e-05, -3.8706267883039e-05], [-3.874471502576407e-05, 0.00010663532824109419, -3.87745976441682e-05], [-3.8706267883039e-05, -3.87745976441682e-05, 0.00010656312142689027]]}
 #*EXTRAS*# Step:           1  Bead:     44  
{"friction": [[0.00010401580066799551, -3.5765637172837496e-05, -3.569902664303221e-05], [-3.5765637172837496e-05, 0.00010401150363935715, -3.5933204405707024e-05], [-3.569902664303221e-05, -3.5933204405707024e-05, 0.00010367292263721634]]}
 #*EXTRAS*# Step:           2  Bead:     44  
{"friction": [[0.00010203244773026804, -3.2659936801569464e-05, -3.265625263154466e-05], [-3.2659936801569464e-05, 0.00010195347220665959, -3.282259276303486e-05], [-3.265625263154466e-05, -3.282259276303486e-05, 0.00010161906373979083]]}
 #*EXTRAS*# Step:           3  Bead:     44  
{"friction": [[0.0001007193685986567, -3.0121828356291172e-05, -3.0156049379748463e-05], [-3.0121828356291172e-05, 0.00010059299323697395, -3.015866971634974e-05], [-3.0156049379748463e-05, -3.015866971634974e-05, 0.00010047784616868131]]}
 #*EXTRAS*# Step:           4  Bead:     44  
{"friction": [[0.0001011911564115652, -3.1059111909536e-05, -3.108750847774247e-05], [-3.1059111909536e-05, 0.0001010726141211161, -3.115048916461377e-05], [-3.108750847774247e-05, -3.115048916461377e-05, 0.00010086090415968688]]}
 #*EXTRAS*# Step:           5  Bead:     44  
{"friction": [[0.00010286428343291861, -3.408686211238272e-05, -3.404689674694679e-05], [-3.408686211238272e-05, 0.00010282896792987195, -3.4278768596348275e-05], [-3.404689674694679e-05, -3.4278768596348275e-05, 0.00010244651734377347]]}
 #*EXTRAS*# Step:           6  Bead:     44  
{"friction": [[0.00010425314152897805, -3.607566503211241e-05, -3.600737003609811e-05], [-3.607566503211241e-05, 0.0001042510796271058, -3.6232043874797995e-05], [-3.600737003609811e-05, -3.6232043874797995e-05, 0.00010393229537995276]]}
 #*EXTRAS*# Step:           7  Bead:     44  
{"friction": [[0.00010532057524236721, -3.7358264208957125e-05, -3.729414190251846e-05], [-3.7358264208957125e-05, 0.00010531987752197044, -3.7455291818281894e-05], [-3.729414190251846e-05, -3.7455291818281894e-05, 0.00010510957155262027]]}
 #*EXTRAS*# Step:           8  Bead:     44  
{"friction": [[0.00010599423016176674, -3.808992973610056e-05, -3.803649531452608e-05], [-3.808992973610056e-05, 0.00010599117391760137, -3.814975443479213e-05], [-3.803649531452608e-05, -3.814975443479213e-05, 0.00010585388044321263]]}
 #*EXTRAS*# Step:           9  Bead:     44  
{"friction": [[0.0001064308859571348, -3.853722740483751e-05, -3.84934574347232e-05], [-3.853722740483751e-05, 0.00010642645114497857, -3.857595345362364e-05], [-3.84934574347232e-05, -3.857595345362364e-05, 0.00010633404050660571]]}
 #*EXTRAS*# Step:          10  Bead:     44  
{"friction": [[0.00010671132023561743, -3.881427715858746e-05, -3.877773669201445e-05], [-3.881427715858746e-05, 0.00010670639308641367, -3.884137336640162e-05], [-3.877773669201445e-05, -3.884137336640162e-05, 0.00010664081425850258]]}
 #*EXTRAS*# Step:          11  Bead:     44  
{"friction": [[0.00010689201391623618, -3.8988763413707155e-05, -3.895728019385685e-05], [-3.8988763413707155e-05, 0.00010688701503139892, -3.900933238940677e-05], [-3.895728019385685e-05, -3.900933238940677e-05, 0.00010683765160625773]]}
 #*EXTRAS*# Step:          12  Bead:     44  
{"friction": [[0.00010700804418603533, -3.9099191823997367e-05, -3.907111511901329e-05], [-3.9099191823997367e-05, 0.00010700312200996536, -3.911601327351304e-05], [-3.907111511901329e-05, -3.911601327351304e-05, 0.00010696366337719108]]}
 #*EXTRAS*# Step:          13  Bead:     44  
{"friction": [[0.00010708248513904225, -3.916938498234261e-05, -3.9143557860862764e-05], [-3.916938498234261e-05, 0.00010707766831867975, -3.918399670005289e-05], [-3.9143557860862764e-05, -3.918399670005289e-05, 0.00010704433827821563]]}
 #*EXTRAS*# Step:          14  Bead:     44  
{"friction": [[0.00010713018481130852, -3.9214097013371214e-05, -3.918973733589378e-05], [-3.9214097013371214e-05, 0.00010712546003174798, -3.922737583494331e-05], [-3.918973733589378e-05, -3.922737583494331e-05, 0.00010709595973224419]]}
 #*EXTRAS*# Step:          15  Bead:     44  
{"friction": [[0.00010716073160240975, -3.924262221981833e-05, -3.92192128559515e-05], [-3.924262221981833e-05, 0.00010715607621375361, -3.925508233892538e-05], [-3.92192128559515e-05, -3.925508233892538e-05, 0.00010712898739512425]]}
 #*EXTRAS*# Step:          16  Bead:     44  
{"friction": [[0.00010718028442916238, -3.92608368417243e-05, -3.923804007465337e-05], [-3.92608368417243e-05, 0.00010717567783990247, -3.927278742423065e-05], [-3.923804007465337e-05, -3.927278742423065e-05, 0.00010715011545478958]]}
