 #*EXTRAS*# Step:           0  Bead:      6  
     0.00013120          -0.00003298          -0.00003290
    -0.00003298           0.00013143          -0.00003297
    -0.00003290          -0.00003297           0.00013093
 #*EXTRAS*# Step:           1  Bead:      6  
     0.00013380          -0.00002544          -0.00002528
    -0.00002544           0.00013402          -0.00002534
    -0.00002528          -0.00002534           0.00013385
 #*EXTRAS*# Step:           2  Bead:      6  
     0.00013540          -0.00001724          -0.00001678
    -0.00001724           0.00013552          -0.00001710
    -0.00001678          -0.00001710           0.00013584
 #*EXTRAS*# Step:           3  Bead:      6  
     0.00013682          -0.00000928          -0.00000878
    -0.00000928           0.00013686          -0.00000917
    -0.00000878          -0.00000917           0.00013751
 #*EXTRAS*# Step:           4  Bead:      6  
     0.00013743          -0.00000626          -0.00000585
    -0.00000626           0.00013745          -0.00000616
    -0.00000585          -0.00000616           0.00013818
 #*EXTRAS*# Step:           5  Bead:      6  
     0.00013747          -0.00000604          -0.00000563
    -0.00000604           0.00013750          -0.00000595
    -0.00000563          -0.00000595           0.00013823
 #*EXTRAS*# Step:           6  Bead:      6  
     0.00013763          -0.00000531          -0.00000494
    -0.00000531           0.00013765          -0.00000523
    -0.00000494          -0.00000523           0.00013839
 #*EXTRAS*# Step:           7  Bead:      6  
     0.00013768          -0.00000507          -0.00000471
    -0.00000507           0.00013770          -0.00000499
    -0.00000471          -0.00000499           0.00013845
 #*EXTRAS*# Step:           8  Bead:      6  
     0.00013773          -0.00000486          -0.00000452
    -0.00000486           0.00013775          -0.00000478
    -0.00000452          -0.00000478           0.00013850
 #*EXTRAS*# Step:           9  Bead:      6  
     0.00013775          -0.00000475          -0.00000441
    -0.00000475           0.00013777          -0.00000467
    -0.00000441          -0.00000467           0.00013852
 #*EXTRAS*# Step:          10  Bead:      6  
     0.00013777          -0.00000467          -0.00000433
    -0.00000467           0.00013779          -0.00000459
    -0.00000433          -0.00000459           0.00013854
 #*EXTRAS*# Step:          11  Bead:      6  
     0.00013778          -0.00000462          -0.00000429
    -0.00000462           0.00013780          -0.00000454
    -0.00000429          -0.00000454           0.00013855
 #*EXTRAS*# Step:          12  Bead:      6  
     0.00013779          -0.00000459          -0.00000426
    -0.00000459           0.00013781          -0.00000451
    -0.00000426          -0.00000451           0.00013856
 #*EXTRAS*# Step:          13  Bead:      6  
     0.00013779          -0.00000457          -0.00000424
    -0.00000457           0.00013781          -0.00000449
    -0.00000424          -0.00000449           0.00013856
 #*EXTRAS*# Step:          14  Bead:      6  
     0.00013780          -0.00000456          -0.00000423
    -0.00000456           0.00013781          -0.00000448
    -0.00000423          -0.00000448           0.00013857
 #*EXTRAS*# Step:          15  Bead:      6  
     0.00013780          -0.00000455          -0.00000422
    -0.00000455           0.00013782          -0.00000447
    -0.00000422          -0.00000447           0.00013857
 #*EXTRAS*# Step:          16  Bead:      6  
     0.00013780          -0.00000454          -0.00000421
    -0.00000454           0.00013782          -0.00000447
    -0.00000421          -0.00000447           0.00013857
