 #*EXTRAS*# Step:           0  Bead:     49  
{"friction": [[0.00010454547171753977, -3.6444056165635773e-05, -3.637510960233212e-05], [-3.6444056165635773e-05, 0.00010454494879362924, -3.658517988655125e-05], [-3.637510960233212e-05, -3.658517988655125e-05, 0.00010425342130998133]]}
 #*EXTRAS*# Step:           1  Bead:     49  
{"friction": [[0.00010211257595627723, -3.280500640034903e-05, -3.279764370768853e-05], [-3.280500640034903e-05, 0.00010203807193065473, -3.2972342949772675e-05], [-3.279764370768853e-05, -3.2972342949772675e-05, 0.00010169579348202292]]}
 #*EXTRAS*# Step:           2  Bead:     49  
{"friction": [[0.00010016246114352229, -2.901284968861217e-05, -2.903463240241026e-05], [-2.901284968861217e-05, 0.00010004998899101943, -2.8977460124696344e-05], [-2.903463240241026e-05, -2.8977460124696344e-05, 0.00010006605631440637]]}
 #*EXTRAS*# Step:           3  Bead:     49  
{"friction": [[9.839747190985914e-05, -2.54928134013641e-05, -2.532928934037445e-05], [-2.54928134013641e-05, 9.851013654734162e-05, -2.5228106623200587e-05], [-2.532928934037445e-05, -2.5228106623200587e-05, 9.896871658520104e-05]]}
 #*EXTRAS*# Step:           4  Bead:     49  
{"friction": [[9.842337451690667e-05, -2.555061232986489e-05, -2.5390804429279854e-05], [-2.555061232986489e-05, 9.853132640214412e-05, -2.528894076132812e-05], [-2.5390804429279854e-05, -2.528894076132812e-05, 9.898381122857562e-05]]}
 #*EXTRAS*# Step:           5  Bead:     49  
{"friction": [[9.977103840718073e-05, -2.8248143600011888e-05, -2.8245911679802298e-05], [-2.8248143600011888e-05, 9.968674672345859e-05, -2.8160053934878053e-05], [-2.8245911679802298e-05, -2.8160053934878053e-05, 9.980114032200482e-05]]}
 #*EXTRAS*# Step:           6  Bead:     49  
{"friction": [[0.00010062787645744466, -2.9939035220358906e-05, -2.997280282306848e-05], [-2.9939035220358906e-05, 0.00010050187449722171, -2.9964449721743494e-05], [-2.997280282306848e-05, -2.9964449721743494e-05, 0.00010040722963255531]]}
 #*EXTRAS*# Step:           7  Bead:     49  
{"friction": [[0.00010124123564694494, -3.115754762659955e-05, -3.1184644419997235e-05], [-3.115754762659955e-05, 0.00010112433593662723, -3.1254192283173354e-05], [-3.1184644419997235e-05, -3.1254192283173354e-05, 0.00010090341338396506]]}
 #*EXTRAS*# Step:           8  Bead:     49  
{"friction": [[0.00010160885132825532, -3.186966587590332e-05, -3.188432554349781e-05], [-3.186966587590332e-05, 0.00010150742003995001, -3.2001243783857183e-05], [-3.188432554349781e-05, -3.2001243783857183e-05, 0.0001012259457437926]]}
 #*EXTRAS*# Step:           9  Bead:     49  
{"friction": [[0.00010185120563935048, -3.232640113578066e-05, -3.2330878135532325e-05], [-3.232640113578066e-05, 0.00010176227476055784, -3.2477040976626464e-05], [-3.2330878135532325e-05, -3.2477040976626464e-05, 0.00010144820770670582]]}
 #*EXTRAS*# Step:          10  Bead:     49  
{"friction": [[0.00010200702044850023, -3.261358844049192e-05, -3.261106554561141e-05], [-3.261358844049192e-05, 0.00010192663134453903, -3.2774677474388934e-05], [-3.261106554561141e-05, -3.2774677474388934e-05, 0.00010159486482971633]]}
 #*EXTRAS*# Step:          11  Bead:     49  
{"friction": [[0.00010210842953887038, -3.2797536682337295e-05, -3.279036483114311e-05], [-3.2797536682337295e-05, 0.00010203369376291654, -3.296464064700175e-05], [-3.279036483114311e-05, -3.296464064700175e-05, 0.00010169180556268276]]}
 #*EXTRAS*# Step:          12  Bead:     49  
{"friction": [[0.00010217380299432583, -3.291482487003572e-05, -3.290464179215675e-05], [-3.291482487003572e-05, 0.00010210272101878258, -3.3085472927280954e-05], [-3.290464179215675e-05, -3.3085472927280954e-05, 0.00010175489651475224]]}
 #*EXTRAS*# Step:          13  Bead:     49  
{"friction": [[0.00010221592597788603, -3.298984806160176e-05, -3.297772511918078e-05], [-3.298984806160176e-05, 0.00010214719453104758, -3.316264025642074e-05], [-3.297772511918078e-05, -3.316264025642074e-05, 0.00010179579010919835]]}
 #*EXTRAS*# Step:          14  Bead:     49  
{"friction": [[0.00010224297790625268, -3.303779811532473e-05, -3.302443116030994e-05], [-3.303779811532473e-05, 0.0001021757524675101, -3.321190945308088e-05], [-3.302443116030994e-05, -3.321190945308088e-05, 0.00010182215034787974]]}
 #*EXTRAS*# Step:          15  Bead:     49  
{"friction": [[0.00010226033271521992, -3.306846398410719e-05, -3.3054300109170756e-05], [-3.306846398410719e-05, 0.00010219407147145082, -3.3243397730321056e-05], [-3.3054300109170756e-05, -3.3243397730321056e-05, 0.00010183910120187115]]}
 #*EXTRAS*# Step:          16  Bead:     49  
{"friction": [[0.00010227145290240907, -3.308807371704193e-05, -3.3073399797377163e-05], [-3.308807371704193e-05, 0.0001022058085320992, -3.326352460775726e-05], [-3.3073399797377163e-05, -3.326352460775726e-05, 0.00010184997876775155]]}
