 #*EXTRAS*# Step:           0  Bead:     14  
     0.00012788          -0.00003821          -0.00003777
    -0.00003821           0.00012800          -0.00003827
    -0.00003777          -0.00003827           0.00012753
 #*EXTRAS*# Step:           1  Bead:     14  
     0.00013137          -0.00003262          -0.00003255
    -0.00003262           0.00013161          -0.00003261
    -0.00003255          -0.00003261           0.00013111
 #*EXTRAS*# Step:           2  Bead:     14  
     0.00013374          -0.00002566          -0.00002551
    -0.00002566           0.00013397          -0.00002556
    -0.00002551          -0.00002556           0.00013379
 #*EXTRAS*# Step:           3  Bead:     14  
     0.00013541          -0.00001719          -0.00001673
    -0.00001719           0.00013553          -0.00001705
    -0.00001673          -0.00001705           0.00013585
 #*EXTRAS*# Step:           4  Bead:     14  
     0.00013624          -0.00001238          -0.00001185
    -0.00001238           0.00013631          -0.00001225
    -0.00001185          -0.00001225           0.00013685
 #*EXTRAS*# Step:           5  Bead:     14  
     0.00013645          -0.00001126          -0.00001073
    -0.00001126           0.00013650          -0.00001113
    -0.00001073          -0.00001113           0.00013709
 #*EXTRAS*# Step:           6  Bead:     14  
     0.00013669          -0.00000994          -0.00000943
    -0.00000994           0.00013674          -0.00000982
    -0.00000943          -0.00000982           0.00013737
 #*EXTRAS*# Step:           7  Bead:     14  
     0.00013679          -0.00000941          -0.00000891
    -0.00000941           0.00013683          -0.00000929
    -0.00000891          -0.00000929           0.00013748
 #*EXTRAS*# Step:           8  Bead:     14  
     0.00013687          -0.00000900          -0.00000851
    -0.00000900           0.00013691          -0.00000889
    -0.00000851          -0.00000889           0.00013757
 #*EXTRAS*# Step:           9  Bead:     14  
     0.00013692          -0.00000877          -0.00000828
    -0.00000877           0.00013695          -0.00000865
    -0.00000828          -0.00000865           0.00013762
 #*EXTRAS*# Step:          10  Bead:     14  
     0.00013695          -0.00000861          -0.00000812
    -0.00000861           0.00013698          -0.00000850
    -0.00000812          -0.00000850           0.00013766
 #*EXTRAS*# Step:          11  Bead:     14  
     0.00013697          -0.00000851          -0.00000803
    -0.00000851           0.00013700          -0.00000840
    -0.00000803          -0.00000840           0.00013768
 #*EXTRAS*# Step:          12  Bead:     14  
     0.00013698          -0.00000845          -0.00000796
    -0.00000845           0.00013701          -0.00000834
    -0.00000796          -0.00000834           0.00013769
 #*EXTRAS*# Step:          13  Bead:     14  
     0.00013699          -0.00000841          -0.00000792
    -0.00000841           0.00013702          -0.00000830
    -0.00000792          -0.00000830           0.00013770
 #*EXTRAS*# Step:          14  Bead:     14  
     0.00013699          -0.00000838          -0.00000790
    -0.00000838           0.00013703          -0.00000827
    -0.00000790          -0.00000827           0.00013771
 #*EXTRAS*# Step:          15  Bead:     14  
     0.00013700          -0.00000836          -0.00000788
    -0.00000836           0.00013703          -0.00000825
    -0.00000788          -0.00000825           0.00013771
 #*EXTRAS*# Step:          16  Bead:     14  
     0.00013700          -0.00000835          -0.00000787
    -0.00000835           0.00013703          -0.00000824
    -0.00000787          -0.00000824           0.00013771
