 #*EXTRAS*# Step:           0  Bead:     35  
     0.00011217          -0.00004295          -0.00004298
    -0.00004295           0.00011212          -0.00004296
    -0.00004298          -0.00004296           0.00011223
 #*EXTRAS*# Step:           1  Bead:     35  
     0.00011057          -0.00004195          -0.00004203
    -0.00004195           0.00011059          -0.00004200
    -0.00004203          -0.00004200           0.00011065
 #*EXTRAS*# Step:           2  Bead:     35  
     0.00010940          -0.00004112          -0.00004118
    -0.00004112           0.00010942          -0.00004115
    -0.00004118          -0.00004115           0.00010947
 #*EXTRAS*# Step:           3  Bead:     35  
     0.00010943          -0.00004114          -0.00004120
    -0.00004114           0.00010945          -0.00004118
    -0.00004120          -0.00004118           0.00010950
 #*EXTRAS*# Step:           4  Bead:     35  
     0.00011199          -0.00004284          -0.00004288
    -0.00004284           0.00011195          -0.00004287
    -0.00004288          -0.00004287           0.00011205
 #*EXTRAS*# Step:           5  Bead:     35  
     0.00011553          -0.00004442          -0.00004415
    -0.00004442           0.00011514          -0.00004407
    -0.00004415          -0.00004407           0.00011555
 #*EXTRAS*# Step:           6  Bead:     35  
     0.00011819          -0.00004457          -0.00004437
    -0.00004457           0.00011785          -0.00004422
    -0.00004437          -0.00004422           0.00011819
 #*EXTRAS*# Step:           7  Bead:     35  
     0.00011974          -0.00004425          -0.00004420
    -0.00004425           0.00011959          -0.00004406
    -0.00004420          -0.00004406           0.00011972
 #*EXTRAS*# Step:           8  Bead:     35  
     0.00012065          -0.00004397          -0.00004396
    -0.00004397           0.00012059          -0.00004388
    -0.00004396          -0.00004388           0.00012060
 #*EXTRAS*# Step:           9  Bead:     35  
     0.00012118          -0.00004377          -0.00004376
    -0.00004377           0.00012118          -0.00004374
    -0.00004376          -0.00004374           0.00012111
 #*EXTRAS*# Step:          10  Bead:     35  
     0.00012151          -0.00004364          -0.00004361
    -0.00004364           0.00012153          -0.00004363
    -0.00004361          -0.00004363           0.00012142
 #*EXTRAS*# Step:          11  Bead:     35  
     0.00012171          -0.00004355          -0.00004350
    -0.00004355           0.00012175          -0.00004356
    -0.00004350          -0.00004356           0.00012161
 #*EXTRAS*# Step:          12  Bead:     35  
     0.00012184          -0.00004349          -0.00004343
    -0.00004349           0.00012188          -0.00004351
    -0.00004343          -0.00004351           0.00012174
 #*EXTRAS*# Step:          13  Bead:     35  
     0.00012192          -0.00004345          -0.00004338
    -0.00004345           0.00012197          -0.00004348
    -0.00004338          -0.00004348           0.00012181
 #*EXTRAS*# Step:          14  Bead:     35  
     0.00012198          -0.00004343          -0.00004335
    -0.00004343           0.00012202          -0.00004346
    -0.00004335          -0.00004346           0.00012186
 #*EXTRAS*# Step:          15  Bead:     35  
     0.00012201          -0.00004341          -0.00004333
    -0.00004341           0.00012206          -0.00004345
    -0.00004333          -0.00004345           0.00012190
 #*EXTRAS*# Step:          16  Bead:     35  
     0.00012203          -0.00004340          -0.00004332
    -0.00004340           0.00012208          -0.00004344
    -0.00004332          -0.00004344           0.00012192
