 #*EXTRAS*# Step:           0  Bead:     21  
{"friction": [[0.00012328931016894538, -4.269780502417281e-05, -4.239371038048879e-05], [-4.269780502417281e-05, 0.00012335820237912475, -4.278771985526015e-05], [-4.239371038048879e-05, -4.278771985526015e-05, 0.00012309535072690375]]}
 #*EXTRAS*# Step:           1  Bead:     21  
{"friction": [[0.00012535779220705377, -4.1011705964083915e-05, -4.045913785209357e-05], [-4.1011705964083915e-05, 0.00012542042648807614, -4.1109301544847376e-05], [-4.045913785209357e-05, -4.1109301544847376e-05, 0.00012505294416429144]]}
 #*EXTRAS*# Step:           2  Bead:     21  
{"friction": [[0.00012820961979982722, -3.778113800426238e-05, -3.737883371333145e-05], [-3.778113800426238e-05, 0.00012834380280959926, -3.783875546898979e-05], [-3.737883371333145e-05, -3.783875546898979e-05, 0.0001278570069695347]]}
 #*EXTRAS*# Step:           3  Bead:     21  
{"friction": [[0.0001319247670215818, -3.138504684079235e-05, -3.1337284489599855e-05], [-3.138504684079235e-05, 0.00013216938034488234, -3.135064069440188e-05], [-3.1337284489599855e-05, -3.135064069440188e-05, 0.00013171043363380117]]}
 #*EXTRAS*# Step:           4  Bead:     21  
{"friction": [[0.0001339503267156999, -2.4792483301932613e-05, -2.4607966679358617e-05], [-2.4792483301932613e-05, 0.00013416632193940267, -2.468743920740109e-05], [-2.4607966679358617e-05, -2.468743920740109e-05, 0.0001340380423195001]]}
 #*EXTRAS*# Step:           5  Bead:     21  
{"friction": [[0.00013460656103164655, -2.165073274032449e-05, -2.1341247370781026e-05], [-2.165073274032449e-05, 0.00013478543853515465, -2.1525182988457172e-05], [-2.1341247370781026e-05, -2.1525182988457172e-05, 0.00013484681025999564]]}
 #*EXTRAS*# Step:           6  Bead:     21  
{"friction": [[0.0001350345139306028, -1.9330120117285333e-05, -1.8934981565640615e-05], [-1.9330120117285333e-05, 0.0001351833450817515, -1.919532648141686e-05], [-1.8934981565640615e-05, -1.919532648141686e-05, 0.0001353815576095785]]}
 #*EXTRAS*# Step:           7  Bead:     21  
{"friction": [[0.00013522415397928224, -1.825343462577004e-05, -1.782363331079008e-05], [-1.825343462577004e-05, 0.00013535901632819277, -1.811607614732945e-05], [-1.782363331079008e-05, -1.811607614732945e-05, 0.0001356181209073743]]}
 #*EXTRAS*# Step:           8  Bead:     21  
{"friction": [[0.00013535667258518093, -1.7490045019112235e-05, -1.70382291439126e-05], [-1.7490045019112235e-05, 0.00013548176368043008, -1.7351531126411512e-05], [-1.70382291439126e-05, -1.7351531126411512e-05, 0.00013578272207437475]]}
 #*EXTRAS*# Step:           9  Bead:     21  
{"friction": [[0.00013543651448142844, -1.7027276732266403e-05, -1.6563269009400243e-05], [-1.7027276732266403e-05, 0.00013555576402235998, -1.688833008335975e-05], [-1.6563269009400243e-05, -1.688833008335975e-05, 0.00013588149875017335]]}
 #*EXTRAS*# Step:          10  Bead:     21  
{"friction": [[0.00013548849463548713, -1.6725264882764618e-05, -1.6253799572278733e-05], [-1.6725264882764618e-05, 0.00013560397221306633, -1.6586144648180732e-05], [-1.6253799572278733e-05, -1.6586144648180732e-05, 0.0001359456184933696]]}
 #*EXTRAS*# Step:          11  Bead:     21  
{"friction": [[0.00013552142431715202, -1.6533743380038443e-05, -1.6057760235320963e-05], [-1.6533743380038443e-05, 0.0001356345281304798, -1.639455756962692e-05], [-1.6057760235320963e-05, -1.639455756962692e-05, 0.0001359861554012421]]}
 #*EXTRAS*# Step:          12  Bead:     21  
{"friction": [[0.00013554258247240394, -1.6410632673185766e-05, -1.5931833919573617e-05], [-1.6410632673185766e-05, 0.00013565416833545533, -1.6271422936645613e-05], [-1.5931833919573617e-05, -1.6271422936645613e-05, 0.00013601216564166192]]}
 #*EXTRAS*# Step:          13  Bead:     21  
{"friction": [[0.00013555610049883945, -1.6331961835443716e-05, -1.5851400564242624e-05], [-1.6331961835443716e-05, 0.0001356667197099155, -1.619274427590195e-05], [-1.5851400564242624e-05, -1.619274427590195e-05, 0.0001360287686193702]]}
 #*EXTRAS*# Step:          14  Bead:     21  
{"friction": [[0.00013556475822534394, -1.6281572152723717e-05, -1.579989713437438e-05], [-1.6281572152723717e-05, 0.00013567475968780286, -1.614235264038751e-05], [-1.579989713437438e-05, -1.614235264038751e-05, 0.000136039395849301]]}
 #*EXTRAS*# Step:          15  Bead:     21  
{"friction": [[0.00013557029612614482, -1.624933916878676e-05, -1.576695795810795e-05], [-1.624933916878676e-05, 0.00013567990301344536, -1.611011965932404e-05], [-1.576695795810795e-05, -1.611011965932404e-05, 0.00013604619094143212]]}
 #*EXTRAS*# Step:          16  Bead:     21  
{"friction": [[0.00013557383973637361, -1.6228713408330747e-05, -1.5745882871971713e-05], [-1.6228713408330747e-05, 0.00013568319437712455, -1.6089494413200116e-05], [-1.5745882871971713e-05, -1.6089494413200116e-05, 0.00013605053793653437]]}
