 #*EXTRAS*# Step:           0  Bead:     10  
     0.00012992          -0.00003529          -0.00003508
    -0.00003529           0.00013011          -0.00003531
    -0.00003508          -0.00003531           0.00012959
 #*EXTRAS*# Step:           1  Bead:     10  
     0.00013299          -0.00002841          -0.00002834
    -0.00002841           0.00013324          -0.00002834
    -0.00002834          -0.00002834           0.00013290
 #*EXTRAS*# Step:           2  Bead:     10  
     0.00013481          -0.00002056          -0.00002021
    -0.00002056           0.00013498          -0.00002043
    -0.00002021          -0.00002043           0.00013510
 #*EXTRAS*# Step:           3  Bead:     10  
     0.00013627          -0.00001222          -0.00001169
    -0.00001222           0.00013634          -0.00001209
    -0.00001169          -0.00001209           0.00013689
 #*EXTRAS*# Step:           4  Bead:     10  
     0.00013697          -0.00000850          -0.00000801
    -0.00000850           0.00013700          -0.00000838
    -0.00000801          -0.00000838           0.00013768
 #*EXTRAS*# Step:           5  Bead:     10  
     0.00013707          -0.00000797          -0.00000750
    -0.00000797           0.00013711          -0.00000786
    -0.00000750          -0.00000786           0.00013780
 #*EXTRAS*# Step:           6  Bead:     10  
     0.00013727          -0.00000702          -0.00000658
    -0.00000702           0.00013729          -0.00000692
    -0.00000658          -0.00000692           0.00013800
 #*EXTRAS*# Step:           7  Bead:     10  
     0.00013734          -0.00000667          -0.00000625
    -0.00000667           0.00013736          -0.00000658
    -0.00000625          -0.00000658           0.00013808
 #*EXTRAS*# Step:           8  Bead:     10  
     0.00013740          -0.00000639          -0.00000598
    -0.00000639           0.00013742          -0.00000630
    -0.00000598          -0.00000630           0.00013815
 #*EXTRAS*# Step:           9  Bead:     10  
     0.00013743          -0.00000623          -0.00000582
    -0.00000623           0.00013746          -0.00000614
    -0.00000582          -0.00000614           0.00013818
 #*EXTRAS*# Step:          10  Bead:     10  
     0.00013745          -0.00000612          -0.00000572
    -0.00000612           0.00013748          -0.00000603
    -0.00000572          -0.00000603           0.00013821
 #*EXTRAS*# Step:          11  Bead:     10  
     0.00013747          -0.00000606          -0.00000565
    -0.00000606           0.00013749          -0.00000596
    -0.00000565          -0.00000596           0.00013822
 #*EXTRAS*# Step:          12  Bead:     10  
     0.00013748          -0.00000601          -0.00000561
    -0.00000601           0.00013750          -0.00000592
    -0.00000561          -0.00000592           0.00013823
 #*EXTRAS*# Step:          13  Bead:     10  
     0.00013748          -0.00000598          -0.00000558
    -0.00000598           0.00013751          -0.00000589
    -0.00000558          -0.00000589           0.00013824
 #*EXTRAS*# Step:          14  Bead:     10  
     0.00013749          -0.00000597          -0.00000557
    -0.00000597           0.00013751          -0.00000588
    -0.00000557          -0.00000588           0.00013824
 #*EXTRAS*# Step:          15  Bead:     10  
     0.00013749          -0.00000596          -0.00000556
    -0.00000596           0.00013751          -0.00000586
    -0.00000556          -0.00000586           0.00013825
 #*EXTRAS*# Step:          16  Bead:     10  
     0.00013749          -0.00000595          -0.00000555
    -0.00000595           0.00013751          -0.00000586
    -0.00000555          -0.00000586           0.00013825
