 #*EXTRAS*# Step:           0  Bead:     26  
{"friction": [[0.00011962164781834676, -4.428729526742142e-05, -4.422423780727485e-05], [-4.428729526742142e-05, 0.00011944812410604063, -4.4082117571065435e-05], [-4.422423780727485e-05, -4.4082117571065435e-05, 0.00011959886778569174]]}
 #*EXTRAS*# Step:           1  Bead:     26  
{"friction": [[0.00012047581918875771, -4.402777868222472e-05, -4.4016928730177005e-05], [-4.402777868222472e-05, 0.00012040521060484018, -4.392029012564913e-05], [-4.4016928730177005e-05, -4.392029012564913e-05, 0.00012043159263550454]]}
 #*EXTRAS*# Step:           2  Bead:     26  
{"friction": [[0.00012177105383005219, -4.352327908232164e-05, -4.346682783159071e-05], [-4.352327908232164e-05, 0.00012181087804981829, -4.354084631089246e-05], [-4.346682783159071e-05, -4.354084631089246e-05, 0.00012167199812647979]]}
 #*EXTRAS*# Step:           3  Bead:     26  
{"friction": [[0.0001243839370599069, -4.188414373516916e-05, -4.140513822437185e-05], [-4.188414373516916e-05, 0.00012444486341466618, -4.1985732601397385e-05], [-4.140513822437185e-05, -4.1985732601397385e-05, 0.000124123607889392]]}
 #*EXTRAS*# Step:           4  Bead:     26  
{"friction": [[0.0001285053984151157, -3.7384994647424015e-05, -3.701371310823259e-05], [-3.7384994647424015e-05, 0.0001286496425053405, -3.7436837407600435e-05], [-3.701371310823259e-05, -3.7436837407600435e-05, 0.00012815416822667874]]}
 #*EXTRAS*# Step:           5  Bead:     26  
{"friction": [[0.00013115246117307954, -3.3071487635000564e-05, -3.298026587111625e-05], [-3.3071487635000564e-05, 0.00013138232921736616, -3.306010340155387e-05], [-3.298026587111625e-05, -3.306010340155387e-05, 0.0001308804536039917]]}
 #*EXTRAS*# Step:           6  Bead:     26  
{"friction": [[0.00013245417768129836, -3.0021174353157708e-05, -2.9976367552237963e-05], [-3.0021174353157708e-05, 0.00013270219862420647, -2.9969411932142155e-05], [-2.9976367552237963e-05, -2.9969411932142155e-05, 0.00013229508539007955]]}
 #*EXTRAS*# Step:           7  Bead:     26  
{"friction": [[0.00013297267741268454, -2.847189659807676e-05, -2.84047026966323e-05], [-2.847189659807676e-05, 0.0001332173466168814, -2.8402027839595697e-05], [-2.84047026966323e-05, -2.8402027839595697e-05, 0.00013288274046155922]]}
 #*EXTRAS*# Step:           8  Bead:     26  
{"friction": [[0.00013328244370777945, -2.7424418924097923e-05, -2.7330786224643974e-05], [-2.7424418924097923e-05, 0.0001335214222906992, -2.73433711356701e-05], [-2.7330786224643974e-05, -2.73433711356701e-05, 0.0001332418373128221]]}
 #*EXTRAS*# Step:           9  Bead:     26  
{"friction": [[0.0001334602352291442, -2.677627353424501e-05, -2.6662899631286075e-05], [-2.677627353424501e-05, 0.00013369457165078155, -2.668876195908431e-05], [-2.6662899631286075e-05, -2.668876195908431e-05, 0.00013345083275211219]]}
 #*EXTRAS*# Step:          10  Bead:     26  
{"friction": [[0.0001335710630426156, -2.635367341754933e-05, -2.6226316065560635e-05], [-2.635367341754933e-05, 0.00013380197362180505, -2.626213931985757e-05], [-2.6226316065560635e-05, -2.626213931985757e-05, 0.0001335822008567369]]}
 #*EXTRAS*# Step:          11  Bead:     26  
{"friction": [[0.00013363980964140873, -2.608409574216872e-05, -2.5947427277955544e-05], [-2.608409574216872e-05, 0.00013386838537225154, -2.5990076023978284e-05], [-2.5947427277955544e-05, -2.5990076023978284e-05, 0.00013366411012153662]]}
 #*EXTRAS*# Step:          12  Bead:     26  
{"friction": [[0.00013368329310827035, -2.5910580684793436e-05, -2.5767775025209228e-05], [-2.5910580684793436e-05, 0.00013391030822681974, -2.5814994485704863e-05], [-2.5767775025209228e-05, -2.5814994485704863e-05, 0.0001337160853591214]]}
 #*EXTRAS*# Step:          13  Bead:     26  
{"friction": [[0.00013371083066408774, -2.5799477984744106e-05, -2.5652687746447836e-05], [-2.5799477984744106e-05, 0.00013393682372613708, -2.5702902569321306e-05], [-2.5652687746447836e-05, -2.5702902569321306e-05, 0.00013374906697492502]]}
 #*EXTRAS*# Step:          14  Bead:     26  
{"friction": [[0.00013372836053968066, -2.5728256735064985e-05, -2.5578890803771986e-05], [-2.5728256735064985e-05, 0.00013395368931745034, -2.563105288227006e-05], [-2.5578890803771986e-05, -2.563105288227006e-05, 0.000133770089134363]]}
 #*EXTRAS*# Step:          15  Bead:     26  
{"friction": [[0.00013373953255663983, -2.5682664552630687e-05, -2.5531641301395925e-05], [-2.5682664552630687e-05, 0.0001339644324246853, -2.5585060744802952e-05], [-2.5531641301395925e-05, -2.5585060744802952e-05, 0.00013378349763865435]]}
 #*EXTRAS*# Step:          16  Bead:     26  
{"friction": [[0.00013374666403789774, -2.5653479068278266e-05, -2.5501391491673066e-05], [-2.5653479068278266e-05, 0.00013397128785618215, -2.555562019172331e-05], [-2.5501391491673066e-05, -2.555562019172331e-05, 0.00013379206113878504]]}
