 #*EXTRAS*# Step:           0  Bead:     31  
{"friction": [[0.00011529316548301044, -4.435439121512612e-05, -4.41050010482841e-05], [-4.435439121512612e-05, 0.00011492181793038626, -4.403170578939231e-05], [-4.41050010482841e-05, -4.403170578939231e-05, 0.00011531825069130156]]}
 #*EXTRAS*# Step:           1  Bead:     31  
{"friction": [[0.00011463151720805868, -4.414077344111367e-05, -4.3942771043665696e-05], [-4.414077344111367e-05, 0.00011431917427686955, -4.388629439664982e-05], [-4.3942771043665696e-05, -4.388629439664982e-05, 0.00011466327320499583]]}
 #*EXTRAS*# Step:           2  Bead:     31  
{"friction": [[0.00011447483125937992, -4.4082368427699694e-05, -4.3898541438228974e-05], [-4.4082368427699694e-05, 0.00011417857612750851, -4.384577650200786e-05], [-4.3898541438228974e-05, -4.384577650200786e-05, 0.00011450821969368034]]}
 #*EXTRAS*# Step:           3  Bead:     31  
{"friction": [[0.00011587507685862038, -4.449493432711425e-05, -4.42156622996814e-05], [-4.449493432711425e-05, 0.00011546783275634489, -4.412648570925547e-05], [-4.42156622996814e-05, -4.412648570925547e-05, 0.00011589457826653105]]}
 #*EXTRAS*# Step:           4  Bead:     31  
{"friction": [[0.00011965689825143423, -4.427781598137865e-05, -4.4217639448266493e-05], [-4.427781598137865e-05, 0.00011948774897856446, -4.407663287740825e-05], [-4.4217639448266493e-05, -4.407663287740825e-05, 0.00011963339775328734]]}
 #*EXTRAS*# Step:           5  Bead:     31  
{"friction": [[0.0001229554558155162, -4.290800095914028e-05, -4.2665603166535156e-05], [-4.290800095914028e-05, 0.00012302450714339442, -4.298858879630991e-05], [-4.2665603166535156e-05, -4.298858879630991e-05, 0.00012278336601729254]]}
 #*EXTRAS*# Step:           6  Bead:     31  
{"friction": [[0.00012507110543021115, -4.128155016028529e-05, -4.074075821614363e-05], [-4.128155016028529e-05, 0.00012513147234981362, -4.1381094907845826e-05], [-4.074075821614363e-05, -4.1381094907845826e-05, 0.0001247776269516911]]}
 #*EXTRAS*# Step:           7  Bead:     31  
{"friction": [[0.00012634027613233793, -4.001118922605477e-05, -3.9466743184175846e-05], [-4.001118922605477e-05, 0.00012641971134178854, -4.0098718898431264e-05], [-3.9466743184175846e-05, -4.0098718898431264e-05, 0.0001260062877419076]]}
 #*EXTRAS*# Step:           8  Bead:     31  
{"friction": [[0.00012716558596881212, -3.908142566512955e-05, -3.858500669211196e-05], [-3.908142566512955e-05, 0.00012726665108535372, -3.9157250910330746e-05], [-3.858500669211196e-05, -3.9157250910330746e-05, 0.0001268176315619704]]}
 #*EXTRAS*# Step:           9  Bead:     31  
{"friction": [[0.00012767631510709806, -3.846357708898833e-05, -3.800961412246017e-05], [-3.846357708898833e-05, 0.0001277929940122162, -3.8530933687846757e-05], [-3.800961412246017e-05, -3.8530933687846757e-05, 0.00012732425870932407]]}
 #*EXTRAS*# Step:          10  Bead:     31  
{"friction": [[0.00012800391826177265, -3.804906838500175e-05, -3.762610171551901e-05], [-3.804906838500175e-05, 0.00012813123508466592, -3.8110546720814236e-05], [-3.762610171551901e-05, -3.8110546720814236e-05, 0.00012765106216773518]]}
 #*EXTRAS*# Step:          11  Bead:     31  
{"friction": [[0.0001282114584348212, -3.77787156630745e-05, -3.737659971522195e-05], [-3.77787156630745e-05, 0.00012834570335929835, -3.7836298038622585e-05], [-3.737659971522195e-05, -3.7836298038622585e-05, 0.0001278588504093753]]}
 #*EXTRAS*# Step:          12  Bead:     31  
{"friction": [[0.0001283440561839969, -3.7602711120388415e-05, -3.721433362718197e-05], [-3.7602711120388415e-05, 0.00012848278842791851, -3.765773618481378e-05], [-3.721433362718197e-05, -3.765773618481378e-05, 0.00012799191893070935]]}
 #*EXTRAS*# Step:          13  Bead:     31  
{"friction": [[0.00012842861116504027, -3.748910620892902e-05, -3.710963978946907e-05], [-3.748910620892902e-05, 0.00012857022565674613, -3.75424731287441e-05], [-3.710963978946907e-05, -3.75424731287441e-05, 0.0001280769031312665]]}
 #*EXTRAS*# Step:          14  Bead:     31  
{"friction": [[0.00012848264215968805, -3.74159430875871e-05, -3.7042227168662206e-05], [-3.74159430875871e-05, 0.0001286261058405799, -3.746823935370866e-05], [-3.7042227168662206e-05, -3.746823935370866e-05, 0.00012813126157022088]]}
 #*EXTRAS*# Step:          15  Bead:     31  
{"friction": [[0.0001285171639429838, -3.736896215164047e-05, -3.699894204757306e-05], [-3.736896215164047e-05, 0.0001286618118733782, -3.7420569840319866e-05], [-3.699894204757306e-05, -3.7420569840319866e-05, 0.00012816601443000185]]}
 #*EXTRAS*# Step:          16  Bead:     31  
{"friction": [[0.00012853923347178381, -3.7338830749452425e-05, -3.697118186700052e-05], [-3.7338830749452425e-05, 0.0001286846395383567, -3.738999639779636e-05], [-3.697118186700052e-05, -3.738999639779636e-05, 0.00012818824065970237]]}
