 #*EXTRAS*# Step:           0  Bead:     18  
     0.00012526          -0.00004110          -0.00004055
    -0.00004110           0.00012533          -0.00004120
    -0.00004055          -0.00004120           0.00012496
 #*EXTRAS*# Step:           1  Bead:     18  
     0.00012834          -0.00003761          -0.00003722
    -0.00003761           0.00012848          -0.00003767
    -0.00003722          -0.00003767           0.00012799
 #*EXTRAS*# Step:           2  Bead:     18  
     0.00013150          -0.00003236          -0.00003229
    -0.00003236           0.00013173          -0.00003234
    -0.00003229          -0.00003234           0.00013125
 #*EXTRAS*# Step:           3  Bead:     18  
     0.00013401          -0.00002455          -0.00002435
    -0.00002455           0.00013422          -0.00002444
    -0.00002435          -0.00002444           0.00013411
 #*EXTRAS*# Step:           4  Bead:     18  
     0.00013518          -0.00001850          -0.00001808
    -0.00001850           0.00013532          -0.00001837
    -0.00001808          -0.00001837           0.00013556
 #*EXTRAS*# Step:           5  Bead:     18  
     0.00013555          -0.00001636          -0.00001588
    -0.00001636           0.00013566          -0.00001623
    -0.00001588          -0.00001623           0.00013602
 #*EXTRAS*# Step:           6  Bead:     18  
     0.00013587          -0.00001453          -0.00001401
    -0.00001453           0.00013596          -0.00001439
    -0.00001401          -0.00001439           0.00013641
 #*EXTRAS*# Step:           7  Bead:     18  
     0.00013601          -0.00001372          -0.00001320
    -0.00001372           0.00013609          -0.00001358
    -0.00001320          -0.00001358           0.00013658
 #*EXTRAS*# Step:           8  Bead:     18  
     0.00013611          -0.00001313          -0.00001260
    -0.00001313           0.00013619          -0.00001299
    -0.00001260          -0.00001299           0.00013670
 #*EXTRAS*# Step:           9  Bead:     18  
     0.00013617          -0.00001277          -0.00001225
    -0.00001277           0.00013624          -0.00001264
    -0.00001225          -0.00001264           0.00013677
 #*EXTRAS*# Step:          10  Bead:     18  
     0.00013622          -0.00001254          -0.00001201
    -0.00001254           0.00013628          -0.00001241
    -0.00001201          -0.00001241           0.00013682
 #*EXTRAS*# Step:          11  Bead:     18  
     0.00013624          -0.00001240          -0.00001187
    -0.00001240           0.00013631          -0.00001226
    -0.00001187          -0.00001226           0.00013685
 #*EXTRAS*# Step:          12  Bead:     18  
     0.00013626          -0.00001230          -0.00001177
    -0.00001230           0.00013632          -0.00001217
    -0.00001177          -0.00001217           0.00013687
 #*EXTRAS*# Step:          13  Bead:     18  
     0.00013627          -0.00001224          -0.00001171
    -0.00001224           0.00013633          -0.00001211
    -0.00001171          -0.00001211           0.00013688
 #*EXTRAS*# Step:          14  Bead:     18  
     0.00013628          -0.00001220          -0.00001168
    -0.00001220           0.00013634          -0.00001207
    -0.00001168          -0.00001207           0.00013689
 #*EXTRAS*# Step:          15  Bead:     18  
     0.00013628          -0.00001218          -0.00001165
    -0.00001218           0.00013634          -0.00001205
    -0.00001165          -0.00001205           0.00013690
 #*EXTRAS*# Step:          16  Bead:     18  
     0.00013628          -0.00001216          -0.00001163
    -0.00001216           0.00013635          -0.00001203
    -0.00001163          -0.00001203           0.00013690
