 #*EXTRAS*# Step:           0  Bead:     52  
{"friction": [[0.00010366394327696455, -3.5285887569447394e-05, -3.522391444163986e-05], [-3.5285887569447394e-05, 0.00010365423205589712, -3.546717661556058e-05], [-3.522391444163986e-05, -3.546717661556058e-05, 0.00010329150520581095]]}
 #*EXTRAS*# Step:           1  Bead:     52  
{"friction": [[0.00010137971738935573, -3.142814232946037e-05, -3.1451102768022846e-05], [-3.142814232946037e-05, 0.00010126800048912262, -3.153874370928429e-05], [-3.1451102768022846e-05, -3.153874370928429e-05, 0.00010102276928021121]]}
 #*EXTRAS*# Step:           2  Bead:     52  
{"friction": [[9.93357944929949e-05, -2.7410070684412604e-05, -2.7367022899696978e-05], [-2.7410070684412604e-05, 9.930012079475498e-05, -2.7263775530006035e-05], [-2.7367022899696978e-05, -2.7263775530006035e-05, 9.952566022934459e-05]]}
 #*EXTRAS*# Step:           3  Bead:     52  
{"friction": [[9.76175609700588e-05, -2.339749617873421e-05, -2.3120269406814896e-05], [-2.339749617873421e-05, 9.788387628951507e-05, -2.3056419767073376e-05], [-2.3120269406814896e-05, -2.3056419767073376e-05, 9.850012939991969e-05]]}
 #*EXTRAS*# Step:           4  Bead:     52  
{"friction": [[9.751310161398863e-05, -2.3010564504919607e-05, -2.271942471523731e-05], [-2.3010564504919607e-05, 9.78011940029252e-05, -2.266361612288356e-05], [-2.271942471523731e-05, -2.266361612288356e-05, 9.843074074152643e-05]]}
 #*EXTRAS*# Step:           5  Bead:     52  
{"friction": [[9.845527157098916e-05, -2.5621203741735716e-05, -2.5465951589750378e-05], [-2.5621203741735716e-05, 9.855746116242544e-05, -2.5363295791254894e-05], [-2.5465951589750378e-05, -2.5363295791254894e-05, 9.900239852764618e-05]]}
 #*EXTRAS*# Step:           6  Bead:     52  
{"friction": [[9.917947608893624e-05, -2.7106626277552036e-05, -2.704608909068944e-05], [-2.7106626277552036e-05, 9.916486415593332e-05, -2.6939741752433517e-05], [-2.704608909068944e-05, -2.6939741752433517e-05, 9.94302733137955e-05]]}
 #*EXTRAS*# Step:           7  Bead:     52  
{"friction": [[9.974794192495288e-05, -2.8203561701117104e-05, -2.8199502682521546e-05], [-2.8203561701117104e-05, 9.966580991354183e-05, -2.8112362456318632e-05], [-2.8199502682521546e-05, -2.8112362456318632e-05, 9.97860779479665e-05]]}
 #*EXTRAS*# Step:           8  Bead:     52  
{"friction": [[0.000100074609905375, -2.883969265807147e-05, -2.885724271284861e-05], [-2.883969265807147e-05, 9.996706493717237e-05, -2.8792514408181942e-05], [-2.885724271284861e-05, -2.8792514408181942e-05, 0.00010000492651330525]]}
 #*EXTRAS*# Step:           9  Bead:     52  
{"friction": [[0.00010028509410508422, -2.9255714081329458e-05, -2.9282320625274606e-05], [-2.9255714081329458e-05, 0.00010016705179855776, -2.9236668256038294e-05], [-2.9282320625274606e-05, -2.9236668256038294e-05, 0.00010015308564307156]]}
 #*EXTRAS*# Step:          10  Bead:     52  
{"friction": [[0.00010041678575204521, -2.9517676715400762e-05, -2.9548101913287456e-05], [-2.9517676715400762e-05, 0.00010029440176976114, -2.9515968091117742e-05], [-2.9548101913287456e-05, -2.9515968091117742e-05, 0.00010024880062220468]]}
 #*EXTRAS*# Step:          11  Bead:     52  
{"friction": [[0.00010050138174843617, -2.9686398054083988e-05, -2.9718561311985332e-05], [-2.9686398054083988e-05, 0.00010037706894539806, -2.9695672046773143e-05], [-2.9718561311985332e-05, -2.9695672046773143e-05, 0.00010031154424875213]]}
 #*EXTRAS*# Step:          12  Bead:     52  
{"friction": [[0.00010055532515753637, -2.9794100854285308e-05, -2.9827090948770028e-05], [-2.9794100854285308e-05, 0.00010043012069783228, -2.9810302540792204e-05], [-2.9827090948770028e-05, -2.9810302540792204e-05, 0.00010035207408527163]]}
 #*EXTRAS*# Step:          13  Bead:     52  
{"friction": [[0.00010058987415596834, -2.986311123372257e-05, -2.9896518747464187e-05], [-2.986311123372257e-05, 0.00010046423330558181, -2.9883715750335325e-05], [-2.9896518747464187e-05, -2.9883715750335325e-05, 0.00010037824667439686]]}
 #*EXTRAS*# Step:          14  Bead:     52  
{"friction": [[0.00010061196581559928, -2.9907246340476335e-05, -2.9940875688919423e-05], [-2.9907246340476335e-05, 0.00010048610003506689, -2.9930651337553902e-05], [-2.9940875688919423e-05, -2.9930651337553902e-05, 0.00010039507035450281]]}
 #*EXTRAS*# Step:          15  Bead:     52  
{"friction": [[0.00010062610170894928, -2.9935489271865783e-05, -2.9969242340033936e-05], [-2.9935489271865783e-05, 0.00010050011387458556, -2.99606799374882e-05], [-2.9969242340033936e-05, -2.99606799374882e-05, 0.00010040587155585479]]}
 #*EXTRAS*# Step:          16  Bead:     52  
{"friction": [[0.00010063514351186697, -2.9953554921195183e-05, -2.9987379724816192e-05], [-2.9953554921195183e-05, 0.0001005090864862577, -2.9979885130413363e-05], [-2.9987379724816192e-05, -2.9979885130413363e-05, 0.00010041279518989028]]}
