 #*EXTRAS*# Step:           0  Bead:     51  
{"friction": [[0.00010392810737404057, -3.564841585082599e-05, -3.5582711172999606e-05], [-3.564841585082599e-05, 0.0001039227172200635, -3.581976330672245e-05], [-3.5582711172999606e-05, -3.581976330672245e-05, 0.00010357747568088037]]}
 #*EXTRAS*# Step:           1  Bead:     51  
{"friction": [[0.00010159950057720748, -3.185181944597111e-05, -3.186684729834325e-05], [-3.185181944597111e-05, 0.00010149761526160896, -3.1982595836817304e-05], [-3.186684729834325e-05, -3.1982595836817304e-05, 0.00010121751897000925]]}
 #*EXTRAS*# Step:           2  Bead:     51  
{"friction": [[9.958909900009009e-05, -2.789777900535259e-05, -2.7880055002417155e-05], [-2.789777900535259e-05, 9.95231709371138e-05, -2.7785242086469034e-05], [-2.7880055002417155e-05, -2.7785242086469034e-05, 9.968395042460206e-05]]}
 #*EXTRAS*# Step:           3  Bead:     51  
{"friction": [[9.78217089870107e-05, -2.404439877699718e-05, -2.3796302601172432e-05], [-2.404439877699718e-05, 9.804596309933551e-05, -2.3719233805716925e-05], [-2.3796302601172432e-05, -2.3719233805716925e-05, 9.862816350421207e-05]]}
 #*EXTRAS*# Step:           4  Bead:     51  
{"friction": [[9.77405278754854e-05, -2.3800480966068397e-05, -2.354060447958986e-05], [-2.3800480966068397e-05, 9.798139686344618e-05, -2.3468444709559176e-05], [-2.354060447958986e-05, -2.3468444709559176e-05, 9.857812122444582e-05]]}
 #*EXTRAS*# Step:           5  Bead:     51  
{"friction": [[9.883832725990797e-05, -2.6428843222474272e-05, -2.632609563401284e-05], [-2.6428843222474272e-05, 9.887514396599439e-05, -2.6217979705177336e-05], [-2.632609563401284e-05, -2.6217979705177336e-05, 9.922661537357304e-05]]}
 #*EXTRAS*# Step:           6  Bead:     51  
{"friction": [[9.962749822488106e-05, -2.797161357889566e-05, -2.7957362021950412e-05], [-2.797161357889566e-05, 9.955744415964286e-05, -2.7864225829908813e-05], [-2.7957362021950412e-05, -2.7864225829908813e-05, 9.97084161708547e-05]]}
 #*EXTRAS*# Step:           7  Bead:     51  
{"friction": [[0.00010021026592541625, -2.9107377345657472e-05, -2.9131189007792164e-05], [-2.9107377345657472e-05, 0.0001000954434032451, -2.9078377307351963e-05], [-2.9131189007792164e-05, -2.9078377307351963e-05, 0.00010009974440916409]]}
 #*EXTRAS*# Step:           8  Bead:     51  
{"friction": [[0.00010054324161118794, -2.9769969204196133e-05, -2.9802792775049977e-05], [-2.9769969204196133e-05, 0.00010041821443323132, -2.9784624560543882e-05], [-2.9802792775049977e-05, -2.9784624560543882e-05, 0.00010034295979970767]]}
 #*EXTRAS*# Step:           9  Bead:     51  
{"friction": [[0.00010075884608004766, -3.020067281117671e-05, -3.023491470121282e-05], [-3.020067281117671e-05, 0.00010063251906437104, -3.0242372436843226e-05], [-3.023491470121282e-05, -3.0242372436843226e-05, 0.00010050868356586719]]}
 #*EXTRAS*# Step:          10  Bead:     51  
{"friction": [[0.00010089478789587937, -3.0471831879516735e-05, -3.050538313122385e-05], [-3.0471831879516735e-05, 0.00010076953984804766, -3.052988965326851e-05], [-3.050538313122385e-05, -3.052988965326851e-05, 0.0001006165734466744]]}
 #*EXTRAS*# Step:          11  Bead:     51  
{"friction": [[0.00010098242631406213, -3.0646185011996586e-05, -3.067870174926936e-05], [-3.0646185011996586e-05, 0.0001008585779062183, -3.071445308804897e-05], [-3.067870174926936e-05, -3.071445308804897e-05, 0.00010068752545999048]]}
 #*EXTRAS*# Step:          12  Bead:     51  
{"friction": [[0.0001010384879813515, -3.0757454157938243e-05, -3.078908378337422e-05], [-3.0757454157938243e-05, 0.00010091580361460243, -3.083210294493325e-05], [-3.078908378337422e-05, -3.083210294493325e-05, 0.00010073348655127778]]}
 #*EXTRAS*# Step:          13  Bead:     51  
{"friction": [[0.00010107445596722977, -3.0828714177130266e-05, -3.085968668264369e-05], [-3.0828714177130266e-05, 0.00010095262316917772, -3.090739147342865e-05], [-3.085968668264369e-05, -3.090739147342865e-05, 0.00010076320919101726]]}
 #*EXTRAS*# Step:          14  Bead:     51  
{"friction": [[0.00010109748442467893, -3.087428067454206e-05, -3.09047975909096e-05], [-3.087428067454206e-05, 0.00010097623831993084, -3.095550960872202e-05], [-3.09047975909096e-05, -3.095550960872202e-05, 0.00010078233526043724]]}
 #*EXTRAS*# Step:          15  Bead:     51  
{"friction": [[0.00010111223094094355, -3.09034346906858e-05, -3.093364589690335e-05], [-3.09034346906858e-05, 0.00010099137713648245, -3.098628605532633e-05], [-3.093364589690335e-05, -3.098628605532633e-05, 0.00010079462220181947]]}
 #*EXTRAS*# Step:          16  Bead:     51  
{"friction": [[0.0001011216682043396, -3.0922081677912555e-05, -3.095209160352582e-05], [-3.0922081677912555e-05, 0.00010100107215592385, -3.1005966558795484e-05], [-3.095209160352582e-05, -3.1005966558795484e-05, 0.00010080250152601363]]}
