 #*EXTRAS*# Step:           0  Bead:     40  
{"friction": [[0.00010884671416050972, -4.069374642795891e-05, -4.0732312774585544e-05], [-4.069374642795891e-05, 0.00010886046575184648, -4.0708913362173936e-05], [-4.0732312774585544e-05, -4.0708913362173936e-05, 0.00010890687369275164]]}
 #*EXTRAS*# Step:           1  Bead:     40  
{"friction": [[0.0001064529892925873, -3.855934644154066e-05, -3.851611816113914e-05], [-3.855934644154066e-05, 0.00010644850157988084, -3.859709529171976e-05], [-3.851611816113914e-05, -3.859709529171976e-05, 0.0001063582711399424]]}
 #*EXTRAS*# Step:           2  Bead:     40  
{"friction": [[0.00010447704163414807, -3.635908381152948e-05, -3.629015678671782e-05], [-3.635908381152948e-05, 0.00010447626236277206, -3.6503893852748037e-05], [-3.629015678671782e-05, -3.6503893852748037e-05, 0.00010417811657219781]]}
 #*EXTRAS*# Step:           3  Bead:     40  
{"friction": [[0.00010342222421027113, -3.494067862820951e-05, -3.488356133008459e-05], [-3.494067862820951e-05, 0.00010340696666247552, -3.5128716617487545e-05], [-3.488356133008459e-05, -3.5128716617487545e-05, 0.00010303231398545244]]}
 #*EXTRAS*# Step:           4  Bead:     40  
{"friction": [[0.00010465862479116016, -3.658294386879851e-05, -3.651413503901892e-05], [-3.658294386879851e-05, 0.00010465840390752766, -3.6717850519508874e-05], [-3.651413503901892e-05, -3.6717850519508874e-05, 0.00010437808906171267]]}
 #*EXTRAS*# Step:           5  Bead:     40  
{"friction": [[0.00010738192228649618, -3.9446683119442735e-05, -3.943039715577925e-05], [-3.9446683119442735e-05, 0.00010737803025674076, -3.945406491771937e-05], [-3.943039715577925e-05, -3.945406491771937e-05, 0.00010736739284848048]]}
 #*EXTRAS*# Step:           6  Bead:     40  
{"friction": [[0.00010944638324781008, -4.1155269899330656e-05, -4.121430993655353e-05], [-4.1155269899330656e-05, 0.00010946829526130616, -4.118639939436827e-05], [-4.121430993655353e-05, -4.118639939436827e-05, 0.00010951895949279956]]}
 #*EXTRAS*# Step:           7  Bead:     40  
{"friction": [[0.00011080553420440625, -4.210687425051959e-05, -4.218481976038426e-05], [-4.210687425051959e-05, 0.00011082278841265845, -4.216165807111229e-05], [-4.218481976038426e-05, -4.216165807111229e-05, 0.00011088071574599675]]}
 #*EXTRAS*# Step:           8  Bead:     40  
{"friction": [[0.0001116395756547555, -4.263277610466597e-05, -4.269179451311441e-05], [-4.263277610466597e-05, 0.00011162529190943578, -4.267280996639046e-05], [-4.269179451311441e-05, -4.267280996639046e-05, 0.00011170627824325666]]}
 #*EXTRAS*# Step:           9  Bead:     40  
{"friction": [[0.00011216748501401423, -4.294554471526128e-05, -4.2976709987115604e-05], [-4.294554471526128e-05, 0.00011211768654139926, -4.2957717600085096e-05], [-4.2976709987115604e-05, -4.2957717600085096e-05, 0.00011222751693184993]]}
 #*EXTRAS*# Step:          10  Bead:     40  
{"friction": [[0.00011250674619214634, -4.313874755400084e-05, -4.314496915827705e-05], [-4.313874755400084e-05, 0.000112427127637154, -4.312424130425631e-05], [-4.314496915827705e-05, -4.312424130425631e-05, 0.0001125625327675532]]}
 #*EXTRAS*# Step:          11  Bead:     40  
{"friction": [[0.00011272476686995288, -4.325922658917885e-05, -4.3247011997450526e-05], [-4.325922658917885e-05, 0.00011262360141098268, -4.322445733841386e-05], [-4.3247011997450526e-05, -4.322445733841386e-05, 0.00011277788824017996]]}
 #*EXTRAS*# Step:          12  Bead:     40  
{"friction": [[0.00011286493953873556, -4.333497794594764e-05, -4.3310123941695696e-05], [-4.333497794594764e-05, 0.00011274914816633021, -4.3286122107271504e-05], [-4.3310123941695696e-05, -4.3286122107271504e-05, 0.00011291637283682106]]}
 #*EXTRAS*# Step:          13  Bead:     40  
{"friction": [[0.00011295488251533501, -4.338283209233627e-05, -4.334959746090815e-05], [-4.338283209233627e-05, 0.00011282944242941347, -4.3324560169658516e-05], [-4.334959746090815e-05, -4.3324560169658516e-05, 0.00011300524300262928]]}
 #*EXTRAS*# Step:          14  Bead:     40  
{"friction": [[0.0001130125519404606, -4.341319326958024e-05, -4.33744878424448e-05], [-4.341319326958024e-05, 0.00011288083095404138, -4.334874412594497e-05], [-4.33744878424448e-05, -4.334874412594497e-05, 0.0001130622287857531]]}
 #*EXTRAS*# Step:          15  Bead:     40  
{"friction": [[0.00011304949336799923, -4.3432506447188e-05, -4.339026023960931e-05], [-4.3432506447188e-05, 0.00011291371395547994, -4.33640469273406e-05], [-4.339026023960931e-05, -4.33640469273406e-05, 0.0001130987340138238]]}
 #*EXTRAS*# Step:          16  Bead:     40  
{"friction": [[0.00011307314587264887, -4.344481576736545e-05, -4.340028854369348e-05], [-4.344481576736545e-05, 0.00011293475455543487, -4.3373767657457024e-05], [-4.340028854369348e-05, -4.3373767657457024e-05, 0.00011312210793653401]]}
