 #*EXTRAS*# Step:           0  Bead:     17  
{"friction": [[0.00012594185509922254, -4.0430818480279955e-05, -3.987531491748839e-05], [-4.0430818480279955e-05, 0.0001260130421325445, -4.052299864131734e-05], [-3.987531491748839e-05, -4.052299864131734e-05, 0.00012561795751016416]]}
 #*EXTRAS*# Step:           1  Bead:     17  
{"friction": [[0.0001292330233438706, -3.6350781754656434e-05, -3.606013317947199e-05], [-3.6350781754656434e-05, 0.00012940248479960308, -3.63873291496811e-05], [-3.606013317947199e-05, -3.63873291496811e-05, 0.0001288906648071318]]}
 #*EXTRAS*# Step:           2  Bead:     17  
{"friction": [[0.00013225045162150537, -3.0569446914486834e-05, -3.052641201540585e-05], [-3.0569446914486834e-05, 0.00013249790819660405, -3.0524511681098596e-05], [-3.052641201540585e-05, -3.0524511681098596e-05, 0.00013206839277799757]]}
 #*EXTRAS*# Step:           3  Bead:     17  
{"friction": [[0.0001344425002112759, -2.2487755759273258e-05, -2.2211465701507164e-05], [-2.2487755759273258e-05, 0.00013463187670572927, -2.2366779029739933e-05], [-2.2211465701507164e-05, -2.2366779029739933e-05, 0.00013464273433599105]]}
 #*EXTRAS*# Step:           4  Bead:     17  
{"friction": [[0.00013548701775889643, -1.6733851523151897e-05, -1.6262592646678197e-05], [-1.6733851523151897e-05, 0.00013560260210227236, -1.6594735037362445e-05], [-1.6262592646678197e-05, -1.6594735037362445e-05, 0.00013594379888811497]]}
 #*EXTRAS*# Step:           5  Bead:     17  
{"friction": [[0.0001358042596159704, -1.4889495312579095e-05, -1.438195090430603e-05], [-1.4889495312579095e-05, 0.00013589768090185644, -1.4751164215924579e-05], [-1.438195090430603e-05, -1.4751164215924579e-05, 0.0001363312549208322]]}
 #*EXTRAS*# Step:           6  Bead:     17  
{"friction": [[0.00013609905040345982, -1.319670940479757e-05, -1.2671499127153465e-05], [-1.319670940479757e-05, 0.00013617383014264027, -1.306189732086529e-05], [-1.2671499127153465e-05, -1.306189732086529e-05, 0.00013668407907252997]]}
 #*EXTRAS*# Step:           7  Bead:     17  
{"friction": [[0.00013622841752999648, -1.2466582571482739e-05, -1.1938810099540148e-05], [-1.2466582571482739e-05, 0.00013629576698105005, -1.233410854767926e-05], [-1.1938810099540148e-05, -1.233410854767926e-05, 0.00013683646025317427]]}
 #*EXTRAS*# Step:           8  Bead:     17  
{"friction": [[0.00013632498607158152, -1.1927939212127352e-05, -1.140033121336755e-05], [-1.1927939212127352e-05, 0.0001363871148862876, -1.1797504907876863e-05], [-1.140033121336755e-05, -1.1797504907876863e-05, 0.0001369492001155031]]}
 #*EXTRAS*# Step:           9  Bead:     17  
{"friction": [[0.0001363830555118439, -1.160688393634611e-05, -1.1080223546214069e-05], [-1.160688393634611e-05, 0.00013644218300017813, -1.1477792069853034e-05], [-1.1080223546214069e-05, -1.1477792069853034e-05, 0.00013701657701858082]]}
 #*EXTRAS*# Step:          10  Bead:     17  
{"friction": [[0.0001364213157039717, -1.1396570770986937e-05, -1.087088019764848e-05], [-1.1396570770986937e-05, 0.0001364785231164496, -1.1268409446484133e-05], [-1.087088019764848e-05, -1.1268409446484133e-05, 0.00013706079868497462]]}
 #*EXTRAS*# Step:          11  Bead:     17  
{"friction": [[0.0001364455819897545, -1.1263695155766039e-05, -1.0738760989940923e-05], [-1.1263695155766039e-05, 0.00013650159538798788, -1.1136142584743052e-05], [-1.0738760989940923e-05, -1.1136142584743052e-05, 0.0001370887757747922]]}
 #*EXTRAS*# Step:          12  Bead:     17  
{"friction": [[0.00013646121990892591, -1.1178280483844804e-05, -1.0653891615211222e-05], [-1.1178280483844804e-05, 0.00013651647366126984, -1.1051127740505903e-05], [-1.0653891615211222e-05, -1.1051127740505903e-05, 0.00013710677622123465]]}
 #*EXTRAS*# Step:          13  Bead:     17  
{"friction": [[0.0001364712185029339, -1.1123756690272338e-05, -1.0599740160709681e-05], [-1.1123756690272338e-05, 0.00013652599058962064, -1.099686265413028e-05], [-1.0599740160709681e-05, -1.099686265413028e-05, 0.0001371182735475757]]}
 #*EXTRAS*# Step:          14  Bead:     17  
{"friction": [[0.0001364776278948441, -1.1088841933877804e-05, -1.0565073781948351e-05], [-1.1088841933877804e-05, 0.00013653209287796202, -1.0962114986733196e-05], [-1.0565073781948351e-05, -1.0962114986733196e-05, 0.00013712563882491393]]}
 #*EXTRAS*# Step:          15  Bead:     17  
{"friction": [[0.00013648172911771728, -1.1066515827609075e-05, -1.054291057622375e-05], [-1.1066515827609075e-05, 0.00013653599827240264, -1.093989630736619e-05], [-1.054291057622375e-05, -1.093989630736619e-05, 0.0001371303497120099]]}
 #*EXTRAS*# Step:          16  Bead:     17  
{"friction": [[0.0001364843542342276, -1.1052231476956996e-05, -1.0528732119685582e-05], [-1.1052231476956996e-05, 0.0001365384983214574, -1.092568092727965e-05], [-1.0528732119685582e-05, -1.092568092727965e-05, 0.00013713336425054732]]}
