 #*EXTRAS*# Step:           0  Bead:     35  
{"friction": [[0.00011216920631531552, -4.2946540772708485e-05, -4.2977592964064865e-05], [-4.2946540772708485e-05, 0.00011211926994815254, -4.2958595375337326e-05], [-4.2977592964064865e-05, -4.2958595375337326e-05, 0.0001122292163872923]]}
 #*EXTRAS*# Step:           1  Bead:     35  
{"friction": [[0.00011057015670993158, -4.195085838223167e-05, -4.2029341823790465e-05], [-4.195085838223167e-05, 0.00011059170115053509, -4.200469638245758e-05], [-4.2029341823790465e-05, -4.200469638245758e-05, 0.00011064674459340928]]}
 #*EXTRAS*# Step:           2  Bead:     35  
{"friction": [[0.00010940174233347514, -4.1121836384169986e-05, -4.117952266456567e-05], [-4.1121836384169986e-05, 0.00010942316879269038, -4.115174410249787e-05], [-4.117952266456567e-05, -4.115174410249787e-05, 0.00010947368459920659]]}
 #*EXTRAS*# Step:           3  Bead:     35  
{"friction": [[0.00010943261189348166, -4.1144971472545974e-05, -4.1203597447430455e-05], [-4.1144971472545974e-05, 0.00010945437690505304, -4.117572459510217e-05], [-4.1203597447430455e-05, -4.117572459510217e-05, 0.00010950499715983993]]}
 #*EXTRAS*# Step:           4  Bead:     35  
{"friction": [[0.00011198949914361116, -4.2841732516888345e-05, -4.2883791527133844e-05], [-4.2841732516888345e-05, 0.00011195316403229059, -4.28651398578202e-05], [-4.2883791527133844e-05, -4.28651398578202e-05, 0.00011205180007307474]]}
 #*EXTRAS*# Step:           5  Bead:     35  
{"friction": [[0.0001155276566558337, -4.441657053733629e-05, -4.4153141526675066e-05], [-4.441657053733629e-05, 0.00011513976467012645, -4.407353880981911e-05], [-4.4153141526675066e-05, -4.407353880981911e-05, 0.00011555046093054683]]}
 #*EXTRAS*# Step:           6  Bead:     35  
{"friction": [[0.00011819023895948003, -4.457121541182645e-05, -4.437370388154715e-05], [-4.457121541182645e-05, 0.00011785225155725546, -4.42247765925165e-05], [-4.437370388154715e-05, -4.42247765925165e-05, 0.00011818863281198347]]}
 #*EXTRAS*# Step:           7  Bead:     35  
{"friction": [[0.00011974345853640291, -4.425407360770912e-05, -4.420076853583592e-05], [-4.425407360770912e-05, 0.00011958504311819264, -4.4062743986205514e-05], [-4.420076853583592e-05, -4.4062743986205514e-05, 0.00011971813588623074]]}
 #*EXTRAS*# Step:           8  Bead:     35  
{"friction": [[0.00012064584181719867, -4.396901917772264e-05, -4.396266857166995e-05], [-4.396901917772264e-05, 0.0001205940314855708, -4.388046600168675e-05], [-4.396266857166995e-05, -4.388046600168675e-05, 0.00012059617737953079]]}
 #*EXTRAS*# Step:           9  Bead:     35  
{"friction": [[0.00012117751436886447, -4.377097553710874e-05, -4.376007474097051e-05], [-4.377097553710874e-05, 0.00012117730549984323, -4.373773611637462e-05], [-4.376007474097051e-05, -4.373773611637462e-05, 0.00012110762184072035]]}
 #*EXTRAS*# Step:          10  Bead:     35  
{"friction": [[0.0001215056424442684, -4.363795883451625e-05, -4.360710377107234e-05], [-4.363795883451625e-05, 0.00012152997275455754, -4.363440232577509e-05], [-4.360710377107234e-05, -4.363440232577509e-05, 0.00012142046189954146]]}
 #*EXTRAS*# Step:          11  Bead:     35  
{"friction": [[0.00012171035539513513, -4.355012504158419e-05, -4.350021993485647e-05], [-4.355012504158419e-05, 0.00012174696898121557, -4.356309151738122e-05], [-4.350021993485647e-05, -4.356309151738122e-05, 0.00012161458272492721]]}
 #*EXTRAS*# Step:          12  Bead:     35  
{"friction": [[0.00012184004545863179, -4.3492292262526974e-05, -4.342792987121958e-05], [-4.3492292262526974e-05, 0.00012188328561718875, -4.351492262576895e-05], [-4.342792987121958e-05, -4.351492262576895e-05, 0.00012173718385259607]]}
 #*EXTRAS*# Step:          13  Bead:     35  
{"friction": [[0.00012192246399986323, -4.345459171550446e-05, -4.338014903407884e-05], [-4.345459171550446e-05, 0.00012196946573816056, -4.348303873047144e-05], [-4.338014903407884e-05, -4.348303873047144e-05, 0.00012181495673390722]]}
 #*EXTRAS*# Step:          14  Bead:     35  
{"friction": [[0.00012197502472240629, -4.343014781409978e-05, -4.334893410736218e-05], [-4.343014781409978e-05, 0.00012202424760156631, -4.3462172590748284e-05], [-4.334893410736218e-05, -4.3462172590748284e-05, 0.00012186450107519755]]}
 #*EXTRAS*# Step:          15  Bead:     35  
{"friction": [[0.00012200857595084499, -4.341437687488957e-05, -4.3328706885318586e-05], [-4.341437687488957e-05, 0.00012205914561195342, -4.344863191286281e-05], [-4.3328706885318586e-05, -4.344863191286281e-05, 0.00012189610588990062]]}
 #*EXTRAS*# Step:          16  Bead:     35  
{"friction": [[0.00012203001278518469, -4.34042309055869e-05, -4.331566039141969e-05], [-4.34042309055869e-05, 0.00012208141432096457, -4.343988910834879e-05], [-4.331566039141969e-05, -4.343988910834879e-05, 0.00012191629079825389]]}
