 #*EXTRAS*# Step:           0  Bead:      7  
{"friction": [[0.00013094354884002888, -3.34806356918497e-05, -3.337184485038292e-05], [-3.34806356918497e-05, 0.00013116798657021497, -3.347505294528034e-05], [-3.337184485038292e-05, -3.347505294528034e-05, 0.00013065962767836692]]}
 #*EXTRAS*# Step:           1  Bead:      7  
{"friction": [[0.0001336455756449247, -2.6061221935753395e-05, -2.592375063293343e-05], [-2.6061221935753395e-05, 0.00013387394817920302, -2.5966994213336938e-05], [-2.592375063293343e-05, -2.5966994213336938e-05, 0.00013367099476153948]]}
 #*EXTRAS*# Step:           2  Bead:      7  
{"friction": [[0.00013528448767963097, -1.790675287571595e-05, -1.7466671351673417e-05], [-1.790675287571595e-05, 0.00013541489436186326, -1.776880150731231e-05], [-1.7466671351673417e-05, -1.776880150731231e-05, 0.00013569315202618896]]}
 #*EXTRAS*# Step:           3  Bead:      7  
{"friction": [[0.00013670732952222726, -9.857017672499874e-06, -9.347060015143981e-06], [-9.857017672499874e-06, 0.0001367516466341297, -9.736894693050155e-06], [-9.347060015143981e-06, -9.736894693050155e-06, 0.00013738712543597575]]}
 #*EXTRAS*# Step:           4  Bead:      7  
{"friction": [[0.00013733549832113486, -6.690838581171217e-06, -6.263425019846885e-06], [-6.690838581171217e-06, 0.00013736039251903502, -6.593936768300574e-06], [-6.263425019846885e-06, -6.593936768300574e-06, 0.00013807915467407597]]}
 #*EXTRAS*# Step:           5  Bead:      7  
{"friction": [[0.00013739319262262887, -6.414918658028865e-06, -5.9980309129128655e-06], [-6.414918658028865e-06, 0.0001374168818913002, -6.320460567413704e-06], [-5.9980309129128655e-06, -6.320460567413704e-06, 0.0001381411656655885]]}
 #*EXTRAS*# Step:           6  Bead:      7  
{"friction": [[0.00013755619345895482, -5.648439958416892e-06, -5.2636730539858215e-06], [-5.648439958416892e-06, 0.00013757696753264188, -5.561118982686943e-06], [-5.2636730539858215e-06, -5.561118982686943e-06, 0.00013831508810924177]]}
 #*EXTRAS*# Step:           7  Bead:      7  
{"friction": [[0.0001376134170444619, -5.3838539013022804e-06, -5.011165777057693e-06], [-5.3838539013022804e-06, 0.00013763333431951775, -5.299115182651091e-06], [-5.011165777057693e-06, -5.299115182651091e-06, 0.00013837571484746043]]}
 #*EXTRAS*# Step:           8  Bead:      7  
{"friction": [[0.00013766156539978474, -5.1630059992353115e-06, -4.800791788156751e-06], [-5.1630059992353115e-06, 0.00013768082699694764, -5.080469063280605e-06], [-4.800791788156751e-06, -5.080469063280605e-06, 0.0001384265589860766]]}
 #*EXTRAS*# Step:           9  Bead:      7  
{"friction": [[0.0001376890800326767, -5.037523262435468e-06, -4.681419498700208e-06], [-5.037523262435468e-06, 0.0001377079933345031, -4.956256116909054e-06], [-4.681419498700208e-06, -4.956256116909054e-06, 0.0001384555465169593]]}
 #*EXTRAS*# Step:          10  Bead:      7  
{"friction": [[0.00013770749792156784, -4.953818264799446e-06, -4.601854879384859e-06], [-4.953818264799446e-06, 0.00013772618869801125, -4.873405701442467e-06], [-4.601854879384859e-06, -4.873405701442467e-06, 0.00013847492319747122]]}
 #*EXTRAS*# Step:          11  Bead:      7  
{"friction": [[0.0001377190619769193, -4.901381191240156e-06, -4.552037804628818e-06], [-4.901381191240156e-06, 0.00013773761736102845, -4.821507057468019e-06], [-4.552037804628818e-06, -4.821507057468019e-06, 0.00013848707820845598]]}
 #*EXTRAS*# Step:          12  Bead:      7  
{"friction": [[0.00013772652487945347, -4.8675892816448785e-06, -4.519945019813919e-06], [-4.8675892816448785e-06, 0.00013774499465173557, -4.788063381589297e-06], [-4.519945019813919e-06, -4.788063381589297e-06, 0.00013849491798617809]]}
 #*EXTRAS*# Step:          13  Bead:      7  
{"friction": [[0.0001377312843289995, -4.8460584122878485e-06, -4.499501151868575e-06], [-4.8460584122878485e-06, 0.00013774970022335385, -4.766754905718086e-06], [-4.499501151868575e-06, -4.766754905718086e-06, 0.00013849991594923233]]}
 #*EXTRAS*# Step:          14  Bead:      7  
{"friction": [[0.0001377343346417768, -4.832267479026501e-06, -4.486408258100472e-06], [-4.832267479026501e-06, 0.00013775271630067523, -4.753106629363754e-06], [-4.486408258100472e-06, -4.753106629363754e-06, 0.00013850311837328478]]}
 #*EXTRAS*# Step:          15  Bead:      7  
{"friction": [[0.00013773628494961353, -4.823453158025755e-06, -4.478040815333197e-06], [-4.823453158025755e-06, 0.00013775464483957995, -4.74438357166544e-06], [-4.478040815333197e-06, -4.74438357166544e-06, 0.00013850516563086235]]}
 #*EXTRAS*# Step:          16  Bead:      7  
{"friction": [[0.00013773753302509227, -4.817813900372436e-06, -4.472687763357605e-06], [-4.817813900372436e-06, 0.0001377558790335947, -4.738802737840148e-06], [-4.472687763357605e-06, -4.738802737840148e-06, 0.00013850647562253606]]}
