 #*EXTRAS*# Step:           0  Bead:     49  
     0.00010455          -0.00003644          -0.00003638
    -0.00003644           0.00010454          -0.00003659
    -0.00003638          -0.00003659           0.00010425
 #*EXTRAS*# Step:           1  Bead:     49  
     0.00010211          -0.00003281          -0.00003280
    -0.00003281           0.00010204          -0.00003297
    -0.00003280          -0.00003297           0.00010170
 #*EXTRAS*# Step:           2  Bead:     49  
     0.00010016          -0.00002901          -0.00002903
    -0.00002901           0.00010005          -0.00002898
    -0.00002903          -0.00002898           0.00010007
 #*EXTRAS*# Step:           3  Bead:     49  
     0.00009840          -0.00002549          -0.00002533
    -0.00002549           0.00009851          -0.00002523
    -0.00002533          -0.00002523           0.00009897
 #*EXTRAS*# Step:           4  Bead:     49  
     0.00009842          -0.00002555          -0.00002539
    -0.00002555           0.00009853          -0.00002529
    -0.00002539          -0.00002529           0.00009898
 #*EXTRAS*# Step:           5  Bead:     49  
     0.00009977          -0.00002825          -0.00002825
    -0.00002825           0.00009969          -0.00002816
    -0.00002825          -0.00002816           0.00009980
 #*EXTRAS*# Step:           6  Bead:     49  
     0.00010063          -0.00002994          -0.00002997
    -0.00002994           0.00010050          -0.00002996
    -0.00002997          -0.00002996           0.00010041
 #*EXTRAS*# Step:           7  Bead:     49  
     0.00010124          -0.00003116          -0.00003118
    -0.00003116           0.00010112          -0.00003125
    -0.00003118          -0.00003125           0.00010090
 #*EXTRAS*# Step:           8  Bead:     49  
     0.00010161          -0.00003187          -0.00003188
    -0.00003187           0.00010151          -0.00003200
    -0.00003188          -0.00003200           0.00010123
 #*EXTRAS*# Step:           9  Bead:     49  
     0.00010185          -0.00003233          -0.00003233
    -0.00003233           0.00010176          -0.00003248
    -0.00003233          -0.00003248           0.00010145
 #*EXTRAS*# Step:          10  Bead:     49  
     0.00010201          -0.00003261          -0.00003261
    -0.00003261           0.00010193          -0.00003277
    -0.00003261          -0.00003277           0.00010159
 #*EXTRAS*# Step:          11  Bead:     49  
     0.00010211          -0.00003280          -0.00003279
    -0.00003280           0.00010203          -0.00003296
    -0.00003279          -0.00003296           0.00010169
 #*EXTRAS*# Step:          12  Bead:     49  
     0.00010217          -0.00003291          -0.00003290
    -0.00003291           0.00010210          -0.00003309
    -0.00003290          -0.00003309           0.00010175
 #*EXTRAS*# Step:          13  Bead:     49  
     0.00010222          -0.00003299          -0.00003298
    -0.00003299           0.00010215          -0.00003316
    -0.00003298          -0.00003316           0.00010180
 #*EXTRAS*# Step:          14  Bead:     49  
     0.00010224          -0.00003304          -0.00003302
    -0.00003304           0.00010218          -0.00003321
    -0.00003302          -0.00003321           0.00010182
 #*EXTRAS*# Step:          15  Bead:     49  
     0.00010226          -0.00003307          -0.00003305
    -0.00003307           0.00010219          -0.00003324
    -0.00003305          -0.00003324           0.00010184
 #*EXTRAS*# Step:          16  Bead:     49  
     0.00010227          -0.00003309          -0.00003307
    -0.00003309           0.00010221          -0.00003326
    -0.00003307          -0.00003326           0.00010185
