 #*EXTRAS*# Step:           0  Bead:      4  
{"friction": [[0.00013158007460812243, -3.217616690285429e-05, -3.2114038906784815e-05], [-3.217616690285429e-05, 0.000131819341634194, -3.215236678795705e-05], [-3.2114038906784815e-05, -3.215236678795705e-05, 0.00013133701434974246]]}
 #*EXTRAS*# Step:           1  Bead:      4  
{"friction": [[0.00013402596589135048, -2.445897241083669e-05, -2.4261466286692028e-05], [-2.445897241083669e-05, 0.000134238391017754, -2.435132318714053e-05], [-2.4261466286692028e-05, -2.435132318714053e-05, 0.00013413007921958227]]}
 #*EXTRAS*# Step:           2  Bead:      4  
{"friction": [[0.00013558035653235046, -1.619078144869508e-05, -1.5707129815061076e-05], [-1.619078144869508e-05, 0.00013568924777082483, -1.605156444346024e-05], [-1.5707129815061076e-05, -1.605156444346024e-05, 0.0001360585299848262]]}
 #*EXTRAS*# Step:           3  Bead:      4  
{"friction": [[0.00013698693977136814, -8.410700532733241e-06, -7.929847247333982e-06], [-8.410700532733241e-06, 0.00013702114172870622, -8.300077941603389e-06], [-7.929847247333982e-06, -8.300077941603389e-06, 0.0001376991451454236]]}
 #*EXTRAS*# Step:           4  Bead:      4  
{"friction": [[0.00013756644128827046, -5.600887075498122e-06, -5.218253396070243e-06], [-5.600887075498122e-06, 0.00013758705567076668, -5.514025724742836e-06], [-5.218253396070243e-06, -5.514025724742836e-06, 0.00013832596149248019]]}
 #*EXTRAS*# Step:           5  Bead:      4  
{"friction": [[0.0001375964318955127, -5.462148054110503e-06, -5.085832442561333e-06], [-5.462148054110503e-06, 0.00013761659463747272, -5.37663889685109e-06], [-5.085832442561333e-06, -5.37663889685109e-06, 0.00013835774234699836]]}
 #*EXTRAS*# Step:           6  Bead:      4  
{"friction": [[0.00013773981364965417, -4.807511949092367e-06, -4.462909265687072e-06], [-4.807511949092367e-06, 0.00013775813439169965, -4.728607587469339e-06], [-4.462909265687072e-06, -4.728607587469339e-06, 0.00013850886913433955]]}
 #*EXTRAS*# Step:           7  Bead:      4  
{"friction": [[0.00013778698104651717, -4.595239363889967e-06, -4.261596771375986e-06], [-4.595239363889967e-06, 0.00013780480785947506, -4.5185559539245416e-06], [-4.261596771375986e-06, -4.5185559539245416e-06, 0.00013855829839521937]]}
 #*EXTRAS*# Step:           8  Bead:      4  
{"friction": [[0.00013782807559174236, -4.4115170133151105e-06, -4.087629250445344e-06], [-4.4115170133151105e-06, 0.00013784551614732867, -4.336787072609965e-06], [-4.087629250445344e-06, -4.336787072609965e-06, 0.0001386012516397715]]}
 #*EXTRAS*# Step:           9  Bead:      4  
{"friction": [[0.0001378512325592193, -4.308484486327402e-06, -3.990176698472619e-06], [-4.308484486327402e-06, 0.0001378684733169179, -4.234862723556853e-06], [-3.990176698472619e-06, -4.234862723556853e-06, 0.00013862541074022026]]}
 #*EXTRAS*# Step:          10  Bead:      4  
{"friction": [[0.00013786681410085183, -4.2393572125690814e-06, -3.924837315878018e-06], [-4.2393572125690814e-06, 0.00013788392760278305, -4.16648404984495e-06], [-3.924837315878018e-06, -4.16648404984495e-06, 0.00013864164841749445]]}
 #*EXTRAS*# Step:          11  Bead:      4  
{"friction": [[0.00013787657226515087, -4.19614679438362e-06, -3.884012669867443e-06], [-4.19614679438362e-06, 0.00013789360899737804, -4.123743646437485e-06], [-3.884012669867443e-06, -4.123743646437485e-06, 0.00013865181010203677]]}
 #*EXTRAS*# Step:          12  Bead:      4  
{"friction": [[0.0001378828739546768, -4.168275375313441e-06, -3.857687470585437e-06], [-4.168275375313441e-06, 0.00013789986230344388, -4.096176241451027e-06], [-3.857687470585437e-06, -4.096176241451027e-06, 0.0001386583693657478]]}
 #*EXTRAS*# Step:          13  Bead:      4  
{"friction": [[0.0001378868905953724, -4.150523987049385e-06, -3.840923883198975e-06], [-4.150523987049385e-06, 0.00013790384859256358, -4.078618826759461e-06], [-3.840923883198975e-06, -4.078618826759461e-06, 0.00013866254895104302]]}
 #*EXTRAS*# Step:          14  Bead:      4  
{"friction": [[0.00013788946498655198, -4.139152128910127e-06, -3.830186058806337e-06], [-4.139152128910127e-06, 0.00013790640372980797, -4.067371373085801e-06], [-3.830186058806337e-06, -4.067371373085801e-06, 0.00013866522727545868]]}
 #*EXTRAS*# Step:          15  Bead:      4  
{"friction": [[0.00013789111075756782, -4.131884540573933e-06, -3.823324175659879e-06], [-4.131884540573933e-06, 0.000137908037273583, -4.060183347700094e-06], [-3.823324175659879e-06, -4.060183347700094e-06, 0.00013866693928378968]]}
 #*EXTRAS*# Step:          16  Bead:      4  
{"friction": [[0.00013789216393167466, -4.127234742082154e-06, -3.818934153074344e-06], [-4.127234742082154e-06, 0.00013790908265648577, -4.055584477207085e-06], [-3.818934153074344e-06, -4.055584477207085e-06, 0.0001386680347608504]]}
