 #*EXTRAS*# Step:           0  Bead:     45  
     0.00010616          -0.00003826          -0.00003821
    -0.00003826           0.00010615          -0.00003831
    -0.00003821          -0.00003831           0.00010603
 #*EXTRAS*# Step:           1  Bead:     45  
     0.00010354          -0.00003511          -0.00003505
    -0.00003511           0.00010353          -0.00003530
    -0.00003505          -0.00003530           0.00010316
 #*EXTRAS*# Step:           2  Bead:     45  
     0.00010159          -0.00003183          -0.00003185
    -0.00003183           0.00010149          -0.00003196
    -0.00003185          -0.00003196           0.00010121
 #*EXTRAS*# Step:           3  Bead:     45  
     0.00010019          -0.00002906          -0.00002909
    -0.00002906           0.00010007          -0.00002903
    -0.00002909          -0.00002903           0.00010008
 #*EXTRAS*# Step:           4  Bead:     45  
     0.00010056          -0.00002981          -0.00002984
    -0.00002981           0.00010044          -0.00002983
    -0.00002984          -0.00002983           0.00010036
 #*EXTRAS*# Step:           5  Bead:     45  
     0.00010210          -0.00003279          -0.00003278
    -0.00003279           0.00010203          -0.00003296
    -0.00003278          -0.00003296           0.00010169
 #*EXTRAS*# Step:           6  Bead:     45  
     0.00010329          -0.00003475          -0.00003470
    -0.00003475           0.00010327          -0.00003494
    -0.00003470          -0.00003494           0.00010289
 #*EXTRAS*# Step:           7  Bead:     45  
     0.00010423          -0.00003605          -0.00003598
    -0.00003605           0.00010423          -0.00003621
    -0.00003598          -0.00003621           0.00010391
 #*EXTRAS*# Step:           8  Bead:     45  
     0.00010484          -0.00003680          -0.00003673
    -0.00003680           0.00010484          -0.00003693
    -0.00003673          -0.00003693           0.00010458
 #*EXTRAS*# Step:           9  Bead:     45  
     0.00010524          -0.00003726          -0.00003720
    -0.00003726           0.00010524          -0.00003737
    -0.00003720          -0.00003737           0.00010502
 #*EXTRAS*# Step:          10  Bead:     45  
     0.00010550          -0.00003755          -0.00003749
    -0.00003755           0.00010549          -0.00003764
    -0.00003749          -0.00003764           0.00010530
 #*EXTRAS*# Step:          11  Bead:     45  
     0.00010566          -0.00003774          -0.00003768
    -0.00003774           0.00010566          -0.00003781
    -0.00003768          -0.00003781           0.00010549
 #*EXTRAS*# Step:          12  Bead:     45  
     0.00010577          -0.00003785          -0.00003780
    -0.00003785           0.00010577          -0.00003792
    -0.00003780          -0.00003792           0.00010561
 #*EXTRAS*# Step:          13  Bead:     45  
     0.00010584          -0.00003793          -0.00003787
    -0.00003793           0.00010584          -0.00003799
    -0.00003787          -0.00003799           0.00010568
 #*EXTRAS*# Step:          14  Bead:     45  
     0.00010588          -0.00003797          -0.00003792
    -0.00003797           0.00010588          -0.00003804
    -0.00003792          -0.00003804           0.00010573
 #*EXTRAS*# Step:          15  Bead:     45  
     0.00010591          -0.00003800          -0.00003795
    -0.00003800           0.00010591          -0.00003807
    -0.00003795          -0.00003807           0.00010576
 #*EXTRAS*# Step:          16  Bead:     45  
     0.00010593          -0.00003802          -0.00003797
    -0.00003802           0.00010593          -0.00003809
    -0.00003797          -0.00003809           0.00010578
