 #*EXTRAS*# Step:           0  Bead:     37  
     0.00011076          -0.00004208          -0.00004216
    -0.00004208           0.00011078          -0.00004213
    -0.00004216          -0.00004213           0.00011084
 #*EXTRAS*# Step:           1  Bead:     37  
     0.00010880          -0.00004066          -0.00004070
    -0.00004066           0.00010882          -0.00004067
    -0.00004070          -0.00004067           0.00010886
 #*EXTRAS*# Step:           2  Bead:     37  
     0.00010723          -0.00003930          -0.00003928
    -0.00003930           0.00010722          -0.00003931
    -0.00003928          -0.00003931           0.00010720
 #*EXTRAS*# Step:           3  Bead:     37  
     0.00010671          -0.00003881          -0.00003878
    -0.00003881           0.00010670          -0.00003884
    -0.00003878          -0.00003884           0.00010664
 #*EXTRAS*# Step:           4  Bead:     37  
     0.00010877          -0.00004063          -0.00004067
    -0.00004063           0.00010878          -0.00004064
    -0.00004067          -0.00004064           0.00010882
 #*EXTRAS*# Step:           5  Bead:     37  
     0.00011196          -0.00004282          -0.00004287
    -0.00004282           0.00011193          -0.00004285
    -0.00004287          -0.00004285           0.00011202
 #*EXTRAS*# Step:           6  Bead:     37  
     0.00011438          -0.00004405          -0.00004387
    -0.00004405           0.00011409          -0.00004382
    -0.00004387          -0.00004382           0.00011441
 #*EXTRAS*# Step:           7  Bead:     37  
     0.00011592          -0.00004450          -0.00004422
    -0.00004450           0.00011551          -0.00004413
    -0.00004422          -0.00004413           0.00011593
 #*EXTRAS*# Step:           8  Bead:     37  
     0.00011687          -0.00004462          -0.00004434
    -0.00004462           0.00011645          -0.00004422
    -0.00004434          -0.00004422           0.00011688
 #*EXTRAS*# Step:           9  Bead:     37  
     0.00011748          -0.00004463          -0.00004437
    -0.00004463           0.00011708          -0.00004424
    -0.00004437          -0.00004424           0.00011748
 #*EXTRAS*# Step:          10  Bead:     37  
     0.00011786          -0.00004461          -0.00004438
    -0.00004461           0.00011750          -0.00004424
    -0.00004438          -0.00004424           0.00011786
 #*EXTRAS*# Step:          11  Bead:     37  
     0.00011811          -0.00004458          -0.00004438
    -0.00004458           0.00011776          -0.00004423
    -0.00004438          -0.00004423           0.00011811
 #*EXTRAS*# Step:          12  Bead:     37  
     0.00011827          -0.00004456          -0.00004437
    -0.00004456           0.00011794          -0.00004422
    -0.00004437          -0.00004422           0.00011827
 #*EXTRAS*# Step:          13  Bead:     37  
     0.00011837          -0.00004455          -0.00004437
    -0.00004455           0.00011805          -0.00004422
    -0.00004437          -0.00004422           0.00011837
 #*EXTRAS*# Step:          14  Bead:     37  
     0.00011843          -0.00004454          -0.00004436
    -0.00004454           0.00011812          -0.00004421
    -0.00004436          -0.00004421           0.00011843
 #*EXTRAS*# Step:          15  Bead:     37  
     0.00011848          -0.00004453          -0.00004436
    -0.00004453           0.00011817          -0.00004421
    -0.00004436          -0.00004421           0.00011847
 #*EXTRAS*# Step:          16  Bead:     37  
     0.00011850          -0.00004453          -0.00004436
    -0.00004453           0.00011820          -0.00004421
    -0.00004436          -0.00004421           0.00011850
