 #*EXTRAS*# Step:           0  Bead:     12  
{"friction": [[0.0001289917032280999, -3.670377679754094e-05, -3.638593541360157e-05], [-3.670377679754094e-05, 0.00012915277647290737, -3.674556669422962e-05], [-3.638593541360157e-05, -3.674556669422962e-05, 0.0001286455046890979]]}
 #*EXTRAS*# Step:           1  Bead:     12  
{"friction": [[0.00013232287205658676, -3.037809997386349e-05, -3.0334866679513425e-05], [-3.037809997386349e-05, 0.00013257064158619865, -3.0330758384483965e-05], [-3.0334866679513425e-05, -3.0330758384483965e-05, 0.000132148722318531]]}
 #*EXTRAS*# Step:           2  Bead:     12  
{"friction": [[0.00013436232726476543, -2.2884678208415067e-05, -2.2624310793560876e-05], [-2.2884678208415067e-05, 0.00013455656320890215, -2.2766097704799904e-05], [-2.2624310793560876e-05, -2.2766097704799904e-05, 0.000134543381338873]]}
 #*EXTRAS*# Step:           3  Bead:     12  
{"friction": [[0.00013588522181634324, -1.4421375973392095e-05, -1.3907367651037295e-05], [-1.4421375973392095e-05, 0.00013597330527119348, -1.4283751149908914e-05], [-1.3907367651037295e-05, -1.4283751149908914e-05, 0.0001364289022728591]]}
 #*EXTRAS*# Step:           4  Bead:     12  
{"friction": [[0.00013664341688134792, -1.0195891508497838e-05, -9.681145611900458e-06], [-1.0195891508497838e-05, 0.0001366903897908657, -1.0073814654490859e-05], [-9.681145611900458e-06, -1.0073814654490859e-05, 0.0001373148476090624]]}
 #*EXTRAS*# Step:           5  Bead:     12  
{"friction": [[0.00013679129061969057, -9.416489873956488e-06, -8.913898648827799e-06], [-9.416489873956488e-06, 0.00013683231458908, -9.299061754505972e-06], [-8.913898648827799e-06, -9.299061754505972e-06, 0.00013748152598926178]]}
 #*EXTRAS*# Step:           6  Bead:     12  
{"friction": [[0.00013700751226063422, -8.30663720035087e-06, -7.828428872261193e-06], [-8.30663720035087e-06, 0.00013704106511602883, -8.196770327607462e-06], [-7.828428872261193e-06, -8.196770327607462e-06, 0.0001377218413135304]]}
 #*EXTRAS*# Step:           7  Bead:     12  
{"friction": [[0.0001370933603432058, -7.875864667889367e-06, -7.409404682158363e-06], [-7.875864667889367e-06, 0.0001371243420577128, -7.769228540097764e-06], [-7.409404682158363e-06, -7.769228540097764e-06, 0.00013781617978741103]]}
 #*EXTRAS*# Step:           8  Bead:     12  
{"friction": [[0.00013716123164710838, -7.539257142755845e-06, -7.0828795508629226e-06], [-7.539257142755845e-06, 0.00013719033572540828, -7.4352600661193795e-06], [-7.0828795508629226e-06, -7.4352600661193795e-06, 0.00013789034697978512]]}
 #*EXTRAS*# Step:           9  Bead:     12  
{"friction": [[0.00013720109136185164, -7.34319468653344e-06, -6.893057034036405e-06], [-7.34319468653344e-06, 0.000137229155627522, -7.240780935884585e-06], [-6.893057034036405e-06, -7.240780935884585e-06, 0.00013793373632005226]]}
 #*EXTRAS*# Step:          10  Bead:     12  
{"friction": [[0.00013722754282013912, -7.21374433164884e-06, -6.767875468082854e-06], [-7.21374433164884e-06, 0.00013725494246135818, -7.112394561952773e-06], [-6.767875468082854e-06, -7.112394561952773e-06, 0.0001379624625616038]]}
 #*EXTRAS*# Step:          11  Bead:     12  
{"friction": [[0.00013724423869732126, -7.132306607236829e-06, -6.689184093436364e-06], [-7.132306607236829e-06, 0.00013727122919740797, -7.031633758745635e-06], [-6.689184093436364e-06, -7.031633758745635e-06, 0.00013798056678943055]]}
 #*EXTRAS*# Step:          12  Bead:     12  
{"friction": [[0.00013725500393368492, -7.0799073913194e-06, -6.6385768380008965e-06], [-7.0799073913194e-06, 0.0001372817348588873, -6.979673179262425e-06], [-6.6385768380008965e-06, -6.979673179262425e-06, 0.0001379922289063694]]}
 #*EXTRAS*# Step:          13  Bead:     12  
{"friction": [[0.00013726187819696902, -7.0464925520222154e-06, -6.606314913247175e-06], [-7.0464925520222154e-06, 0.00013728844509869548, -6.94653931885648e-06], [-6.606314913247175e-06, -6.94653931885648e-06, 0.00013799967130673983]]}
 #*EXTRAS*# Step:          14  Bead:     12  
{"friction": [[0.0001372662841061676, -7.02509457645824e-06, -6.585659402858268e-06], [-7.02509457645824e-06, 0.00013729274658871903, -6.925321790575215e-06], [-6.585659402858268e-06, -6.925321790575215e-06, 0.0001380044394802936]]}
 #*EXTRAS*# Step:          15  Bead:     12  
{"friction": [[0.0001372691022046474, -7.011415636302243e-06, -6.572456799803697e-06], [-7.011415636302243e-06, 0.00013729549818851318, -6.911758414730545e-06], [-6.572456799803697e-06, -6.911758414730545e-06, 0.00013800748852453142]]}
 #*EXTRAS*# Step:          16  Bead:     12  
{"friction": [[0.00013727090577938476, -7.002664260661745e-06, -6.564010868639748e-06], [-7.002664260661745e-06, 0.00013729725932280548, -6.903081059975305e-06], [-6.564010868639748e-06, -6.903081059975305e-06, 0.0001380094395909746]]}
