 #*EXTRAS*# Step:           0  Bead:     54  
     0.00010322          -0.00003464          -0.00003459
    -0.00003464           0.00010320          -0.00003483
    -0.00003459          -0.00003483           0.00010282
 #*EXTRAS*# Step:           1  Bead:     54  
     0.00010100          -0.00003069          -0.00003072
    -0.00003069           0.00010088          -0.00003076
    -0.00003072          -0.00003076           0.00010070
 #*EXTRAS*# Step:           2  Bead:     54  
     0.00009891          -0.00002656          -0.00002647
    -0.00002656           0.00009893          -0.00002636
    -0.00002647          -0.00002636           0.00009927
 #*EXTRAS*# Step:           3  Bead:     54  
     0.00009735          -0.00002226          -0.00002195
    -0.00002226           0.00009767          -0.00002191
    -0.00002195          -0.00002191           0.00009831
 #*EXTRAS*# Step:           4  Bead:     54  
     0.00009725          -0.00002160          -0.00002129
    -0.00002160           0.00009759          -0.00002126
    -0.00002129          -0.00002126           0.00009822
 #*EXTRAS*# Step:           5  Bead:     54  
     0.00009788          -0.00002420          -0.00002396
    -0.00002420           0.00009809          -0.00002388
    -0.00002396          -0.00002388           0.00009866
 #*EXTRAS*# Step:           6  Bead:     54  
     0.00009844          -0.00002559          -0.00002544
    -0.00002559           0.00009855          -0.00002533
    -0.00002544          -0.00002533           0.00009899
 #*EXTRAS*# Step:           7  Bead:     54  
     0.00009894          -0.00002663          -0.00002654
    -0.00002663           0.00009896          -0.00002644
    -0.00002654          -0.00002644           0.00009929
 #*EXTRAS*# Step:           8  Bead:     54  
     0.00009924          -0.00002723          -0.00002717
    -0.00002723           0.00009922          -0.00002707
    -0.00002717          -0.00002707           0.00009947
 #*EXTRAS*# Step:           9  Bead:     54  
     0.00009944          -0.00002761          -0.00002758
    -0.00002761           0.00009939          -0.00002748
    -0.00002758          -0.00002748           0.00009959
 #*EXTRAS*# Step:          10  Bead:     54  
     0.00009957          -0.00002786          -0.00002784
    -0.00002786           0.00009951          -0.00002774
    -0.00002784          -0.00002774           0.00009967
 #*EXTRAS*# Step:          11  Bead:     54  
     0.00009965          -0.00002802          -0.00002800
    -0.00002802           0.00009958          -0.00002791
    -0.00002800          -0.00002791           0.00009972
 #*EXTRAS*# Step:          12  Bead:     54  
     0.00009970          -0.00002812          -0.00002811
    -0.00002812           0.00009963          -0.00002802
    -0.00002811          -0.00002802           0.00009976
 #*EXTRAS*# Step:          13  Bead:     54  
     0.00009974          -0.00002818          -0.00002818
    -0.00002818           0.00009966          -0.00002809
    -0.00002818          -0.00002809           0.00009978
 #*EXTRAS*# Step:          14  Bead:     54  
     0.00009976          -0.00002822          -0.00002822
    -0.00002822           0.00009967          -0.00002813
    -0.00002822          -0.00002813           0.00009979
 #*EXTRAS*# Step:          15  Bead:     54  
     0.00009977          -0.00002825          -0.00002825
    -0.00002825           0.00009969          -0.00002816
    -0.00002825          -0.00002816           0.00009980
 #*EXTRAS*# Step:          16  Bead:     54  
     0.00009978          -0.00002827          -0.00002826
    -0.00002827           0.00009970          -0.00002818
    -0.00002826          -0.00002818           0.00009981
