 #*EXTRAS*# Step:           0  Bead:      1  
     0.00013190          -0.00003145          -0.00003140
    -0.00003145           0.00013214          -0.00003142
    -0.00003140          -0.00003142           0.00013168
 #*EXTRAS*# Step:           1  Bead:      1  
     0.00013421          -0.00002361          -0.00002337
    -0.00002361           0.00013442          -0.00002349
    -0.00002337          -0.00002349           0.00013436
 #*EXTRAS*# Step:           2  Bead:      1  
     0.00013573          -0.00001531          -0.00001481
    -0.00001531           0.00013583          -0.00001517
    -0.00001481          -0.00001517           0.00013624
 #*EXTRAS*# Step:           3  Bead:      1  
     0.00013713          -0.00000770          -0.00000724
    -0.00000770           0.00013716          -0.00000760
    -0.00000724          -0.00000760           0.00013785
 #*EXTRAS*# Step:           4  Bead:      1  
     0.00013768          -0.00000509          -0.00000473
    -0.00000509           0.00013770          -0.00000500
    -0.00000473          -0.00000500           0.00013844
 #*EXTRAS*# Step:           5  Bead:      1  
     0.00013770          -0.00000501          -0.00000466
    -0.00000501           0.00013771          -0.00000493
    -0.00000466          -0.00000493           0.00013846
 #*EXTRAS*# Step:           6  Bead:      1  
     0.00013783          -0.00000441          -0.00000409
    -0.00000441           0.00013785          -0.00000433
    -0.00000409          -0.00000433           0.00013860
 #*EXTRAS*# Step:           7  Bead:      1  
     0.00013787          -0.00000422          -0.00000391
    -0.00000422           0.00013789          -0.00000415
    -0.00000391          -0.00000415           0.00013865
 #*EXTRAS*# Step:           8  Bead:      1  
     0.00013791          -0.00000406          -0.00000375
    -0.00000406           0.00013793          -0.00000398
    -0.00000375          -0.00000398           0.00013868
 #*EXTRAS*# Step:           9  Bead:      1  
     0.00013793          -0.00000396          -0.00000366
    -0.00000396           0.00013795          -0.00000389
    -0.00000366          -0.00000389           0.00013871
 #*EXTRAS*# Step:          10  Bead:      1  
     0.00013794          -0.00000390          -0.00000361
    -0.00000390           0.00013796          -0.00000383
    -0.00000361          -0.00000383           0.00013872
 #*EXTRAS*# Step:          11  Bead:      1  
     0.00013795          -0.00000386          -0.00000357
    -0.00000386           0.00013797          -0.00000379
    -0.00000357          -0.00000379           0.00013873
 #*EXTRAS*# Step:          12  Bead:      1  
     0.00013796          -0.00000384          -0.00000355
    -0.00000384           0.00013797          -0.00000377
    -0.00000355          -0.00000377           0.00013874
 #*EXTRAS*# Step:          13  Bead:      1  
     0.00013796          -0.00000382          -0.00000353
    -0.00000382           0.00013798          -0.00000375
    -0.00000353          -0.00000375           0.00013874
 #*EXTRAS*# Step:          14  Bead:      1  
     0.00013796          -0.00000381          -0.00000352
    -0.00000381           0.00013798          -0.00000374
    -0.00000352          -0.00000374           0.00013874
 #*EXTRAS*# Step:          15  Bead:      1  
     0.00013797          -0.00000380          -0.00000351
    -0.00000380           0.00013798          -0.00000374
    -0.00000351          -0.00000374           0.00013874
 #*EXTRAS*# Step:          16  Bead:      1  
     0.00013797          -0.00000380          -0.00000351
    -0.00000380           0.00013798          -0.00000373
    -0.00000351          -0.00000373           0.00013875
