 #*EXTRAS*# Step:           0  Bead:     53  
{"friction": [[0.00010342777205096691, -3.4948757364551355e-05, -3.48915119324289e-05], [-3.4948757364551355e-05, 0.00010341266127600232, -3.513667008856002e-05], [-3.48915119324289e-05, -3.513667008856002e-05, 0.0001030382318154365]]}
 #*EXTRAS*# Step:           1  Bead:     53  
{"friction": [[0.0001011813874026259, -3.103987758716177e-05, -3.106851460775509e-05], [-3.103987758716177e-05, 0.0001010625402063414, -3.1130214238216904e-05], [-3.106851460775509e-05, -3.1130214238216904e-05, 0.00010085265267792885]]}
 #*EXTRAS*# Step:           2  Bead:     53  
{"friction": [[9.91077096966672e-05, -2.6966143797481686e-05, -2.6897158817365743e-05], [-2.6966143797481686e-05, 9.910332108243037e-05, -2.6789887068105478e-05], [-2.6897158817365743e-05, -2.6789887068105478e-05, 9.938696841104092e-05]]}
 #*EXTRAS*# Step:           3  Bead:     53  
{"friction": [[9.746244084800881e-05, -2.280172363673665e-05, -2.250428829831513e-05], [-2.280172363673665e-05, 9.776109648330735e-05, -2.2452781647492403e-05], [-2.250428829831513e-05, -2.2452781647492403e-05, 9.839552195165435e-05]]}
 #*EXTRAS*# Step:           4  Bead:     53  
{"friction": [[9.735351943597568e-05, -2.2277895572195278e-05, -2.196870413396373e-05], [-2.2277895572195278e-05, 9.767466362736363e-05, -2.19276699660718e-05], [-2.196870413396373e-05, -2.19276699660718e-05, 9.831403133197474e-05]]}
 #*EXTRAS*# Step:           5  Bead:     53  
{"friction": [[9.81347367182115e-05, -2.4877699996399277e-05, -2.467582229520593e-05], [-2.4877699996399277e-05, 9.829679905251022e-05, -2.4583465319669316e-05], [-2.467582229520593e-05, -2.4583465319669316e-05, 9.881512723082247e-05]]}
 #*EXTRAS*# Step:           6  Bead:     53  
{"friction": [[9.878242950944426e-05, -2.6314777341568135e-05, -2.620466166171737e-05], [-2.6314777341568135e-05, 9.88283177016945e-05, -2.6096867910619694e-05], [-2.620466166171737e-05, -2.6096867910619694e-05, 9.919369149345864e-05]]}
 #*EXTRAS*# Step:           7  Bead:     53  
{"friction": [[9.93204540590546e-05, -2.7380414417328086e-05, -2.7335708757746688e-05], [-2.7380414417328086e-05, 9.928677098115145e-05, -2.723208918345071e-05], [-2.7335708757746688e-05, -2.723208918345071e-05, 9.951622931633544e-05]]}
 #*EXTRAS*# Step:           8  Bead:     53  
{"friction": [[9.96383248324306e-05, -2.7992437136421535e-05, -2.7979145739026198e-05], [-2.7992437136421535e-05, 9.956713088189292e-05, -2.788650235556343e-05], [-2.7979145739026198e-05, -2.788650235556343e-05, 9.971533899833806e-05]]}
 #*EXTRAS*# Step:           9  Bead:     53  
{"friction": [[9.984632909987637e-05, -2.8393817432207427e-05, -2.8397238634744963e-05], [-2.8393817432207427e-05, 9.975536638045886e-05, -2.831587279434574e-05], [-2.8397238634744963e-05, -2.831587279434574e-05, 9.985064940508807e-05]]}
 #*EXTRAS*# Step:          10  Bead:     53  
{"friction": [[9.997606095476824e-05, -2.8646426581457288e-05, -2.8658437869997936e-05], [-2.8646426581457288e-05, 9.98749973670603e-05, -2.858597696217655e-05], [-2.8658437869997936e-05, -2.858597696217655e-05, 9.993753005572131e-05]]}
 #*EXTRAS*# Step:          11  Bead:     53  
{"friction": [[0.00010005918563976601, -2.88093721761132e-05, -2.8826110918522215e-05], [-2.88093721761132e-05, 9.995258800364756e-05, -2.8760119317182374e-05], [-2.8826110918522215e-05, -2.8760119317182374e-05, 9.999429663397172e-05]]}
 #*EXTRAS*# Step:          12  Bead:     53  
{"friction": [[0.00010011205539527252, -2.8913405253643664e-05, -2.8932839887582476e-05], [-2.8913405253643664e-05, 0.00010000231321127458, -2.887125808931785e-05], [-2.8932839887582476e-05, -2.887125808931785e-05, 0.00010003085992437336]]}
 #*EXTRAS*# Step:          13  Bead:     53  
{"friction": [[0.00010014587144142404, -2.898009355403116e-05, -2.9001127242790966e-05], [-2.898009355403116e-05, 0.00010003426910031352, -2.8942482011824316e-05], [-2.9001127242790966e-05, -2.8942482011824316e-05, 0.00010005443576820379]]}
 #*EXTRAS*# Step:          14  Bead:     53  
{"friction": [[0.00010016747216024213, -2.9022748847299035e-05, -2.9044753240503206e-05], [-2.9022748847299035e-05, 0.00010005474278479738, -2.8988030003948203e-05], [-2.9044753240503206e-05, -2.8988030003948203e-05, 0.00010006957346143275]]}
 #*EXTRAS*# Step:          15  Bead:     53  
{"friction": [[0.00010018128561645675, -2.905004873529288e-05, -2.9072653272828257e-05], [-2.905004873529288e-05, 0.00010006786036849015, -2.901717769874478e-05], [-2.9072653272828257e-05, -2.901717769874478e-05, 0.00010007928597779758]]}
 #*EXTRAS*# Step:          16  Bead:     53  
{"friction": [[0.0001001901174952087, -2.9067512241049058e-05, -2.9090492096433183e-05], [-2.9067512241049058e-05, 0.00010007625745083602, -2.9035821743975355e-05], [-2.9090492096433183e-05, -2.9035821743975355e-05, 0.00010008550901884418]]}
