 #*EXTRAS*# Step:           0  Bead:     61  
{"friction": [[0.00010237295826707656, -3.326562672264948e-05, -3.3246327268270765e-05], [-3.326562672264948e-05, 0.00010231289990664679, -3.3445442976744176e-05], [-3.3246327268270765e-05, -3.3445442976744176e-05, 0.0001019498435873969]]}
 #*EXTRAS*# Step:           1  Bead:     61  
{"friction": [[0.0001002483250804849, -2.9182770965635303e-05, -2.9208061790821546e-05], [-2.9182770965635303e-05, 0.00010013179546908187, -2.915884176089963e-05], [-2.9208061790821546e-05, -2.915884176089963e-05, 0.00010012678129875834]]}
 #*EXTRAS*# Step:           2  Bead:     61  
{"friction": [[9.813047548664374e-05, -2.4867211927167853e-05, -2.4664705023587918e-05], [-2.4867211927167853e-05, 9.829336160387571e-05, -2.45725203331877e-05], [-2.4664705023587918e-05, -2.45725203331877e-05, 9.881262177279298e-05]]}
 #*EXTRAS*# Step:           3  Bead:     61  
{"friction": [[9.718427109561252e-05, -1.9928097196371617e-05, -1.9641553139821118e-05], [-1.9928097196371617e-05, 9.752846776829738e-05, -1.9635558226475252e-05], [-1.9641553139821118e-05, -1.9635558226475252e-05, 9.806445038796342e-05]]}
 #*EXTRAS*# Step:           4  Bead:     61  
{"friction": [[9.726237259838942e-05, -1.870940538330825e-05, -1.847000303882603e-05], [-1.870940538330825e-05, 9.7576251869166e-05, -1.8474241856364478e-05], [-1.847000303882603e-05, -1.8474241856364478e-05, 9.800425251668492e-05]]}
 #*EXTRAS*# Step:           5  Bead:     61  
{"friction": [[9.721898759670856e-05, -2.1267624347541838e-05, -2.0953536692540057e-05], [-2.1267624347541838e-05, 9.756559521814638e-05, -2.093031631413689e-05], [-2.0953536692540057e-05, -2.093031631413689e-05, 9.818409262140034e-05]]}
 #*EXTRAS*# Step:           6  Bead:     61  
{"friction": [[9.739665128349606e-05, -2.2500749633865177e-05, -2.219583321778112e-05], [-2.2500749633865177e-05, 9.770895291997266e-05, -2.215041435568899e-05], [-2.219583321778112e-05, -2.215041435568899e-05, 9.834750767104676e-05]]}
 #*EXTRAS*# Step:           7  Bead:     61  
{"friction": [[9.763469532250692e-05, -2.34565664201695e-05, -2.3181707735824556e-05], [-2.34565664201695e-05, 9.789744877579584e-05, -2.3116631077548038e-05], [-2.3181707735824556e-05, -2.3116631077548038e-05, 9.851119614864806e-05]]}
 #*EXTRAS*# Step:           8  Bead:     61  
{"friction": [[9.780011539977943e-05, -2.398095306160085e-05, -2.3729706047420906e-05], [-2.398095306160085e-05, 9.802877228321592e-05, -2.365390154207851e-05], [-2.3729706047420906e-05, -2.365390154207851e-05, 9.861494155104444e-05]]}
 #*EXTRAS*# Step:           9  Bead:     61  
{"friction": [[9.792317089661862e-05, -2.4330572893376855e-05, -2.409739380650449e-05], [-2.4330572893376855e-05, 9.812691664037869e-05, -2.401476428944014e-05], [-2.409739380650449e-05, -2.401476428944014e-05, 9.868959128600054e-05]]}
 #*EXTRAS*# Step:          10  Bead:     61  
{"friction": [[9.800442280271126e-05, -2.454761930999833e-05, -2.4326459836574892e-05], [-2.454761930999833e-05, 9.819197710212993e-05, -2.4239806134395202e-05], [-2.4326459836574892e-05, -2.4239806134395202e-05, 9.873812618600461e-05]]}
 #*EXTRAS*# Step:          11  Bead:     61  
{"friction": [[9.80587867600228e-05, -2.4687779425829518e-05, -2.4474670501189994e-05], [-2.4687779425829518e-05, 9.823563240247355e-05, -2.4385527347163866e-05], [-2.4474670501189994e-05, -2.4385527347163866e-05, 9.877035449281477e-05]]}
 #*EXTRAS*# Step:          12  Bead:     61  
{"friction": [[9.809409984218466e-05, -2.477688874855366e-05, -2.4569005620520547e-05], [-2.477688874855366e-05, 9.826404566038217e-05, -2.4478330328987564e-05], [-2.4569005620520547e-05, -2.4478330328987564e-05, 9.879120402288565e-05]]}
 #*EXTRAS*# Step:          13  Bead:     61  
{"friction": [[9.811702441204518e-05, -2.4833979187469834e-05, -2.462948525462925e-05], [-2.4833979187469834e-05, 9.828251535956562e-05, -2.453785062556591e-05], [-2.462948525462925e-05, -2.453785062556591e-05, 9.880470830772303e-05]]}
 #*EXTRAS*# Step:          14  Bead:     61  
{"friction": [[9.813178928598965e-05, -2.4870447578644046e-05, -2.4668134682137145e-05], [-2.4870447578644046e-05, 9.829442134623774e-05, -2.4575896772734333e-05], [-2.4668134682137145e-05, -2.4575896772734333e-05, 9.881339431641726e-05]]}
 #*EXTRAS*# Step:          15  Bead:     61  
{"friction": [[9.814128401020497e-05, -2.48937778478064e-05, -2.4692866624024347e-05], [-2.48937778478064e-05, 9.830208195249244e-05, -2.4600246780182208e-05], [-2.4692866624024347e-05, -2.4600246780182208e-05, 9.881897546848938e-05]]}
 #*EXTRAS*# Step:          16  Bead:     61  
{"friction": [[9.814737487556166e-05, -2.4908695212416572e-05, -2.47086827742527e-05], [-2.4908695212416572e-05, 9.830699802495711e-05, -2.461582039012096e-05], [-2.47086827742527e-05, -2.461582039012096e-05, 9.882255400957526e-05]]}
