 #*EXTRAS*# Step:           0  Bead:     13  
     0.00012846          -0.00003745          -0.00003707
    -0.00003745           0.00012860          -0.00003750
    -0.00003707          -0.00003750           0.00012811
 #*EXTRAS*# Step:           1  Bead:     13  
     0.00013189          -0.00003147          -0.00003142
    -0.00003147           0.00013213          -0.00003144
    -0.00003142          -0.00003144           0.00013167
 #*EXTRAS*# Step:           2  Bead:     13  
     0.00013408          -0.00002422          -0.00002401
    -0.00002422           0.00013429          -0.00002411
    -0.00002401          -0.00002411           0.00013420
 #*EXTRAS*# Step:           3  Bead:     13  
     0.00013566          -0.00001573          -0.00001524
    -0.00001573           0.00013576          -0.00001559
    -0.00001524          -0.00001559           0.00013616
 #*EXTRAS*# Step:           4  Bead:     13  
     0.00013645          -0.00001122          -0.00001070
    -0.00001122           0.00013651          -0.00001110
    -0.00001070          -0.00001110           0.00013710
 #*EXTRAS*# Step:           5  Bead:     13  
     0.00013663          -0.00001028          -0.00000977
    -0.00001028           0.00013667          -0.00001016
    -0.00000977          -0.00001016           0.00013730
 #*EXTRAS*# Step:           6  Bead:     13  
     0.00013686          -0.00000908          -0.00000858
    -0.00000908           0.00013690          -0.00000896
    -0.00000858          -0.00000896           0.00013755
 #*EXTRAS*# Step:           7  Bead:     13  
     0.00013695          -0.00000860          -0.00000811
    -0.00000860           0.00013699          -0.00000849
    -0.00000811          -0.00000849           0.00013766
 #*EXTRAS*# Step:           8  Bead:     13  
     0.00013702          -0.00000823          -0.00000775
    -0.00000823           0.00013706          -0.00000812
    -0.00000775          -0.00000812           0.00013774
 #*EXTRAS*# Step:           9  Bead:     13  
     0.00013707          -0.00000801          -0.00000754
    -0.00000801           0.00013710          -0.00000790
    -0.00000754          -0.00000790           0.00013779
 #*EXTRAS*# Step:          10  Bead:     13  
     0.00013709          -0.00000787          -0.00000740
    -0.00000787           0.00013713          -0.00000776
    -0.00000740          -0.00000776           0.00013782
 #*EXTRAS*# Step:          11  Bead:     13  
     0.00013711          -0.00000778          -0.00000732
    -0.00000778           0.00013714          -0.00000767
    -0.00000732          -0.00000767           0.00013784
 #*EXTRAS*# Step:          12  Bead:     13  
     0.00013712          -0.00000772          -0.00000726
    -0.00000772           0.00013715          -0.00000762
    -0.00000726          -0.00000762           0.00013785
 #*EXTRAS*# Step:          13  Bead:     13  
     0.00013713          -0.00000769          -0.00000722
    -0.00000769           0.00013716          -0.00000758
    -0.00000722          -0.00000758           0.00013786
 #*EXTRAS*# Step:          14  Bead:     13  
     0.00013714          -0.00000766          -0.00000720
    -0.00000766           0.00013717          -0.00000756
    -0.00000720          -0.00000756           0.00013786
 #*EXTRAS*# Step:          15  Bead:     13  
     0.00013714          -0.00000765          -0.00000719
    -0.00000765           0.00013717          -0.00000754
    -0.00000719          -0.00000754           0.00013787
 #*EXTRAS*# Step:          16  Bead:     13  
     0.00013714          -0.00000764          -0.00000718
    -0.00000764           0.00013717          -0.00000753
    -0.00000718          -0.00000753           0.00013787
