 #*EXTRAS*# Step:           0  Bead:     41  
{"friction": [[0.00010825727003808276, -4.0213019041528475e-05, -4.022875126678125e-05], [-4.0213019041528475e-05, 0.00010826184840136975, -4.021709341324004e-05], [-4.022875126678125e-05, -4.021709341324004e-05, 0.00010829577020577766]]}
 #*EXTRAS*# Step:           1  Bead:     41  
{"friction": [[0.00010576244829180019, -3.784415088796962e-05, -3.778643010616481e-05], [-3.784415088796962e-05, 0.00010576025688793631, -3.791630905540916e-05], [-3.778643010616481e-05, -3.791630905540916e-05, 0.00010559810766842389]]}
 #*EXTRAS*# Step:           2  Bead:     41  
{"friction": [[0.00010373690972140701, -3.53874920437074e-05, -3.532433155323708e-05], [-3.53874920437074e-05, 0.00010372855849355927, -3.556627464511633e-05], [-3.532433155323708e-05, -3.556627464511633e-05, 0.0001033702398576833]]}
 #*EXTRAS*# Step:           3  Bead:     41  
{"friction": [[0.00010260692703305216, -3.366471893474104e-05, -3.363511965732257e-05], [-3.366471893474104e-05, 0.00010255924938797093, -3.385215496716889e-05], [-3.363511965732257e-05, -3.385215496716889e-05, 0.00010218376499650189]]}
 #*EXTRAS*# Step:           4  Bead:     41  
{"friction": [[0.00010357177601257707, -3.5155860672921846e-05, -3.50955675807967e-05], [-3.5155860672921846e-05, 0.00010356014705772904, -3.534002037040894e-05], [-3.50955675807967e-05, -3.534002037040894e-05, 0.00010319236378584369]]}
 #*EXTRAS*# Step:           5  Bead:     41  
{"friction": [[0.00010604060845050878, -3.81383958599492e-05, -3.808589143124808e-05], [-3.81383958599492e-05, 0.00010603738424364503, -3.819583502497252e-05], [-3.808589143124808e-05, -3.819583502497252e-05, 0.00010590499612553794]]}
 #*EXTRAS*# Step:           6  Bead:     41  
{"friction": [[0.00010799314680998776, -3.998853798979155e-05, -3.9994052291265675e-05], [-3.998853798979155e-05, 0.00010799420609947005, -3.999064163362388e-05], [-3.9994052291265675e-05, -3.999064163362388e-05, 0.00010801839327319492]]}
 #*EXTRAS*# Step:           7  Bead:     41  
{"friction": [[0.00010930064846867448, -4.104558191043698e-05, -4.110008399710328e-05], [-4.104558191043698e-05, 0.00010932088410464479, -4.107271281574979e-05], [-4.110008399710328e-05, -4.107271281574979e-05, 0.00010937099266932653]]}
 #*EXTRAS*# Step:           8  Bead:     41  
{"friction": [[0.00011009756399414933, -4.162679320162019e-05, -4.1701040713433146e-05], [-4.162679320162019e-05, 0.00011012277327551824, -4.1673868208897034e-05], [-4.1701040713433146e-05, -4.1673868208897034e-05, 0.00011017494457401959]]}
 #*EXTRAS*# Step:           9  Bead:     41  
{"friction": [[0.00011060166944230142, -4.197194926907198e-05, -4.205046978525749e-05], [-4.197194926907198e-05, 0.00011062274225490577, -4.2026019862116116e-05], [-4.205046978525749e-05, -4.2026019862116116e-05, 0.00011067810340821175]]}
 #*EXTRAS*# Step:          10  Bead:     41  
{"friction": [[0.00011092460484360461, -4.218448195682597e-05, -4.2261410136464234e-05], [-4.218448195682597e-05, 0.00011093898226179493, -4.223899677857198e-05], [-4.2261410136464234e-05, -4.223899677857198e-05, 0.00011099886832025922]]}
 #*EXTRAS*# Step:          11  Bead:     41  
{"friction": [[0.00011113197331631678, -4.2317582064888355e-05, -4.239146554543009e-05], [-4.2317582064888355e-05, 0.00011114012173676864, -4.237028921079027e-05], [-4.239146554543009e-05, -4.237028921079027e-05, 0.00011120435917065584]]}
 #*EXTRAS*# Step:          12  Bead:     41  
{"friction": [[0.00011126516936910068, -4.2401724204231824e-05, -4.24727577830298e-05], [-4.2401724204231824e-05, 0.00011126845445297173, -4.245229805255483e-05], [-4.24727577830298e-05, -4.245229805255483e-05, 0.00011133619075373824]]}
 #*EXTRAS*# Step:          13  Bead:     41  
{"friction": [[0.00011135060351966278, -4.2455149530904036e-05, -4.252397160150355e-05], [-4.2455149530904036e-05, 0.00011135039714576412, -4.25039268384625e-05], [-4.252397160150355e-05, -4.25039268384625e-05, 0.00011142069512743773]]}
 #*EXTRAS*# Step:          14  Bead:     41  
{"friction": [[0.00011140536388070902, -4.2489172336330806e-05, -4.255641532659432e-05], [-4.2489172336330806e-05, 0.00011140276232526135, -4.253661492078083e-05], [-4.255641532659432e-05, -4.253661492078083e-05, 0.00011147483987107472]]}
 #*EXTRAS*# Step:          15  Bead:     41  
{"friction": [[0.00011144043602766423, -4.251087286229722e-05, -4.257703717402473e-05], [-4.251087286229722e-05, 0.00011143623476370413, -4.255738354859973e-05], [-4.257703717402473e-05, -4.255738354859973e-05, 0.00011150951038936989]]}
 #*EXTRAS*# Step:          16  Bead:     41  
{"friction": [[0.00011146288890995997, -4.252472868856512e-05, -4.259017457187387e-05], [-4.252472868856512e-05, 0.00011145763630833868, -4.257061070720722e-05], [-4.259017457187387e-05, -4.257061070720722e-05, 0.00011153170332934535]]}
