 #*EXTRAS*# Step:           0  Bead:     20  
     0.00012394          -0.00004224          -0.00004182
    -0.00004224           0.00012400          -0.00004234
    -0.00004182          -0.00004234           0.00012371
 #*EXTRAS*# Step:           1  Bead:     20  
     0.00012637          -0.00003998          -0.00003944
    -0.00003998           0.00012645          -0.00004007
    -0.00003944          -0.00004007           0.00012604
 #*EXTRAS*# Step:           2  Bead:     20  
     0.00012946          -0.00003601          -0.00003575
    -0.00003601           0.00012964          -0.00003604
    -0.00003575          -0.00003604           0.00012912
 #*EXTRAS*# Step:           3  Bead:     20  
     0.00013280          -0.00002902          -0.00002896
    -0.00002902           0.00013304          -0.00002896
    -0.00002896          -0.00002896           0.00013268
 #*EXTRAS*# Step:           4  Bead:     20  
     0.00013443          -0.00002254          -0.00002226
    -0.00002254           0.00013462          -0.00002242
    -0.00002226          -0.00002242           0.00013463
 #*EXTRAS*# Step:           5  Bead:     20  
     0.00013496          -0.00001974          -0.00001936
    -0.00001974           0.00013511          -0.00001961
    -0.00001936          -0.00001961           0.00013529
 #*EXTRAS*# Step:           6  Bead:     20  
     0.00013534          -0.00001759          -0.00001714
    -0.00001759           0.00013547          -0.00001745
    -0.00001714          -0.00001745           0.00013576
 #*EXTRAS*# Step:           7  Bead:     20  
     0.00013551          -0.00001661          -0.00001613
    -0.00001661           0.00013562          -0.00001647
    -0.00001613          -0.00001647           0.00013597
 #*EXTRAS*# Step:           8  Bead:     20  
     0.00013563          -0.00001590          -0.00001541
    -0.00001590           0.00013574          -0.00001576
    -0.00001541          -0.00001576           0.00013612
 #*EXTRAS*# Step:           9  Bead:     20  
     0.00013570          -0.00001548          -0.00001498
    -0.00001548           0.00013580          -0.00001534
    -0.00001498          -0.00001534           0.00013621
 #*EXTRAS*# Step:          10  Bead:     20  
     0.00013575          -0.00001520          -0.00001470
    -0.00001520           0.00013585          -0.00001506
    -0.00001470          -0.00001506           0.00013627
 #*EXTRAS*# Step:          11  Bead:     20  
     0.00013578          -0.00001502          -0.00001452
    -0.00001502           0.00013588          -0.00001489
    -0.00001452          -0.00001489           0.00013630
 #*EXTRAS*# Step:          12  Bead:     20  
     0.00013580          -0.00001491          -0.00001440
    -0.00001491           0.00013589          -0.00001477
    -0.00001440          -0.00001477           0.00013633
 #*EXTRAS*# Step:          13  Bead:     20  
     0.00013581          -0.00001484          -0.00001433
    -0.00001484           0.00013591          -0.00001470
    -0.00001433          -0.00001470           0.00013634
 #*EXTRAS*# Step:          14  Bead:     20  
     0.00013582          -0.00001479          -0.00001428
    -0.00001479           0.00013591          -0.00001466
    -0.00001428          -0.00001466           0.00013635
 #*EXTRAS*# Step:          15  Bead:     20  
     0.00013583          -0.00001476          -0.00001425
    -0.00001476           0.00013592          -0.00001463
    -0.00001425          -0.00001463           0.00013636
 #*EXTRAS*# Step:          16  Bead:     20  
     0.00013583          -0.00001474          -0.00001424
    -0.00001474           0.00013592          -0.00001461
    -0.00001424          -0.00001461           0.00013636
