 #*EXTRAS*# Step:           0  Bead:     15  
     0.00012726          -0.00003897          -0.00003848
    -0.00003897           0.00012736          -0.00003904
    -0.00003848          -0.00003904           0.00012691
 #*EXTRAS*# Step:           1  Bead:     15  
     0.00013076          -0.00003384          -0.00003371
    -0.00003384           0.00013097          -0.00003383
    -0.00003371          -0.00003383           0.00013046
 #*EXTRAS*# Step:           2  Bead:     15  
     0.00013334          -0.00002721          -0.00002711
    -0.00002721           0.00013358          -0.00002712
    -0.00002711          -0.00002712           0.00013331
 #*EXTRAS*# Step:           3  Bead:     15  
     0.00013513          -0.00001880          -0.00001839
    -0.00001880           0.00013527          -0.00001867
    -0.00001839          -0.00001867           0.00013550
 #*EXTRAS*# Step:           4  Bead:     15  
     0.00013601          -0.00001368          -0.00001316
    -0.00001368           0.00013609          -0.00001354
    -0.00001316          -0.00001354           0.00013658
 #*EXTRAS*# Step:           5  Bead:     15  
     0.00013625          -0.00001234          -0.00001181
    -0.00001234           0.00013632          -0.00001221
    -0.00001181          -0.00001221           0.00013686
 #*EXTRAS*# Step:           6  Bead:     15  
     0.00013651          -0.00001091          -0.00001039
    -0.00001091           0.00013656          -0.00001079
    -0.00001039          -0.00001079           0.00013716
 #*EXTRAS*# Step:           7  Bead:     15  
     0.00013662          -0.00001032          -0.00000980
    -0.00001032           0.00013667          -0.00001020
    -0.00000980          -0.00001020           0.00013729
 #*EXTRAS*# Step:           8  Bead:     15  
     0.00013670          -0.00000987          -0.00000936
    -0.00000987           0.00013675          -0.00000975
    -0.00000936          -0.00000975           0.00013738
 #*EXTRAS*# Step:           9  Bead:     15  
     0.00013675          -0.00000961          -0.00000911
    -0.00000961           0.00013680          -0.00000949
    -0.00000911          -0.00000949           0.00013744
 #*EXTRAS*# Step:          10  Bead:     15  
     0.00013679          -0.00000944          -0.00000893
    -0.00000944           0.00013683          -0.00000932
    -0.00000893          -0.00000932           0.00013748
 #*EXTRAS*# Step:          11  Bead:     15  
     0.00013681          -0.00000933          -0.00000883
    -0.00000933           0.00013685          -0.00000921
    -0.00000883          -0.00000921           0.00013750
 #*EXTRAS*# Step:          12  Bead:     15  
     0.00013682          -0.00000926          -0.00000876
    -0.00000926           0.00013686          -0.00000914
    -0.00000876          -0.00000914           0.00013752
 #*EXTRAS*# Step:          13  Bead:     15  
     0.00013683          -0.00000921          -0.00000871
    -0.00000921           0.00013687          -0.00000910
    -0.00000871          -0.00000910           0.00013753
 #*EXTRAS*# Step:          14  Bead:     15  
     0.00013684          -0.00000918          -0.00000869
    -0.00000918           0.00013688          -0.00000907
    -0.00000869          -0.00000907           0.00013753
 #*EXTRAS*# Step:          15  Bead:     15  
     0.00013684          -0.00000917          -0.00000867
    -0.00000917           0.00013688          -0.00000905
    -0.00000867          -0.00000905           0.00013754
 #*EXTRAS*# Step:          16  Bead:     15  
     0.00013684          -0.00000915          -0.00000866
    -0.00000915           0.00013688          -0.00000904
    -0.00000866          -0.00000904           0.00013754
