 #*EXTRAS*# Step:           0  Bead:     28  
{"friction": [[0.00011787887860218989, -4.4603875439562205e-05, -4.437898686966099e-05], [-4.4603875439562205e-05, 0.00011751277754076018, -4.4235677964967273e-05], [-4.437898686966099e-05, -4.4235677964967273e-05, 0.00011788043866959533]]}
 #*EXTRAS*# Step:           1  Bead:     28  
{"friction": [[0.00011813070470070375, -4.457834475821074e-05, -4.437540230734559e-05], [-4.457834475821074e-05, 0.00011778703080460533, -4.422741364903215e-05], [-4.437540230734559e-05, -4.422741364903215e-05, 0.00011812972976088878]]}
 #*EXTRAS*# Step:           2  Bead:     28  
{"friction": [[0.00011894300132092769, -4.444749524652311e-05, -4.4322467903880206e-05], [-4.444749524652311e-05, 0.00011868668278726409, -4.416891074916062e-05], [-4.4322467903880206e-05, -4.416891074916062e-05, 0.00011893196649687474]]}
 #*EXTRAS*# Step:           3  Bead:     28  
{"friction": [[0.00012132841601883246, -4.371089877270033e-05, -4.369251332339663e-05], [-4.371089877270033e-05, 0.00012134024783078066, -4.369179408863733e-05], [-4.369251332339663e-05, -4.369179408863733e-05, 0.00012125176394766864]]}
 #*EXTRAS*# Step:           4  Bead:     28  
{"friction": [[0.0001248455065352969, -4.148650901814821e-05, -4.096076150309929e-05], [-4.148650901814821e-05, 0.00012490517198860806, -4.1587203346948567e-05], [-4.096076150309929e-05, -4.1587203346948567e-05, 0.00012456200080670756]]}
 #*EXTRAS*# Step:           5  Bead:     28  
{"friction": [[0.00012810090271783315, -3.7923498463932324e-05, -3.751016979993151e-05], [-3.7923498463932324e-05, 0.0001282314412316355, -3.798317253830447e-05], [-3.751016979993151e-05, -3.798317253830447e-05, 0.0001277480888809426]]}
 #*EXTRAS*# Step:           6  Bead:     28  
{"friction": [[0.00013014470900049582, -3.49126028318509e-05, -3.472406041183395e-05], [-3.49126028318509e-05, 0.00013034507140026593, -3.492781699614722e-05], [-3.472406041183395e-05, -3.492781699614722e-05, 0.0001298258951253752]]}
 #*EXTRAS*# Step:           7  Bead:     28  
{"friction": [[0.00013106318014226658, -3.3248385372432774e-05, -3.314988027217958e-05], [-3.3248385372432774e-05, 0.000131290784649917, -3.323950040320252e-05], [-3.314988027217958e-05, -3.323950040320252e-05, 0.00013078591883416637]]}
 #*EXTRAS*# Step:           8  Bead:     28  
{"friction": [[0.00013159884634417025, -3.213482090093772e-05, -3.2073707899698295e-05], [-3.213482090093772e-05, 0.00013183846151753234, -3.2110457560645584e-05], [-3.2073707899698295e-05, -3.2110457560645584e-05, 0.00013135721656993302]]}
 #*EXTRAS*# Step:           9  Bead:     28  
{"friction": [[0.00013190196322288911, -3.143956191017395e-05, -3.139113694134558e-05], [-3.143956191017395e-05, 0.0001321462939139898, -3.1405874653996936e-05], [-3.139113694134558e-05, -3.1405874653996936e-05, 0.00013168556319627554]]}
 #*EXTRAS*# Step:          10  Bead:     28  
{"friction": [[0.0001320877206626414, -3.098584672313091e-05, -3.094157508022235e-05], [-3.098584672313091e-05, 0.00013233404180755846, -3.094623313654997e-05], [-3.094157508022235e-05, -3.094623313654997e-05, 0.00013188887834846455]]}
 #*EXTRAS*# Step:          11  Bead:     28  
{"friction": [[0.00013220192456721958, -3.069554922795803e-05, -3.0652386622206855e-05], [-3.069554922795803e-05, 0.0001324491042187683, -3.065221342677394e-05], [-3.0652386622206855e-05, -3.065221342677394e-05, 0.00013201471944518118]]}
 #*EXTRAS*# Step:          12  Bead:     28  
{"friction": [[0.0001322736775728441, -3.050849591429529e-05, -3.046544844430937e-05], [-3.050849591429529e-05, 0.00013252124771713096, -3.046279145507286e-05], [-3.046544844430937e-05, -3.046279145507286e-05, 0.00013209412517286375]]}
 #*EXTRAS*# Step:          13  Bead:     28  
{"friction": [[0.00013231893878343633, -3.0388591027140075e-05, -3.0345380591906997e-05], [-3.0388591027140075e-05, 0.0001325666944457183, -3.0341380721745423e-05], [-3.0345380591906997e-05, -3.0341380721745423e-05, 0.00013214435236303477]]}
 #*EXTRAS*# Step:          14  Bead:     28  
{"friction": [[0.00013234767297370253, -3.0311684788507026e-05, -3.0268275124770536e-05], [-3.0311684788507026e-05, 0.00013259552156394153, -3.0263513850694503e-05], [-3.0268275124770536e-05, -3.0263513850694503e-05, 0.00013217629573733113]]}
 #*EXTRAS*# Step:          15  Bead:     28  
{"friction": [[0.00013236595500697295, -3.0262432131024292e-05, -3.0218856688966543e-05], [-3.0262432131024292e-05, 0.00013261385256296487, -3.0213648134576503e-05], [-3.0218856688966543e-05, -3.0213648134576503e-05, 0.00013219664266735833]]}
 #*EXTRAS*# Step:          16  Bead:     28  
{"friction": [[0.0001323776121296924, -3.023089572196217e-05, -3.0187198653826767e-05], [-3.023089572196217e-05, 0.0001326255367529502, -3.0181720072367504e-05], [-3.0187198653826767e-05, -3.0181720072367504e-05, 0.0001322096258448926]]}
