 #*EXTRAS*# Step:           0  Bead:     11  
{"friction": [[0.00012947879542120336, -3.5980173125907095e-05, -3.571737595016751e-05], [-3.5980173125907095e-05, 0.00012965675992702663, -3.6011208770852356e-05], [-3.571737595016751e-05, -3.6011208770852356e-05, 0.00012914132189854633]]}
 #*EXTRAS*# Step:           1  Bead:     11  
{"friction": [[0.0001326858520976646, -2.9357956137011075e-05, -2.930642017832087e-05], [-2.9357956137011075e-05, 0.00013293326919544825, -2.92982218670855e-05], [-2.930642017832087e-05, -2.92982218670855e-05, 0.00013255568217263044]]}
 #*EXTRAS*# Step:           2  Bead:     11  
{"friction": [[0.00013460394736649993, -2.1664319528673927e-05, -2.135536679269862e-05], [-2.1664319528673927e-05, 0.00013478299754269792, -2.15388387882594e-05], [-2.135536679269862e-05, -2.15388387882594e-05, 0.00013484355234396088]]}
 #*EXTRAS*# Step:           3  Bead:     11  
{"friction": [[0.00013608892090281343, -1.3254257681215665e-05, -1.2729382792127866e-05], [-1.3254257681215665e-05, 0.00013616430288727917, -1.311928225838203e-05], [-1.2729382792127866e-05, -1.311928225838203e-05, 0.00013667208286877606]]}
 #*EXTRAS*# Step:           4  Bead:     11  
{"friction": [[0.000136815570715924, -9.290088717506661e-06, -8.789851562515098e-06], [-9.290088717506661e-06, 0.00013685568358874173, -9.17346607673873e-06], [-8.789851562515098e-06, -9.17346607673873e-06, 0.00013750871013063886]]}
 #*EXTRAS*# Step:           5  Bead:     11  
{"friction": [[0.0001369402449167474, -8.648098453481923e-06, -8.16149087717138e-06], [-8.648098453481923e-06, 0.00013697596795511483, -8.535787979749678e-06], [-8.16149087717138e-06, -8.535787979749678e-06, 0.00013764750023824023]]}
 #*EXTRAS*# Step:           6  Bead:     11  
{"friction": [[0.000137143934357179, -7.624712044871703e-06, -7.165699493726026e-06], [-7.624712044871703e-06, 0.00013717350408804185, -7.52003549338761e-06], [-7.165699493726026e-06, -7.52003549338761e-06, 0.00013787147956890924]]}
 #*EXTRAS*# Step:           7  Bead:     11  
{"friction": [[0.0001372228770735339, -7.236539828419029e-06, -6.789910648009215e-06], [-7.236539828419029e-06, 0.00013725039248233846, -7.135001626003808e-06], [-6.789910648009215e-06, -7.135001626003808e-06, 0.00013795739945362967]]}
 #*EXTRAS*# Step:           8  Bead:     11  
{"friction": [[0.00013728603983131002, -6.929325648036051e-06, -6.493253382771666e-06], [-6.929325648036051e-06, 0.00013731204088918858, -6.8303654061475505e-06], [-6.493253382771666e-06, -6.8303654061475505e-06, 0.00013802580166693225]]}
 #*EXTRAS*# Step:           9  Bead:     11  
{"friction": [[0.00013732293196765604, -6.751261489442938e-06, -6.321615731965527e-06], [-6.751261489442938e-06, 0.00013734810088538053, -6.653833434196048e-06], [-6.321615731965527e-06, -6.653833434196048e-06, 0.00013806561592438098]]}
 #*EXTRAS*# Step:          10  Bead:     11  
{"friction": [[0.00013734745254562742, -6.633467137415726e-06, -6.208197226582125e-06], [-6.633467137415726e-06, 0.00013737208949853724, -6.537067952831773e-06], [-6.208197226582125e-06, -6.537067952831773e-06, 0.00013809202318423272]]}
 #*EXTRAS*# Step:          11  Bead:     11  
{"friction": [[0.00013736291277983805, -6.559425497954375e-06, -6.136956969676965e-06], [-6.559425497954375e-06, 0.00013738722293706062, -6.463679250480552e-06], [-6.136956969676965e-06, -6.463679250480552e-06, 0.00013810865039260854]]}
 #*EXTRAS*# Step:          12  Bead:     11  
{"friction": [[0.00013737288254547688, -6.511771792876651e-06, -6.091127052678041e-06], [-6.511771792876651e-06, 0.00013739698547790563, -6.416448318977075e-06], [-6.091127052678041e-06, -6.416448318977075e-06, 0.00013811936349391986]]}
 #*EXTRAS*# Step:          13  Bead:     11  
{"friction": [[0.00013737924707643223, -6.481388603373112e-06, -6.061915190669898e-06], [-6.481388603373112e-06, 0.0001374032191567493, -6.386335720161172e-06], [-6.061915190669898e-06, -6.386335720161172e-06, 0.00013812619879793476]]}
 #*EXTRAS*# Step:          14  Bead:     11  
{"friction": [[0.00013738332616336198, -6.461931344663083e-06, -6.043211528026926e-06], [-6.461931344663083e-06, 0.00013740721496693594, -6.367052170714423e-06], [-6.043211528026926e-06, -6.367052170714423e-06, 0.0001381305780707983]]}
 #*EXTRAS*# Step:          15  Bead:     11  
{"friction": [[0.000137385934997236, -6.449493586437809e-06, -6.031256920077626e-06], [-6.449493586437809e-06, 0.00013740977078042645, -6.35472562699983e-06], [-6.031256920077626e-06, -6.35472562699983e-06, 0.00013813337826409965]]}
 #*EXTRAS*# Step:          16  Bead:     11  
{"friction": [[0.00013738760459928323, -6.4415362815611295e-06, -6.023609303523303e-06], [-6.4415362815611295e-06, 0.00013741140654880354, -6.346839544799323e-06], [-6.023609303523303e-06, -6.346839544799323e-06, 0.00013813517007536328]]}
