 #*EXTRAS*# Step:           0  Bead:      9  
     0.00013031          -0.00003464          -0.00003447
    -0.00003464           0.00013051          -0.00003465
    -0.00003447          -0.00003465           0.00012999
 #*EXTRAS*# Step:           1  Bead:      9  
     0.00013325          -0.00002755          -0.00002746
    -0.00002755           0.00013349          -0.00002747
    -0.00002746          -0.00002747           0.00013320
 #*EXTRAS*# Step:           2  Bead:      9  
     0.00013499          -0.00001956          -0.00001918
    -0.00001956           0.00013514          -0.00001943
    -0.00001918          -0.00001943           0.00013533
 #*EXTRAS*# Step:           3  Bead:      9  
     0.00013644          -0.00001132          -0.00001079
    -0.00001132           0.00013649          -0.00001119
    -0.00001079          -0.00001119           0.00013708
 #*EXTRAS*# Step:           4  Bead:      9  
     0.00013711          -0.00000780          -0.00000734
    -0.00000780           0.00013714          -0.00000770
    -0.00000734          -0.00000770           0.00013783
 #*EXTRAS*# Step:           5  Bead:      9  
     0.00013719          -0.00000738          -0.00000693
    -0.00000738           0.00013722          -0.00000727
    -0.00000693          -0.00000727           0.00013793
 #*EXTRAS*# Step:           6  Bead:      9  
     0.00013738          -0.00000650          -0.00000608
    -0.00000650           0.00013740          -0.00000640
    -0.00000608          -0.00000640           0.00013812
 #*EXTRAS*# Step:           7  Bead:      9  
     0.00013744          -0.00000618          -0.00000577
    -0.00000618           0.00013747          -0.00000609
    -0.00000577          -0.00000609           0.00013819
 #*EXTRAS*# Step:           8  Bead:      9  
     0.00013750          -0.00000592          -0.00000553
    -0.00000592           0.00013752          -0.00000583
    -0.00000553          -0.00000583           0.00013825
 #*EXTRAS*# Step:           9  Bead:      9  
     0.00013753          -0.00000577          -0.00000538
    -0.00000577           0.00013755          -0.00000569
    -0.00000538          -0.00000569           0.00013829
 #*EXTRAS*# Step:          10  Bead:      9  
     0.00013755          -0.00000568          -0.00000529
    -0.00000568           0.00013757          -0.00000559
    -0.00000529          -0.00000559           0.00013831
 #*EXTRAS*# Step:          11  Bead:      9  
     0.00013756          -0.00000561          -0.00000523
    -0.00000561           0.00013758          -0.00000553
    -0.00000523          -0.00000553           0.00013832
 #*EXTRAS*# Step:          12  Bead:      9  
     0.00013757          -0.00000557          -0.00000519
    -0.00000557           0.00013759          -0.00000549
    -0.00000519          -0.00000549           0.00013833
 #*EXTRAS*# Step:          13  Bead:      9  
     0.00013758          -0.00000555          -0.00000517
    -0.00000555           0.00013760          -0.00000546
    -0.00000517          -0.00000546           0.00013834
 #*EXTRAS*# Step:          14  Bead:      9  
     0.00013758          -0.00000553          -0.00000515
    -0.00000553           0.00013760          -0.00000545
    -0.00000515          -0.00000545           0.00013834
 #*EXTRAS*# Step:          15  Bead:      9  
     0.00013758          -0.00000552          -0.00000514
    -0.00000552           0.00013760          -0.00000544
    -0.00000514          -0.00000544           0.00013834
 #*EXTRAS*# Step:          16  Bead:      9  
     0.00013758          -0.00000552          -0.00000514
    -0.00000552           0.00013761          -0.00000543
    -0.00000514          -0.00000543           0.00013835
