 #*EXTRAS*# Step:           0  Bead:     22  
     0.00012263          -0.00004310          -0.00004291
    -0.00004310           0.00012270          -0.00004316
    -0.00004291          -0.00004316           0.00012248
 #*EXTRAS*# Step:           1  Bead:     22  
     0.00012438          -0.00004189          -0.00004141
    -0.00004189           0.00012444          -0.00004199
    -0.00004141          -0.00004199           0.00012412
 #*EXTRAS*# Step:           2  Bead:     22  
     0.00012687          -0.00003943          -0.00003891
    -0.00003943           0.00012696          -0.00003951
    -0.00003891          -0.00003951           0.00012653
 #*EXTRAS*# Step:           3  Bead:     22  
     0.00013078          -0.00003379          -0.00003367
    -0.00003379           0.00013100          -0.00003379
    -0.00003367          -0.00003379           0.00013049
 #*EXTRAS*# Step:           4  Bead:     22  
     0.00013335          -0.00002719          -0.00002708
    -0.00002719           0.00013359          -0.00002710
    -0.00002708          -0.00002710           0.00013332
 #*EXTRAS*# Step:           5  Bead:     22  
     0.00013419          -0.00002370          -0.00002347
    -0.00002370           0.00013440          -0.00002359
    -0.00002347          -0.00002359           0.00013433
 #*EXTRAS*# Step:           6  Bead:     22  
     0.00013469          -0.00002121          -0.00002089
    -0.00002121           0.00013486          -0.00002109
    -0.00002089          -0.00002109           0.00013495
 #*EXTRAS*# Step:           7  Bead:     22  
     0.00013491          -0.00002004          -0.00001967
    -0.00002004           0.00013507          -0.00001991
    -0.00001967          -0.00001991           0.00013522
 #*EXTRAS*# Step:           8  Bead:     22  
     0.00013505          -0.00001922          -0.00001882
    -0.00001922           0.00013520          -0.00001908
    -0.00001882          -0.00001908           0.00013541
 #*EXTRAS*# Step:           9  Bead:     22  
     0.00013514          -0.00001871          -0.00001830
    -0.00001871           0.00013528          -0.00001858
    -0.00001830          -0.00001858           0.00013552
 #*EXTRAS*# Step:          10  Bead:     22  
     0.00013520          -0.00001839          -0.00001796
    -0.00001839           0.00013534          -0.00001825
    -0.00001796          -0.00001825           0.00013559
 #*EXTRAS*# Step:          11  Bead:     22  
     0.00013524          -0.00001818          -0.00001775
    -0.00001818           0.00013537          -0.00001804
    -0.00001775          -0.00001804           0.00013563
 #*EXTRAS*# Step:          12  Bead:     22  
     0.00013526          -0.00001804          -0.00001761
    -0.00001804           0.00013539          -0.00001791
    -0.00001761          -0.00001791           0.00013566
 #*EXTRAS*# Step:          13  Bead:     22  
     0.00013528          -0.00001796          -0.00001752
    -0.00001796           0.00013541          -0.00001782
    -0.00001752          -0.00001782           0.00013568
 #*EXTRAS*# Step:          14  Bead:     22  
     0.00013528          -0.00001790          -0.00001746
    -0.00001790           0.00013542          -0.00001777
    -0.00001746          -0.00001777           0.00013569
 #*EXTRAS*# Step:          15  Bead:     22  
     0.00013529          -0.00001787          -0.00001743
    -0.00001787           0.00013542          -0.00001773
    -0.00001743          -0.00001773           0.00013570
 #*EXTRAS*# Step:          16  Bead:     22  
     0.00013529          -0.00001785          -0.00001741
    -0.00001785           0.00013542          -0.00001771
    -0.00001741          -0.00001771           0.00013571
