 #*EXTRAS*# Step:           0  Bead:     61  
     0.00010237          -0.00003327          -0.00003325
    -0.00003327           0.00010231          -0.00003345
    -0.00003325          -0.00003345           0.00010195
 #*EXTRAS*# Step:           1  Bead:     61  
     0.00010025          -0.00002918          -0.00002921
    -0.00002918           0.00010013          -0.00002916
    -0.00002921          -0.00002916           0.00010013
 #*EXTRAS*# Step:           2  Bead:     61  
     0.00009813          -0.00002487          -0.00002466
    -0.00002487           0.00009829          -0.00002457
    -0.00002466          -0.00002457           0.00009881
 #*EXTRAS*# Step:           3  Bead:     61  
     0.00009718          -0.00001993          -0.00001964
    -0.00001993           0.00009753          -0.00001964
    -0.00001964          -0.00001964           0.00009806
 #*EXTRAS*# Step:           4  Bead:     61  
     0.00009726          -0.00001871          -0.00001847
    -0.00001871           0.00009758          -0.00001847
    -0.00001847          -0.00001847           0.00009800
 #*EXTRAS*# Step:           5  Bead:     61  
     0.00009722          -0.00002127          -0.00002095
    -0.00002127           0.00009757          -0.00002093
    -0.00002095          -0.00002093           0.00009818
 #*EXTRAS*# Step:           6  Bead:     61  
     0.00009740          -0.00002250          -0.00002220
    -0.00002250           0.00009771          -0.00002215
    -0.00002220          -0.00002215           0.00009835
 #*EXTRAS*# Step:           7  Bead:     61  
     0.00009763          -0.00002346          -0.00002318
    -0.00002346           0.00009790          -0.00002312
    -0.00002318          -0.00002312           0.00009851
 #*EXTRAS*# Step:           8  Bead:     61  
     0.00009780          -0.00002398          -0.00002373
    -0.00002398           0.00009803          -0.00002365
    -0.00002373          -0.00002365           0.00009861
 #*EXTRAS*# Step:           9  Bead:     61  
     0.00009792          -0.00002433          -0.00002410
    -0.00002433           0.00009813          -0.00002401
    -0.00002410          -0.00002401           0.00009869
 #*EXTRAS*# Step:          10  Bead:     61  
     0.00009800          -0.00002455          -0.00002433
    -0.00002455           0.00009819          -0.00002424
    -0.00002433          -0.00002424           0.00009874
 #*EXTRAS*# Step:          11  Bead:     61  
     0.00009806          -0.00002469          -0.00002447
    -0.00002469           0.00009824          -0.00002439
    -0.00002447          -0.00002439           0.00009877
 #*EXTRAS*# Step:          12  Bead:     61  
     0.00009809          -0.00002478          -0.00002457
    -0.00002478           0.00009826          -0.00002448
    -0.00002457          -0.00002448           0.00009879
 #*EXTRAS*# Step:          13  Bead:     61  
     0.00009812          -0.00002483          -0.00002463
    -0.00002483           0.00009828          -0.00002454
    -0.00002463          -0.00002454           0.00009880
 #*EXTRAS*# Step:          14  Bead:     61  
     0.00009813          -0.00002487          -0.00002467
    -0.00002487           0.00009829          -0.00002458
    -0.00002467          -0.00002458           0.00009881
 #*EXTRAS*# Step:          15  Bead:     61  
     0.00009814          -0.00002489          -0.00002469
    -0.00002489           0.00009830          -0.00002460
    -0.00002469          -0.00002460           0.00009882
 #*EXTRAS*# Step:          16  Bead:     61  
     0.00009815          -0.00002491          -0.00002471
    -0.00002491           0.00009831          -0.00002462
    -0.00002471          -0.00002462           0.00009882
