 #*EXTRAS*# Step:           0  Bead:     50  
     0.00010422          -0.00003604          -0.00003597
    -0.00003604           0.00010422          -0.00003619
    -0.00003597          -0.00003619           0.00010390
 #*EXTRAS*# Step:           1  Bead:     50  
     0.00010184          -0.00003231          -0.00003232
    -0.00003231           0.00010175          -0.00003246
    -0.00003232          -0.00003246           0.00010144
 #*EXTRAS*# Step:           2  Bead:     50  
     0.00009987          -0.00002843          -0.00002844
    -0.00002843           0.00009977          -0.00002836
    -0.00002844          -0.00002836           0.00009986
 #*EXTRAS*# Step:           3  Bead:     50  
     0.00009808          -0.00002474          -0.00002453
    -0.00002474           0.00009825          -0.00002444
    -0.00002453          -0.00002444           0.00009878
 #*EXTRAS*# Step:           4  Bead:     50  
     0.00009804          -0.00002465          -0.00002443
    -0.00002465           0.00009822          -0.00002434
    -0.00002443          -0.00002434           0.00009876
 #*EXTRAS*# Step:           5  Bead:     50  
     0.00009928          -0.00002730          -0.00002725
    -0.00002730           0.00009925          -0.00002715
    -0.00002725          -0.00002715           0.00009949
 #*EXTRAS*# Step:           6  Bead:     50  
     0.00010011          -0.00002891          -0.00002893
    -0.00002891           0.00010000          -0.00002887
    -0.00002893          -0.00002887           0.00010003
 #*EXTRAS*# Step:           7  Bead:     50  
     0.00010070          -0.00003009          -0.00003013
    -0.00003009           0.00010058          -0.00003013
    -0.00003013          -0.00003013           0.00010047
 #*EXTRAS*# Step:           8  Bead:     50  
     0.00010105          -0.00003078          -0.00003081
    -0.00003078           0.00010093          -0.00003086
    -0.00003081          -0.00003086           0.00010074
 #*EXTRAS*# Step:           9  Bead:     50  
     0.00010128          -0.00003123          -0.00003125
    -0.00003123           0.00010116          -0.00003133
    -0.00003125          -0.00003133           0.00010093
 #*EXTRAS*# Step:          10  Bead:     50  
     0.00010142          -0.00003151          -0.00003153
    -0.00003151           0.00010131          -0.00003162
    -0.00003153          -0.00003162           0.00010106
 #*EXTRAS*# Step:          11  Bead:     50  
     0.00010151          -0.00003169          -0.00003170
    -0.00003169           0.00010141          -0.00003181
    -0.00003170          -0.00003181           0.00010114
 #*EXTRAS*# Step:          12  Bead:     50  
     0.00010157          -0.00003180          -0.00003182
    -0.00003180           0.00010147          -0.00003193
    -0.00003182          -0.00003193           0.00010119
 #*EXTRAS*# Step:          13  Bead:     50  
     0.00010161          -0.00003187          -0.00003189
    -0.00003187           0.00010151          -0.00003200
    -0.00003189          -0.00003200           0.00010123
 #*EXTRAS*# Step:          14  Bead:     50  
     0.00010164          -0.00003192          -0.00003193
    -0.00003192           0.00010154          -0.00003205
    -0.00003193          -0.00003205           0.00010125
 #*EXTRAS*# Step:          15  Bead:     50  
     0.00010165          -0.00003195          -0.00003196
    -0.00003195           0.00010155          -0.00003209
    -0.00003196          -0.00003209           0.00010126
 #*EXTRAS*# Step:          16  Bead:     50  
     0.00010166          -0.00003197          -0.00003198
    -0.00003197           0.00010156          -0.00003211
    -0.00003198          -0.00003211           0.00010127
