 #*EXTRAS*# Step:           0  Bead:     39  
{"friction": [[0.00010946055557351727, -4.116585373381819e-05, -4.12253165138265e-05], [-4.116585373381819e-05, 0.00010948261620819361, -4.119736995851763e-05], [-4.12253165138265e-05, -4.119736995851763e-05, 0.0001095333241093075]]}
 #*EXTRAS*# Step:           1  Bead:     39  
{"friction": [[0.00010719340598664404, -3.927304106053979e-05, -3.925065727466137e-05], [-3.927304106053979e-05, 0.0001071888340924219, -3.92846561133398e-05], [-3.925065727466137e-05, -3.92846561133398e-05, 0.00010716428848098425]]}
 #*EXTRAS*# Step:           2  Bead:     39  
{"friction": [[0.00010530918590558142, -3.734542380005795e-05, -3.7281169032834236e-05], [-3.734542380005795e-05, 0.00010530851926660373, -3.744310660569101e-05], [-3.7281169032834236e-05, -3.744310660569101e-05, 0.00010509697252065629]]}
 #*EXTRAS*# Step:           3  Bead:     39  
{"friction": [[0.0001043821854071719, -3.62400394285289e-05, -3.617127184122493e-05], [-3.62400394285289e-05, 0.00010438095010775549, -3.638985100450957e-05], [-3.617127184122493e-05, -3.638985100450957e-05, 0.00010407385820863376]]}
 #*EXTRAS*# Step:           4  Bead:     39  
{"friction": [[0.0001059057217959516, -3.799678369009613e-05, -3.7941640642720854e-05], [-3.799678369009613e-05, 0.0001059029928935373, -3.806124133204723e-05], [-3.7941640642720854e-05, -3.806124133204723e-05, 0.0001057562687940198]]}
 #*EXTRAS*# Step:           5  Bead:     39  
{"friction": [[0.00010881867855981858, -4.067150106141546e-05, -4.0709015889772977e-05], [-4.067150106141546e-05, 0.000108831991094114, -4.068599176958625e-05], [-4.0709015889772977e-05, -4.068599176958625e-05, 0.00010887803552282529]]}
 #*EXTRAS*# Step:           6  Bead:     39  
{"friction": [[0.00011098817269188965, -4.222555879447791e-05, -4.230172887734836e-05], [-4.222555879447791e-05, 0.0001110008089308484, -4.227970638068516e-05], [-4.230172887734836e-05, -4.227970638068516e-05, 0.00011106189594725799]]}
 #*EXTRAS*# Step:           7  Bead:     39  
{"friction": [[0.00011240536802410847, -4.308170275724056e-05, -4.3095902280999684e-05], [-4.308170275724056e-05, 0.00011233518087368257, -4.307583901560464e-05], [-4.3095902280999684e-05, -4.307583901560464e-05, 0.0001124624105681048]]}
 #*EXTRAS*# Step:           8  Bead:     39  
{"friction": [[0.00011328033011213197, -4.355069718115289e-05, -4.348579396742203e-05], [-4.355069718115289e-05, 0.00011311868387872016, -4.3456355773087645e-05], [-4.348579396742203e-05, -4.3456355773087645e-05, 0.00011332687521725808]]}
 #*EXTRAS*# Step:           9  Bead:     39  
{"friction": [[0.00011383398482276485, -4.38149944633401e-05, -4.3693917991270466e-05], [-4.38149944633401e-05, 0.00011360867658996934, -4.365490307081331e-05], [-4.3693917991270466e-05, -4.365490307081331e-05, 0.00011387427103918016]]}
 #*EXTRAS*# Step:          10  Bead:     39  
{"friction": [[0.00011419052764438923, -4.396923319718068e-05, -4.381250083623759e-05], [-4.396923319718068e-05, 0.00011392493274756484, -4.376614156051633e-05], [-4.381250083623759e-05, -4.376614156051633e-05, 0.00011422693167507453]]}
 #*EXTRAS*# Step:          11  Bead:     39  
{"friction": [[0.00011441967797054733, -4.406113279609225e-05, -4.3882435379757424e-05], [-4.406113279609225e-05, 0.00011412923469623969, -4.3830947567750155e-05], [-4.3882435379757424e-05, -4.3830947567750155e-05, 0.00011445364597360604]]}
 #*EXTRAS*# Step:          12  Bead:     39  
{"friction": [[0.00011456708747766047, -4.4117104768345696e-05, -4.392485638537705e-05], [-4.4117104768345696e-05, 0.00011426128023081793, -4.3869920545709195e-05], [-4.392485638537705e-05, -4.3869920545709195e-05, 0.00011459951223104197]]}
 #*EXTRAS*# Step:          13  Bead:     39  
{"friction": [[0.00011466168778433507, -4.415168797387245e-05, -4.3951029423535894e-05], [-4.415168797387245e-05, 0.00011434632497052779, -4.389382452846589e-05], [-4.3951029423535894e-05, -4.389382452846589e-05, 0.0001146931318177965]]}
 #*EXTRAS*# Step:          14  Bead:     39  
{"friction": [[0.0001147223548302546, -4.417330597662555e-05, -4.3967383991809684e-05], [-4.417330597662555e-05, 0.00011440100170718687, -4.390870213136895e-05], [-4.3967383991809684e-05, -4.390870213136895e-05, 0.00011475317386337059]]}
 #*EXTRAS*# Step:          15  Bead:     39  
{"friction": [[0.00011476121959946372, -4.4186922344446486e-05, -4.3977685036565616e-05], [-4.4186922344446486e-05, 0.00011443608870623986, -4.391804838090831e-05], [-4.3977685036565616e-05, -4.391804838090831e-05, 0.00011479163984688846]]}
 #*EXTRAS*# Step:          16  Bead:     39  
{"friction": [[0.00011478610531529539, -4.4195545026180146e-05, -4.398420888846979e-05], [-4.4195545026180146e-05, 0.00011445858081007543, -4.392395741939098e-05], [-4.398420888846979e-05, -4.392395741939098e-05, 0.0001148162708692408]]}
