 #*EXTRAS*# Step:           0  Bead:     21  
     0.00012329          -0.00004270          -0.00004239
    -0.00004270           0.00012336          -0.00004279
    -0.00004239          -0.00004279           0.00012310
 #*EXTRAS*# Step:           1  Bead:     21  
     0.00012536          -0.00004101          -0.00004046
    -0.00004101           0.00012542          -0.00004111
    -0.00004046          -0.00004111           0.00012505
 #*EXTRAS*# Step:           2  Bead:     21  
     0.00012821          -0.00003778          -0.00003738
    -0.00003778           0.00012834          -0.00003784
    -0.00003738          -0.00003784           0.00012786
 #*EXTRAS*# Step:           3  Bead:     21  
     0.00013192          -0.00003139          -0.00003134
    -0.00003139           0.00013217          -0.00003135
    -0.00003134          -0.00003135           0.00013171
 #*EXTRAS*# Step:           4  Bead:     21  
     0.00013395          -0.00002479          -0.00002461
    -0.00002479           0.00013417          -0.00002469
    -0.00002461          -0.00002469           0.00013404
 #*EXTRAS*# Step:           5  Bead:     21  
     0.00013461          -0.00002165          -0.00002134
    -0.00002165           0.00013479          -0.00002153
    -0.00002134          -0.00002153           0.00013485
 #*EXTRAS*# Step:           6  Bead:     21  
     0.00013503          -0.00001933          -0.00001893
    -0.00001933           0.00013518          -0.00001920
    -0.00001893          -0.00001920           0.00013538
 #*EXTRAS*# Step:           7  Bead:     21  
     0.00013522          -0.00001825          -0.00001782
    -0.00001825           0.00013536          -0.00001812
    -0.00001782          -0.00001812           0.00013562
 #*EXTRAS*# Step:           8  Bead:     21  
     0.00013536          -0.00001749          -0.00001704
    -0.00001749           0.00013548          -0.00001735
    -0.00001704          -0.00001735           0.00013578
 #*EXTRAS*# Step:           9  Bead:     21  
     0.00013544          -0.00001703          -0.00001656
    -0.00001703           0.00013556          -0.00001689
    -0.00001656          -0.00001689           0.00013588
 #*EXTRAS*# Step:          10  Bead:     21  
     0.00013549          -0.00001673          -0.00001625
    -0.00001673           0.00013560          -0.00001659
    -0.00001625          -0.00001659           0.00013595
 #*EXTRAS*# Step:          11  Bead:     21  
     0.00013552          -0.00001653          -0.00001606
    -0.00001653           0.00013563          -0.00001639
    -0.00001606          -0.00001639           0.00013599
 #*EXTRAS*# Step:          12  Bead:     21  
     0.00013554          -0.00001641          -0.00001593
    -0.00001641           0.00013565          -0.00001627
    -0.00001593          -0.00001627           0.00013601
 #*EXTRAS*# Step:          13  Bead:     21  
     0.00013556          -0.00001633          -0.00001585
    -0.00001633           0.00013567          -0.00001619
    -0.00001585          -0.00001619           0.00013603
 #*EXTRAS*# Step:          14  Bead:     21  
     0.00013556          -0.00001628          -0.00001580
    -0.00001628           0.00013567          -0.00001614
    -0.00001580          -0.00001614           0.00013604
 #*EXTRAS*# Step:          15  Bead:     21  
     0.00013557          -0.00001625          -0.00001577
    -0.00001625           0.00013568          -0.00001611
    -0.00001577          -0.00001611           0.00013605
 #*EXTRAS*# Step:          16  Bead:     21  
     0.00013557          -0.00001623          -0.00001575
    -0.00001623           0.00013568          -0.00001609
    -0.00001575          -0.00001609           0.00013605
