 #*EXTRAS*# Step:           0  Bead:     34  
     0.00011291          -0.00004336          -0.00004333
    -0.00004336           0.00011279          -0.00004331
    -0.00004333          -0.00004331           0.00011296
 #*EXTRAS*# Step:           1  Bead:     34  
     0.00011152          -0.00004256          -0.00004262
    -0.00004256           0.00011151          -0.00004260
    -0.00004262          -0.00004260           0.00011159
 #*EXTRAS*# Step:           2  Bead:     34  
     0.00011057          -0.00004195          -0.00004203
    -0.00004195           0.00011060          -0.00004201
    -0.00004203          -0.00004201           0.00011065
 #*EXTRAS*# Step:           3  Bead:     34  
     0.00011091          -0.00004217          -0.00004225
    -0.00004217           0.00011092          -0.00004223
    -0.00004225          -0.00004223           0.00011098
 #*EXTRAS*# Step:           4  Bead:     34  
     0.00011376          -0.00004378          -0.00004367
    -0.00004378           0.00011354          -0.00004363
    -0.00004367          -0.00004363           0.00011380
 #*EXTRAS*# Step:           5  Bead:     34  
     0.00011748          -0.00004463          -0.00004437
    -0.00004463           0.00011708          -0.00004424
    -0.00004437          -0.00004424           0.00011748
 #*EXTRAS*# Step:           6  Bead:     34  
     0.00012013          -0.00004414          -0.00004411
    -0.00004414           0.00012002          -0.00004399
    -0.00004411          -0.00004399           0.00012009
 #*EXTRAS*# Step:           7  Bead:     34  
     0.00012151          -0.00004364          -0.00004360
    -0.00004364           0.00012154          -0.00004363
    -0.00004360          -0.00004363           0.00012143
 #*EXTRAS*# Step:           8  Bead:     34  
     0.00012229          -0.00004328          -0.00004315
    -0.00004328           0.00012235          -0.00004333
    -0.00004315          -0.00004333           0.00012216
 #*EXTRAS*# Step:           9  Bead:     34  
     0.00012276          -0.00004302          -0.00004282
    -0.00004302           0.00012283          -0.00004310
    -0.00004282          -0.00004310           0.00012260
 #*EXTRAS*# Step:          10  Bead:     34  
     0.00012306          -0.00004284          -0.00004258
    -0.00004284           0.00012313          -0.00004293
    -0.00004258          -0.00004293           0.00012288
 #*EXTRAS*# Step:          11  Bead:     34  
     0.00012325          -0.00004272          -0.00004243
    -0.00004272           0.00012332          -0.00004281
    -0.00004243          -0.00004281           0.00012306
 #*EXTRAS*# Step:          12  Bead:     34  
     0.00012337          -0.00004264          -0.00004232
    -0.00004264           0.00012344          -0.00004273
    -0.00004232          -0.00004273           0.00012317
 #*EXTRAS*# Step:          13  Bead:     34  
     0.00012345          -0.00004259          -0.00004226
    -0.00004259           0.00012352          -0.00004268
    -0.00004226          -0.00004268           0.00012325
 #*EXTRAS*# Step:          14  Bead:     34  
     0.00012350          -0.00004255          -0.00004221
    -0.00004255           0.00012357          -0.00004265
    -0.00004221          -0.00004265           0.00012329
 #*EXTRAS*# Step:          15  Bead:     34  
     0.00012353          -0.00004253          -0.00004218
    -0.00004253           0.00012360          -0.00004263
    -0.00004218          -0.00004263           0.00012332
 #*EXTRAS*# Step:          16  Bead:     34  
     0.00012355          -0.00004252          -0.00004217
    -0.00004252           0.00012362          -0.00004261
    -0.00004217          -0.00004261           0.00012334
