 #*EXTRAS*# Step:           0  Bead:     17  
     0.00012594          -0.00004043          -0.00003988
    -0.00004043           0.00012601          -0.00004052
    -0.00003988          -0.00004052           0.00012562
 #*EXTRAS*# Step:           1  Bead:     17  
     0.00012923          -0.00003635          -0.00003606
    -0.00003635           0.00012940          -0.00003639
    -0.00003606          -0.00003639           0.00012889
 #*EXTRAS*# Step:           2  Bead:     17  
     0.00013225          -0.00003057          -0.00003053
    -0.00003057           0.00013250          -0.00003052
    -0.00003053          -0.00003052           0.00013207
 #*EXTRAS*# Step:           3  Bead:     17  
     0.00013444          -0.00002249          -0.00002221
    -0.00002249           0.00013463          -0.00002237
    -0.00002221          -0.00002237           0.00013464
 #*EXTRAS*# Step:           4  Bead:     17  
     0.00013549          -0.00001673          -0.00001626
    -0.00001673           0.00013560          -0.00001659
    -0.00001626          -0.00001659           0.00013594
 #*EXTRAS*# Step:           5  Bead:     17  
     0.00013580          -0.00001489          -0.00001438
    -0.00001489           0.00013590          -0.00001475
    -0.00001438          -0.00001475           0.00013633
 #*EXTRAS*# Step:           6  Bead:     17  
     0.00013610          -0.00001320          -0.00001267
    -0.00001320           0.00013617          -0.00001306
    -0.00001267          -0.00001306           0.00013668
 #*EXTRAS*# Step:           7  Bead:     17  
     0.00013623          -0.00001247          -0.00001194
    -0.00001247           0.00013630          -0.00001233
    -0.00001194          -0.00001233           0.00013684
 #*EXTRAS*# Step:           8  Bead:     17  
     0.00013632          -0.00001193          -0.00001140
    -0.00001193           0.00013639          -0.00001180
    -0.00001140          -0.00001180           0.00013695
 #*EXTRAS*# Step:           9  Bead:     17  
     0.00013638          -0.00001161          -0.00001108
    -0.00001161           0.00013644          -0.00001148
    -0.00001108          -0.00001148           0.00013702
 #*EXTRAS*# Step:          10  Bead:     17  
     0.00013642          -0.00001140          -0.00001087
    -0.00001140           0.00013648          -0.00001127
    -0.00001087          -0.00001127           0.00013706
 #*EXTRAS*# Step:          11  Bead:     17  
     0.00013645          -0.00001126          -0.00001074
    -0.00001126           0.00013650          -0.00001114
    -0.00001074          -0.00001114           0.00013709
 #*EXTRAS*# Step:          12  Bead:     17  
     0.00013646          -0.00001118          -0.00001065
    -0.00001118           0.00013652          -0.00001105
    -0.00001065          -0.00001105           0.00013711
 #*EXTRAS*# Step:          13  Bead:     17  
     0.00013647          -0.00001112          -0.00001060
    -0.00001112           0.00013653          -0.00001100
    -0.00001060          -0.00001100           0.00013712
 #*EXTRAS*# Step:          14  Bead:     17  
     0.00013648          -0.00001109          -0.00001057
    -0.00001109           0.00013653          -0.00001096
    -0.00001057          -0.00001096           0.00013713
 #*EXTRAS*# Step:          15  Bead:     17  
     0.00013648          -0.00001107          -0.00001054
    -0.00001107           0.00013654          -0.00001094
    -0.00001054          -0.00001094           0.00013713
 #*EXTRAS*# Step:          16  Bead:     17  
     0.00013648          -0.00001105          -0.00001053
    -0.00001105           0.00013654          -0.00001093
    -0.00001053          -0.00001093           0.00013713
