 #*EXTRAS*# Step:           0  Bead:     27  
{"friction": [[0.00011875913034376447, -4.4483228394450665e-05, -4.434026563858943e-05], [-4.4483228394450665e-05, 0.00011848148125785116, -4.418642315217651e-05], [-4.434026563858943e-05, -4.418642315217651e-05, 0.0001187506872749722]]}
 #*EXTRAS*# Step:           1  Bead:     27  
{"friction": [[0.0001193275220035658, -4.436202299442392e-05, -4.4273362244287376e-05], [-4.436202299442392e-05, 0.00011911761394086419, -4.41240760750693e-05], [-4.4273362244287376e-05, -4.41240760750693e-05, 0.0001193102997694]]}
 #*EXTRAS*# Step:           2  Bead:     27  
{"friction": [[0.00012042263519450914, -4.4045691087736736e-05, -4.4032942263030244e-05], [-4.4045691087736736e-05, 0.00012034597742111694, -4.3932201964317e-05], [-4.4032942263030244e-05, -4.3932201964317e-05, 0.00012038001933624408]]}
 #*EXTRAS*# Step:           3  Bead:     27  
{"friction": [[0.00012287166322537234, -4.2958020423255444e-05, -4.273101607003128e-05], [-4.2958020423255444e-05, 0.00012294034332972038, -4.3035737746281895e-05], [-4.273101607003128e-05, -4.3035737746281895e-05, 0.00012270506554498572]]}
 #*EXTRAS*# Step:           4  Bead:     27  
{"friction": [[0.0001266702653750837, -3.9649329739638723e-05, -3.912049138286094e-05], [-3.9649329739638723e-05, 0.00012675770652759537, -3.973249430986833e-05], [-3.912049138286094e-05, -3.973249430986833e-05, 0.00012632959313286818]]}
 #*EXTRAS*# Step:           5  Bead:     27  
{"friction": [[0.0001297540192518111, -3.5550819920972944e-05, -3.531909652361076e-05], [-3.5550819920972944e-05, 0.00012994139187567997, -3.5575475367560756e-05], [-3.531909652361076e-05, -3.5575475367560756e-05, 0.0001294232526113186]]}
 #*EXTRAS*# Step:           6  Bead:     27  
{"friction": [[0.00013145084672000625, -3.245582648126374e-05, -3.2386052648890345e-05], [-3.245582648126374e-05, 0.00013168755615978095, -3.2435860364011944e-05], [-3.2386052648890345e-05, -3.2435860364011944e-05, 0.00013119832637238836]]}
 #*EXTRAS*# Step:           7  Bead:     27  
{"friction": [[0.00013214802975001623, -3.0833661117443215e-05, -3.079011525676546e-05], [-3.0833661117443215e-05, 0.00013239483996974153, -3.079208927121242e-05], [-3.079011525676546e-05, -3.079208927121242e-05, 0.00013195525079814788]]}
 #*EXTRAS*# Step:           8  Bead:     27  
{"friction": [[0.00013255191159500539, -2.9746771378047567e-05, -2.9699752160237765e-05], [-2.9746771378047567e-05, 0.00013279984535930747, -2.969167173267517e-05], [-2.9699752160237765e-05, -2.969167173267517e-05, 0.0001324046456583253]]}
 #*EXTRAS*# Step:           9  Bead:     27  
{"friction": [[0.0001327812832165919, -2.9071500556477113e-05, -2.9015674147429855e-05], [-2.9071500556477113e-05, 0.00013302804100731147, -2.900842397367403e-05], [-2.9015674147429855e-05, -2.900842397367403e-05, 0.0001326639401069571]]}
 #*EXTRAS*# Step:          10  Bead:     27  
{"friction": [[0.0001329229349671334, -2.863105948971545e-05, -2.85671793538337e-05], [-2.863105948971545e-05, 0.0001331682479542353, -2.856296639104107e-05], [-2.85671793538337e-05, -2.856296639104107e-05, 0.00013282565528619647]]}
 #*EXTRAS*# Step:          11  Bead:     27  
{"friction": [[0.00013301036686760452, -2.834969391147519e-05, -2.827981918301931e-05], [-2.834969391147519e-05, 0.00013325449988645698, -2.827847540403538e-05], [-2.827981918301931e-05, -2.827847540403538e-05, 0.00013292609816023526]]}
 #*EXTRAS*# Step:          12  Bead:     27  
{"friction": [[0.00013306546620426234, -2.8168501687399698e-05, -2.8094442390994245e-05], [-2.8168501687399698e-05, 0.00013330873914765558, -2.809530376269825e-05], [-2.8094442390994245e-05, -2.809530376269825e-05, 0.0001329896482101425]]}
 #*EXTRAS*# Step:          13  Bead:     27  
{"friction": [[0.00013310028417274334, -2.8052421655014122e-05, -2.7975554780925855e-05], [-2.8052421655014122e-05, 0.00013334296634619333, -2.797796945882417e-05], [-2.7975554780925855e-05, -2.797796945882417e-05, 0.0001330299076810414]]}
 #*EXTRAS*# Step:          14  Bead:     27  
{"friction": [[0.0001331224157106281, -2.7977990557434884e-05, -2.7899273101919326e-05], [-2.7977990557434884e-05, 0.00013336470312359713, -2.7902739835777912e-05], [-2.7899273101919326e-05, -2.7902739835777912e-05, 0.00013305553914640892]]}
 #*EXTRAS*# Step:          15  Bead:     27  
{"friction": [[0.0001331365075002417, -2.793033385755404e-05, -2.7850411303995947e-05], [-2.793033385755404e-05, 0.00013337853570907, -2.785457421237243e-05], [-2.7850411303995947e-05, -2.785457421237243e-05, 0.00013307187616588096]]}
 #*EXTRAS*# Step:          16  Bead:     27  
{"friction": [[0.00013314549733315804, -2.789982329085089e-05, -2.7819121048130398e-05], [-2.789982329085089e-05, 0.0001333873569787371, -2.7823738792861484e-05], [-2.7819121048130398e-05, -2.7823738792861484e-05, 0.00013308230515647184]]}
