 #*EXTRAS*# Step:           0  Bead:     11  
     0.00012948          -0.00003598          -0.00003572
    -0.00003598           0.00012966          -0.00003601
    -0.00003572          -0.00003601           0.00012914
 #*EXTRAS*# Step:           1  Bead:     11  
     0.00013269          -0.00002936          -0.00002931
    -0.00002936           0.00013293          -0.00002930
    -0.00002931          -0.00002930           0.00013256
 #*EXTRAS*# Step:           2  Bead:     11  
     0.00013460          -0.00002166          -0.00002136
    -0.00002166           0.00013478          -0.00002154
    -0.00002136          -0.00002154           0.00013484
 #*EXTRAS*# Step:           3  Bead:     11  
     0.00013609          -0.00001325          -0.00001273
    -0.00001325           0.00013616          -0.00001312
    -0.00001273          -0.00001312           0.00013667
 #*EXTRAS*# Step:           4  Bead:     11  
     0.00013682          -0.00000929          -0.00000879
    -0.00000929           0.00013686          -0.00000917
    -0.00000879          -0.00000917           0.00013751
 #*EXTRAS*# Step:           5  Bead:     11  
     0.00013694          -0.00000865          -0.00000816
    -0.00000865           0.00013698          -0.00000854
    -0.00000816          -0.00000854           0.00013765
 #*EXTRAS*# Step:           6  Bead:     11  
     0.00013714          -0.00000762          -0.00000717
    -0.00000762           0.00013717          -0.00000752
    -0.00000717          -0.00000752           0.00013787
 #*EXTRAS*# Step:           7  Bead:     11  
     0.00013722          -0.00000724          -0.00000679
    -0.00000724           0.00013725          -0.00000714
    -0.00000679          -0.00000714           0.00013796
 #*EXTRAS*# Step:           8  Bead:     11  
     0.00013729          -0.00000693          -0.00000649
    -0.00000693           0.00013731          -0.00000683
    -0.00000649          -0.00000683           0.00013803
 #*EXTRAS*# Step:           9  Bead:     11  
     0.00013732          -0.00000675          -0.00000632
    -0.00000675           0.00013735          -0.00000665
    -0.00000632          -0.00000665           0.00013807
 #*EXTRAS*# Step:          10  Bead:     11  
     0.00013735          -0.00000663          -0.00000621
    -0.00000663           0.00013737          -0.00000654
    -0.00000621          -0.00000654           0.00013809
 #*EXTRAS*# Step:          11  Bead:     11  
     0.00013736          -0.00000656          -0.00000614
    -0.00000656           0.00013739          -0.00000646
    -0.00000614          -0.00000646           0.00013811
 #*EXTRAS*# Step:          12  Bead:     11  
     0.00013737          -0.00000651          -0.00000609
    -0.00000651           0.00013740          -0.00000642
    -0.00000609          -0.00000642           0.00013812
 #*EXTRAS*# Step:          13  Bead:     11  
     0.00013738          -0.00000648          -0.00000606
    -0.00000648           0.00013740          -0.00000639
    -0.00000606          -0.00000639           0.00013813
 #*EXTRAS*# Step:          14  Bead:     11  
     0.00013738          -0.00000646          -0.00000604
    -0.00000646           0.00013741          -0.00000637
    -0.00000604          -0.00000637           0.00013813
 #*EXTRAS*# Step:          15  Bead:     11  
     0.00013739          -0.00000645          -0.00000603
    -0.00000645           0.00013741          -0.00000635
    -0.00000603          -0.00000635           0.00013813
 #*EXTRAS*# Step:          16  Bead:     11  
     0.00013739          -0.00000644          -0.00000602
    -0.00000644           0.00013741          -0.00000635
    -0.00000602          -0.00000635           0.00013814
