# Dynamical matrix (atomic units)
0.000159451608312 1.0354864518e-14 0.000150265809853 -1.78477845908e-15 5.33384837734e-05 -2.05366467584e-15 -1.15095097792e-14 -7.08120455001e-15 6.82759800335e-15
1.0354864518e-14 0.00010757474981 1.77323643056e-14 3.55405187823e-05 6.76563804981e-15 2.99915958671e-05 0.000100193743637 6.14893169999e-05 -5.9284294865e-05
0.000150265809853 1.77323643056e-14 0.000141609237602 9.13793620694e-16 5.02657392881e-05 2.95868410422e-16 -3.40863447148e-15 -2.23045654531e-15 2.1530031158e-15
-1.78477845908e-15 3.55405187823e-05 9.13793620694e-16 1.55759784979e-05 4.91509239685e-16 9.10799543345e-06 3.20203248741e-05 3.17181355261e-05 -3.08009195799e-05
5.33384837734e-05 6.76563804981e-15 5.02657392881e-05 4.91509239685e-16 1.78423709425e-05 2.34044939933e-16 -7.74153079527e-16 -4.88323605042e-16 4.71054466841e-16
-2.05366467584e-15 2.99915958671e-05 2.95868410422e-16 9.10799543345e-06 2.34044939933e-16 8.5287704847e-06 2.81596548979e-05 1.47618978108e-05 -1.41865505145e-05
-1.15095097792e-14 0.000100193743637 -3.40863447148e-15 3.20203248741e-05 -7.74153079527e-16 2.81596548979e-05 9.36243061749e-05 5.40533392244e-05 -5.20528324313e-05
-7.08120455001e-15 6.14893169999e-05 -2.23045654531e-15 3.17181355261e-05 -4.88323605042e-16 1.47618978108e-05 5.40533392244e-05 6.90624585833e-05 -6.72408096452e-05
6.82759800335e-15 -5.9284294865e-05 2.1530031158e-15 -3.08009195799e-05 4.71054466841e-16 -1.41865505145e-05 -5.20528324313e-05 -6.72408096452e-05 6.54736243581e-05
