# HEssian matrix in atomic units
6.66514784E-01  2.94760006E-05  1.74043331E-10  -3.33179454E-01  -2.55267358E-01  9.72187251E-05  -3.33153053E-01  2.55294830E-01  -9.72177330E-05
2.947600059E-05  4.30037356E-01  -6.25435171E-05  -1.98086747E-01  -2.14934733E-01  -2.40892050E-04  1.98045088E-01  -2.14897897E-01  -2.40891645E-04
1.740433306E-10  -6.25435171E-05  9.36597576E-06  2.65347417E-06  3.12716919E-05  -4.71974962E-06  -2.65364822E-06  3.12718252E-05  -4.71974970E-06
-3.33179454E-01  -1.98086747E-01  2.65347417E-06  3.60188854E-01  2.26638971E-01  -3.91321909E-05  -2.71010255E-02  -2.85948528E-02  5.80948804E-05
-2.55267358E-01  -2.14934733E-01  3.12716919E-05  2.26638971E-01  2.05178855E-01  8.32289686E-05  2.85646916E-02  9.63172475E-03  1.57662499E-04
9.721872510E-05  -2.40892050E-04  -4.71974962E-06  -3.91321909E-05  8.32289686E-05  1.60424883E-06  -5.80865342E-05  1.57663081E-04  3.15226567E-06
-3.33153052E-01  1.98045088E-01  -2.65364822E-06  -2.71010255E-02  2.85646916E-02  -5.80865342E-05  3.60163426E-01  -2.26624099E-01  3.91228526E-05
2.55294829E-01  -2.14897897E-01  3.12718252E-05  -2.85948528E-02  9.63172475E-03  1.57663081E-04  -2.26624099E-01  2.05185601E-01  8.32291459E-05
-9.721773303E-05  -2.40891645E-04  -4.71974970E-06  5.80948804E-05  1.57662499E-04  3.15226567E-06  3.91228526E-05  8.32291459E-05  1.60424272E-06
