 #*EXTRAS*# Step:           0  Bead:     13  
{"friction": [[0.00010310461147450481, -3.446489117457354e-05, -3.44165270104119e-05], [-3.446489117457354e-05, 0.00010307920642357731, -3.4657347226921115e-05], [-3.44165270104119e-05, -3.4657347226921115e-05, 0.00010269639584043074]]}
 #*EXTRAS*# Step:           1  Bead:     13  
{"friction": [[0.00010379317762040019, -3.546506429569328e-05, -3.54010714373525e-05], [-3.546506429569328e-05, 0.00010378578521589729, -3.564178326908264e-05], [-3.54010714373525e-05, -3.564178326908264e-05, 0.00010343109470027845]]}
 #*EXTRAS*# Step:           2  Bead:     13  
{"friction": [[0.00010382683546350151, -3.551114865072701e-05, -3.544669172365276e-05], [-3.551114865072701e-05, 0.00010381998079165979, -3.568658180368192e-05], [-3.544669172365276e-05, -3.568658180368192e-05, 0.00010346755110348192]]}
 #*EXTRAS*# Step:           3  Bead:     13  
{"friction": [[0.00010382520936415705, -3.550892758432382e-05, -3.544449250292804e-05], [-3.550892758432382e-05, 0.0001038183293145309, -3.5684423716109555e-05], [-3.544449250292804e-05, -3.5684423716109555e-05, 0.0001034657888826882]]}
