 #*EXTRAS*# Step:           0  Bead:      7  
{"friction": [[0.00011665083949596382, -4.4607528816683966e-05, -4.431825914901668e-05], [-4.4607528816683966e-05, 0.0001162267076263409, -4.4207173972077276e-05], [-4.431825914901668e-05, -4.4207173972077276e-05, 0.00011666327977368902]]}
 #*EXTRAS*# Step:           1  Bead:      7  
{"friction": [[0.00011765715504790232, -4.46199139017368e-05, -4.437744402313602e-05], [-4.46199139017368e-05, 0.00011727374701921973, -4.4239063405498226e-05], [-4.437744402313602e-05, -4.4239063405498226e-05, 0.00011766079945326452]]}
 #*EXTRAS*# Step:           2  Bead:      7  
{"friction": [[0.00011765707061276232, -4.4619918819381765e-05, -4.43774426152651e-05], [-4.4619918819381765e-05, 0.00011727365647092287, -4.4239063996128744e-05], [-4.43774426152651e-05, -4.4239063996128744e-05, 0.0001176607157907547]]}
 #*EXTRAS*# Step:           3  Bead:      7  
{"friction": [[0.0001176537563883208, -4.4620111117280195e-05, -4.4377386865271886e-05], [-4.4620111117280195e-05, 0.0001172701025942119, -4.423908675760213e-05], [-4.4377386865271886e-05, -4.423908675760213e-05, 0.00011765743188217148]]}
