 #*EXTRAS*# Step:           0  Bead:      0  
{"friction": [[0.00013193989684352265, -3.134869831308944e-05, -3.130135232364516e-05], [-3.134869831308944e-05, 0.00013218469188182357, -3.131381385930119e-05], [-3.130135232364516e-05, -3.131381385930119e-05, 0.00013172694812111298]]}
 #*EXTRAS*# Step:           1  Bead:      0  
{"friction": [[0.00013241049292501075, -3.014138508434695e-05, -3.009727779414303e-05], [-3.014138508434695e-05, 0.00013265847632881606, -3.009110158821114e-05], [-3.009727779414303e-05, -3.009110158821114e-05, 0.00013224628677061011]]}
 #*EXTRAS*# Step:           2  Bead:      0  
{"friction": [[0.0001323728844522918, -3.0243698063094377e-05, -3.020005181941969e-05], [-3.0243698063094377e-05, 0.0001326207984892998, -3.0194681323071223e-05], [-3.020005181941969e-05, -3.0194681323071223e-05, 0.00013220435948451466]]}
 #*EXTRAS*# Step:           3  Bead:      0  
{"friction": [[0.0001323723536194066, -3.024513447791457e-05, -3.0201493813233374e-05], [-3.024513447791457e-05, 0.00013262026643441214, -3.0196135574590085e-05], [-3.0201493813233374e-05, -3.0196135574590085e-05, 0.0001322037682428345]]}
