 #*EXTRAS*# Step:           0  Bead:     10  
{"friction": [[0.00010769201875396802, -3.972555413098312e-05, -3.9719950576865164e-05], [-3.972555413098312e-05, 0.00010769006591528216, -3.9728539753675745e-05], [-3.9719950576865164e-05, -3.9728539753675745e-05, 0.00010769920684122335]]}
 #*EXTRAS*# Step:           1  Bead:     10  
{"friction": [[0.00010873690700669689, -4.0606269396953805e-05, -4.0640685927403815e-05], [-4.0606269396953805e-05, 0.0001087489278758463, -4.0618852558316136e-05], [-4.0640685927403815e-05, -4.0618852558316136e-05, 0.0001087937999443303]]}
 #*EXTRAS*# Step:           2  Bead:     10  
{"friction": [[0.00010876758944238498, -4.0630806696776885e-05, -4.066639091255203e-05], [-4.0630806696776885e-05, 0.00010878009654283601, -4.0644093725262454e-05], [-4.066639091255203e-05, -4.0644093725262454e-05, 0.00010882542862972189]]}
 #*EXTRAS*# Step:           3  Bead:     10  
{"friction": [[0.00010876513371408232, -4.0628845507335164e-05, -4.066433648239336e-05], [-4.0628845507335164e-05, 0.00010877760195671858, -4.0642075657745885e-05], [-4.066433648239336e-05, -4.0642075657745885e-05, 0.00010882289813159212]]}
