 #*EXTRAS*# Step:           0  Bead:      1  
{"friction": [[0.00013154835182754853, -3.2245612347009654e-05, -3.218171211344349e-05], [-3.2245612347009654e-05, 0.00013178701661774967, -3.222276035226155e-05], [-3.218171211344349e-05, -3.222276035226155e-05, 0.00013130290733224788]]}
 #*EXTRAS*# Step:           1  Bead:      1  
{"friction": [[0.00013196653667926246, -3.128434745737252e-05, -3.1237689188435446e-05], [-3.128434745737252e-05, 0.00013221164032712512, -3.1248618231329475e-05], [-3.1237689188435446e-05, -3.1248618231329475e-05, 0.00013175605235207647]]}
 #*EXTRAS*# Step:           2  Bead:      1  
{"friction": [[0.00013192690141785403, -3.137992775646232e-05, -3.1332225269561344e-05], [-3.137992775646232e-05, 0.00013217154065750227, -3.134545419891963e-05], [-3.1332225269561344e-05, -3.134545419891963e-05, 0.00013171276271381206]]}
 #*EXTRAS*# Step:           3  Bead:      1  
{"friction": [[0.00013192617456524053, -3.138167134170412e-05, -3.133394850999344e-05], [-3.138167134170412e-05, 0.00013217080498963396, -3.134722074290985e-05], [-3.133394850999344e-05, -3.134722074290985e-05, 0.00013171196953902834]]}
