 #*EXTRAS*# Step:           0  Bead:      8  
{"friction": [[0.00011321589094004546, -4.351814646398022e-05, -4.345964836559014e-05], [-4.351814646398022e-05, 0.00011306154132995574, -4.343115956369095e-05], [-4.345964836559014e-05, -4.343115956369095e-05, 0.00011326318332248197]]}
 #*EXTRAS*# Step:           1  Bead:      8  
{"friction": [[0.00011427340352367481, -4.400314389839773e-05, -4.383835702708663e-05], [-4.400314389839773e-05, 0.00011399870247804618, -4.3790177173609096e-05], [-4.383835702708663e-05, -4.3790177173609096e-05, 0.00011430892127181576]]}
 #*EXTRAS*# Step:           2  Bead:      8  
{"friction": [[0.00011428612220636616, -4.400828110279431e-05, -4.3842268479836776e-05], [-4.400828110279431e-05, 0.0001140100348907737, -4.379380571514355e-05], [-4.3842268479836776e-05, -4.379380571514355e-05, 0.0001143215044690975]]}
 #*EXTRAS*# Step:           3  Bead:      8  
{"friction": [[0.00011428303825712806, -4.40070371113712e-05, -4.3841321435874e-05], [-4.40070371113712e-05, 0.00011400728678894107, -4.37929273542915e-05], [-4.3841321435874e-05, -4.37929273542915e-05, 0.00011431845335864552]]}
