 #*EXTRAS*# Step:           0  Bead:      3  
     0.00012868          -0.00003715          -0.00003680
    -0.00003715           0.00012883          -0.00003720
    -0.00003680          -0.00003720           0.00012833
 #*EXTRAS*# Step:           1  Bead:      3  
     0.00012916          -0.00003645          -0.00003616
    -0.00003645           0.00012933          -0.00003649
    -0.00003616          -0.00003649           0.00012882
 #*EXTRAS*# Step:           2  Bead:      3  
     0.00012912          -0.00003652          -0.00003622
    -0.00003652           0.00012928          -0.00003656
    -0.00003622          -0.00003656           0.00012877
 #*EXTRAS*# Step:           3  Bead:      3  
     0.00012912          -0.00003652          -0.00003622
    -0.00003652           0.00012928          -0.00003656
    -0.00003622          -0.00003656           0.00012877
