 #*EXTRAS*# Step:           0  Bead:      2  
{"friction": [[0.0001305169912654799, -3.426881693488592e-05, -3.4119381770048507e-05], [-3.426881693488592e-05, 0.0001307291042872236, -3.427459924542595e-05], [-3.4119381770048507e-05, -3.427459924542595e-05, 0.00013021252399325722]]}
 #*EXTRAS*# Step:           1  Bead:      2  
{"friction": [[0.00013094800444368891, -3.347208021256161e-05, -3.3363682543472525e-05], [-3.347208021256161e-05, 0.0001311725627001041, -3.3466375413923914e-05], [-3.3363682543472525e-05, -3.3466375413923914e-05, 0.00013066432379213962]]}
 #*EXTRAS*# Step:           2  Bead:      2  
{"friction": [[0.00013090444819934417, -3.355541023963473e-05, -3.344313737024578e-05], [-3.355541023963473e-05, 0.00013112782007524884, -3.355089551199853e-05], [-3.344313737024578e-05, -3.355089551199853e-05, 0.00013061844076678366]]}
 #*EXTRAS*# Step:           3  Bead:      2  
{"friction": [[0.00013090327966982303, -3.355763652894214e-05, -3.344525873597896e-05], [-3.355763652894214e-05, 0.0001311266194699744, -3.355315363498642e-05], [-3.344525873597896e-05, -3.355315363498642e-05, 0.00013061721055669854]]}
