 #*EXTRAS*# Step:           0  Bead:      1  
     0.00013155          -0.00003225          -0.00003218
    -0.00003225           0.00013179          -0.00003222
    -0.00003218          -0.00003222           0.00013130
 #*EXTRAS*# Step:           1  Bead:      1  
     0.00013197          -0.00003128          -0.00003124
    -0.00003128           0.00013221          -0.00003125
    -0.00003124          -0.00003125           0.00013176
 #*EXTRAS*# Step:           2  Bead:      1  
     0.00013193          -0.00003138          -0.00003133
    -0.00003138           0.00013217          -0.00003135
    -0.00003133          -0.00003135           0.00013171
 #*EXTRAS*# Step:           3  Bead:      1  
     0.00013193          -0.00003138          -0.00003133
    -0.00003138           0.00013217          -0.00003135
    -0.00003133          -0.00003135           0.00013171
