 #*EXTRAS*# Step:           0  Bead:     14  
{"friction": [[0.0001025334360101724, -3.35409127376559e-05, -3.351447758652769e-05], [-3.35409127376559e-05, 0.00010248196407672836, -3.372632209749448e-05], [-3.351447758652769e-05, -3.372632209749448e-05, 0.00010210975134216749]]}
 #*EXTRAS*# Step:           1  Bead:     14  
{"friction": [[0.00010309218543363696, -3.4445728979633114e-05, -3.439776387630997e-05], [-3.4445728979633114e-05, 0.00010306631247558792, -3.463824075438718e-05], [-3.439776387630997e-05, -3.463824075438718e-05, 0.00010268337884146531]]}
 #*EXTRAS*# Step:           2  Bead:     14  
{"friction": [[0.00010312352386576237, -3.449397587494829e-05, -3.4445012177632566e-05], [-3.449397587494829e-05, 0.00010309882109006887, -3.468632973255586e-05], [-3.4445012177632566e-05, -3.468632973255586e-05, 0.00010271622696250368]]}
 #*EXTRAS*# Step:           3  Bead:     14  
{"friction": [[0.00010312208559256927, -3.449176740016379e-05, -3.444284896247926e-05], [-3.449176740016379e-05, 0.00010309732983078113, -3.468412976566287e-05], [-3.444284896247926e-05, -3.468412976566287e-05, 0.00010271471800731003]]}
