 #*EXTRAS*# Step:           0  Bead:     11  
{"friction": [[0.00010562036954718544, -3.769046910141249e-05, -3.763042875179934e-05], [-3.769046910141249e-05, 0.00010561870141779494, -3.7770470863789636e-05], [-3.763042875179934e-05, -3.7770470863789636e-05, 0.0001054411173289977]]}
 #*EXTRAS*# Step:           1  Bead:     11  
{"friction": [[0.00010659901857314309, -3.870425743209769e-05, -3.8664729746876114e-05], [-3.870425743209769e-05, 0.00010659423894840385, -3.8735804384514815e-05], [-3.8664729746876114e-05, -3.8735804384514815e-05, 0.00010651814035426669]]}
 #*EXTRAS*# Step:           2  Bead:     11  
{"friction": [[0.00010663424047059139, -3.873889540262935e-05, -3.87002915473587e-05], [-3.873889540262935e-05, 0.00010662940683763141, -3.8769015499020965e-05], [-3.87002915473587e-05, -3.8769015499020965e-05, 0.00010655664181312053]]}
 #*EXTRAS*# Step:           3  Bead:     11  
{"friction": [[0.0001066320477384514, -3.873674255270047e-05, -3.8698080834126625e-05], [-3.873674255270047e-05, 0.00010662721726753652, -3.8766950665293334e-05], [-3.8698080834126625e-05, -3.8766950665293334e-05, 0.00010655424560561226]]}
