 #*EXTRAS*# Step:           0  Bead:     15  
     0.00010230          -0.00003314          -0.00003313
    -0.00003314           0.00010224          -0.00003332
    -0.00003313          -0.00003332           0.00010188
 #*EXTRAS*# Step:           1  Bead:     15  
     0.00010276          -0.00003392          -0.00003389
    -0.00003392           0.00010272          -0.00003412
    -0.00003389          -0.00003412           0.00010234
 #*EXTRAS*# Step:           2  Bead:     15  
     0.00010279          -0.00003397          -0.00003394
    -0.00003397           0.00010276          -0.00003416
    -0.00003394          -0.00003416           0.00010237
 #*EXTRAS*# Step:           3  Bead:     15  
     0.00010279          -0.00003397          -0.00003393
    -0.00003397           0.00010275          -0.00003416
    -0.00003393          -0.00003416           0.00010237
