 #*EXTRAS*# Step:           0  Bead:      4  
     0.00012608          -0.00004029          -0.00003974
    -0.00004029           0.00012615          -0.00004038
    -0.00003974          -0.00004038           0.00012575
 #*EXTRAS*# Step:           1  Bead:      4  
     0.00012663          -0.00003970          -0.00003917
    -0.00003970           0.00012671          -0.00003978
    -0.00003917          -0.00003978           0.00012629
 #*EXTRAS*# Step:           2  Bead:      4  
     0.00012659          -0.00003974          -0.00003921
    -0.00003974           0.00012668          -0.00003982
    -0.00003921          -0.00003982           0.00012625
 #*EXTRAS*# Step:           3  Bead:      4  
     0.00012659          -0.00003974          -0.00003921
    -0.00003974           0.00012667          -0.00003983
    -0.00003921          -0.00003983           0.00012625
