 #*EXTRAS*# Step:           0  Bead:      6  
{"friction": [[0.00012028748904337296, -4.4090190695074945e-05, -4.407165498061319e-05], [-4.4090190695074945e-05, 0.00012019515217934021, -4.396133059277882e-05], [-4.407165498061319e-05, -4.396133059277882e-05, 0.00012024878352738596]]}
 #*EXTRAS*# Step:           1  Bead:      6  
{"friction": [[0.00012105973524236423, -4.381667770746481e-05, -4.380956687073731e-05], [-4.381667770746481e-05, 0.00012104923789500364, -4.377185326774247e-05], [-4.380956687073731e-05, -4.377185326774247e-05, 0.00012099478770101877]]}
 #*EXTRAS*# Step:           2  Bead:      6  
{"friction": [[0.00012104730372598911, -4.3821441567513924e-05, -4.38146297635182e-05], [-4.3821441567513924e-05, 0.0001210356774853799, -4.3775368252327964e-05], [-4.38146297635182e-05, -4.3775368252327964e-05, 0.00012098286165606746]]}
 #*EXTRAS*# Step:           3  Bead:      6  
{"friction": [[0.00012104451178443285, -4.3822509881205753e-05, -4.381576266322912e-05], [-4.3822509881205753e-05, 0.00012103263092868946, -4.37761554370922e-05], [-4.381576266322912e-05, -4.37761554370922e-05, 0.00012098018281360565]]}
