 #*EXTRAS*# Step:           0  Bead:     11  
     0.00010562          -0.00003769          -0.00003763
    -0.00003769           0.00010562          -0.00003777
    -0.00003763          -0.00003777           0.00010544
 #*EXTRAS*# Step:           1  Bead:     11  
     0.00010660          -0.00003870          -0.00003866
    -0.00003870           0.00010659          -0.00003874
    -0.00003866          -0.00003874           0.00010652
 #*EXTRAS*# Step:           2  Bead:     11  
     0.00010663          -0.00003874          -0.00003870
    -0.00003874           0.00010663          -0.00003877
    -0.00003870          -0.00003877           0.00010656
 #*EXTRAS*# Step:           3  Bead:     11  
     0.00010663          -0.00003874          -0.00003870
    -0.00003874           0.00010663          -0.00003877
    -0.00003870          -0.00003877           0.00010655
