 #*EXTRAS*# Step:           0  Bead:      4  
{"friction": [[0.000126076844382827, -4.029075427069417e-05, -3.973794837135237e-05], [-4.029075427069417e-05, 0.000126150633634249, -4.038143906978131e-05], [-3.973794837135237e-05, -4.038143906978131e-05, 0.00012574927445048358]]}
 #*EXTRAS*# Step:           1  Bead:      4  
{"friction": [[0.00012662713675010322, -3.969736472933639e-05, -3.91661900500724e-05], [-3.969736472933639e-05, 0.00012671347809779037, -3.978112464531575e-05], [-3.91661900500724e-05, -3.978112464531575e-05, 0.0001262872538841391]]}
 #*EXTRAS*# Step:           2  Bead:      4  
{"friction": [[0.00012659017450728093, -3.973835386854741e-05, -3.920524497404498e-05], [-3.973835386854741e-05, 0.00012667558551988773, -3.982261818977218e-05], [-3.920524497404498e-05, -3.982261818977218e-05, 0.00012625098816427898]]}
 #*EXTRAS*# Step:           3  Bead:      4  
{"friction": [[0.00012658784052356454, -3.974093662473778e-05, -3.920770773140275e-05], [-3.974093662473778e-05, 0.00012667319317443055, -3.9825232615144797e-05], [-3.920770773140275e-05, -3.9825232615144797e-05, 0.00012624869878371224]]}
