 #*EXTRAS*# Step:           0  Bead:     14  
     0.00010253          -0.00003354          -0.00003351
    -0.00003354           0.00010248          -0.00003373
    -0.00003351          -0.00003373           0.00010211
 #*EXTRAS*# Step:           1  Bead:     14  
     0.00010309          -0.00003445          -0.00003440
    -0.00003445           0.00010307          -0.00003464
    -0.00003440          -0.00003464           0.00010268
 #*EXTRAS*# Step:           2  Bead:     14  
     0.00010312          -0.00003449          -0.00003445
    -0.00003449           0.00010310          -0.00003469
    -0.00003445          -0.00003469           0.00010272
 #*EXTRAS*# Step:           3  Bead:     14  
     0.00010312          -0.00003449          -0.00003444
    -0.00003449           0.00010310          -0.00003468
    -0.00003444          -0.00003468           0.00010271
