 #*EXTRAS*# Step:           0  Bead:      3  
{"friction": [[0.0001286764741586319, -3.714973769009648e-05, -3.679697296268993e-05], [-3.714973769009648e-05, 0.0001288266109833087, -3.7198122442431674e-05], [-3.679697296268993e-05, -3.7198122442431674e-05, 0.00012832661431276367]]}
 #*EXTRAS*# Step:           1  Bead:      3  
{"friction": [[0.00012916313081760334, -3.6454096780161434e-05, -3.6155546656339866e-05], [-3.6454096780161434e-05, 0.0001293301646357157, -3.649217979347395e-05], [-3.6155546656339866e-05, -3.649217979347395e-05, 0.00012881956476362225]]}
 #*EXTRAS*# Step:           2  Bead:      3  
{"friction": [[0.00012911886117451568, -3.651907593755638e-05, -3.621553020732557e-05], [-3.651907593755638e-05, 0.00012928435621188122, -3.65581243279753e-05], [-3.621553020732557e-05, -3.65581243279753e-05, 0.0001287745708447942]]}
 #*EXTRAS*# Step:           3  Bead:      3  
{"friction": [[0.0001291170621567432, -3.6521709076363386e-05, -3.621796051228171e-05], [-3.6521709076363386e-05, 0.0001292824946485849, -3.656079657817937e-05], [-3.621796051228171e-05, -3.656079657817937e-05, 0.0001287727430540458]]}
