 #*EXTRAS*# Step:           0  Bead:     13  
     0.00010310          -0.00003446          -0.00003442
    -0.00003446           0.00010308          -0.00003466
    -0.00003442          -0.00003466           0.00010270
 #*EXTRAS*# Step:           1  Bead:     13  
     0.00010379          -0.00003547          -0.00003540
    -0.00003547           0.00010379          -0.00003564
    -0.00003540          -0.00003564           0.00010343
 #*EXTRAS*# Step:           2  Bead:     13  
     0.00010383          -0.00003551          -0.00003545
    -0.00003551           0.00010382          -0.00003569
    -0.00003545          -0.00003569           0.00010347
 #*EXTRAS*# Step:           3  Bead:     13  
     0.00010383          -0.00003551          -0.00003544
    -0.00003551           0.00010382          -0.00003568
    -0.00003544          -0.00003568           0.00010347
