 #*EXTRAS*# Step:           0  Bead:     15  
{"friction": [[0.00010230241023370649, -3.314250126533514e-05, -3.3126410324985165e-05], [-3.314250126533514e-05, 0.00010223847872837513, -3.331935139787916e-05], [-3.3126410324985165e-05, -3.331935139787916e-05, 0.00010188032678501224]]}
 #*EXTRAS*# Step:           1  Bead:     15  
{"friction": [[0.00010276392794825833, -3.392437257841892e-05, -3.388830127282243e-05], [-3.392437257841892e-05, 0.00010272398228244049, -3.411501912503905e-05], [-3.388830127282243e-05, -3.411501912503905e-05, 0.00010234342483199773]]}
 #*EXTRAS*# Step:           2  Bead:     15  
{"friction": [[0.00010279406233929465, -3.397345062563802e-05, -3.393618848508074e-05], [-3.397345062563802e-05, 0.0001027555345506456, -3.4164540048979556e-05], [-3.393618848508074e-05, -3.4164540048979556e-05, 0.00010237429898943283]]}
 #*EXTRAS*# Step:           3  Bead:     15  
{"friction": [[0.00010279270751910095, -3.397124938221481e-05, -3.3934040394869786e-05], [-3.397124938221481e-05, 0.00010275411647805539, -3.41623200863447e-05], [-3.3934040394869786e-05, -3.41623200863447e-05, 0.00010237290937688125]]}
