 #*EXTRAS*# Step:           0  Bead:     12  
     0.00010410          -0.00003588          -0.00003581
    -0.00003588           0.00010410          -0.00003604
    -0.00003581          -0.00003604           0.00010377
 #*EXTRAS*# Step:           1  Bead:     12  
     0.00010494          -0.00003692          -0.00003686
    -0.00003692           0.00010494          -0.00003704
    -0.00003686          -0.00003704           0.00010469
 #*EXTRAS*# Step:           2  Bead:     12  
     0.00010498          -0.00003697          -0.00003690
    -0.00003697           0.00010498          -0.00003708
    -0.00003690          -0.00003708           0.00010473
 #*EXTRAS*# Step:           3  Bead:     12  
     0.00010498          -0.00003696          -0.00003690
    -0.00003696           0.00010498          -0.00003708
    -0.00003690          -0.00003708           0.00010473
