 #*EXTRAS*# Step:           0  Bead:      7  
     0.00011665          -0.00004461          -0.00004432
    -0.00004461           0.00011623          -0.00004421
    -0.00004432          -0.00004421           0.00011666
 #*EXTRAS*# Step:           1  Bead:      7  
     0.00011766          -0.00004462          -0.00004438
    -0.00004462           0.00011727          -0.00004424
    -0.00004438          -0.00004424           0.00011766
 #*EXTRAS*# Step:           2  Bead:      7  
     0.00011766          -0.00004462          -0.00004438
    -0.00004462           0.00011727          -0.00004424
    -0.00004438          -0.00004424           0.00011766
 #*EXTRAS*# Step:           3  Bead:      7  
     0.00011765          -0.00004462          -0.00004438
    -0.00004462           0.00011727          -0.00004424
    -0.00004438          -0.00004424           0.00011766
